Time (seconds), Duration (seconds),pred_unlabeled,pred_sirens
0.00000,1.01194,0.88436,0.11564
0.12000,1.01194,0.56267,0.43733
0.24000,1.01194,0.62438,0.37562
0.36000,1.01194,0.36270,0.63730
0.48000,1.01194,0.56329,0.43671
0.60000,1.01194,0.59283,0.40717
0.72000,1.01194,0.57022,0.42978
0.84000,1.01194,0.38426,0.61574
0.96000,1.01194,0.60029,0.39971
1.08000,1.01194,0.56302,0.43698
1.20000,1.01194,0.69859,0.30141
1.32000,1.01194,0.57988,0.42012
1.44000,1.01194,0.50912,0.49088
1.56000,1.01194,0.59057,0.40943
1.68000,1.01194,0.51327,0.48673
1.80000,1.01194,0.39659,0.60341
1.92000,1.01194,0.32993,0.67007
2.04000,1.01194,0.33728,0.66272
2.16000,1.01194,0.28008,0.71992
2.28000,1.01194,0.25656,0.74344
2.40000,1.01194,0.29302,0.70698
2.52000,1.01194,0.18673,0.81327
2.64000,1.01194,0.28003,0.71997
2.76000,1.01194,0.13929,0.86071
2.88000,1.01194,0.18490,0.81510
3.00000,1.01194,0.12614,0.87386
3.12000,1.01194,0.21481,0.78519
3.24000,1.01194,0.12226,0.87774
3.36000,1.01194,0.18576,0.81424
3.48000,1.01194,0.08011,0.91989
3.60000,1.01194,0.11608,0.88392
3.72000,1.01194,0.09097,0.90903
3.84000,1.01194,0.14620,0.85380
3.96000,1.01194,0.20200,0.79800
4.08000,1.01194,0.17369,0.82631
4.20000,1.01194,0.19159,0.80841
4.32000,1.01194,0.22498,0.77502
4.44000,1.01194,0.14413,0.85587
4.56000,1.01194,0.05052,0.94948
4.68000,1.01194,0.05732,0.94268
4.80000,1.01194,0.04203,0.95797
4.92000,1.01194,0.05395,0.94605
5.04000,1.01194,0.01942,0.98058
5.16000,1.01194,0.07756,0.92244
5.28000,1.01194,0.02708,0.97292
5.40000,1.01194,0.04500,0.95500
5.52000,1.01194,0.03796,0.96204
5.64000,1.01194,0.03675,0.96325
5.76000,1.01194,0.04524,0.95476
5.88000,1.01194,0.02576,0.97424
6.00000,1.01194,0.06288,0.93712
6.12000,1.01194,0.02986,0.97014
6.24000,1.01194,0.02565,0.97435
6.36000,1.01194,0.04054,0.95946
6.48000,1.01194,0.04696,0.95304
6.60000,1.01194,0.05582,0.94418
6.72000,1.01194,0.03695,0.96305
6.84000,1.01194,0.03991,0.96009
6.96000,1.01194,0.06976,0.93024
7.08000,1.01194,0.04330,0.95670
7.20000,1.01194,0.04964,0.95036
7.32000,1.01194,0.04398,0.95602
7.44000,1.01194,0.05239,0.94761
7.56000,1.01194,0.06988,0.93012
7.68000,1.01194,0.06008,0.93992
7.80000,1.01194,0.06669,0.93331
7.92000,1.01194,0.05127,0.94873
8.04000,1.01194,0.05805,0.94195
8.16000,1.01194,0.06760,0.93240
8.28000,1.01194,0.06338,0.93662
8.40000,1.01194,0.06114,0.93886
8.52000,1.01194,0.11107,0.88893
8.64000,1.01194,0.05803,0.94197
8.76000,1.01194,0.09825,0.90175
8.88000,1.01194,0.07243,0.92757
9.00000,1.01194,0.07015,0.92985
9.12000,1.01194,0.07576,0.92424
9.24000,1.01194,0.06615,0.93385
9.36000,1.01194,0.06128,0.93872
9.48000,1.01194,0.07494,0.92506
9.60000,1.01194,0.11083,0.88917
9.72000,1.01194,0.15807,0.84193
9.84000,1.01194,0.14551,0.85449
9.96000,1.01194,0.19394,0.80606
10.08000,1.01194,0.16772,0.83228
10.20000,1.01194,0.08178,0.91822
10.32000,1.01194,0.09639,0.90361
10.44000,1.01194,0.09576,0.90424
10.56000,1.01194,0.17434,0.82566
10.68000,1.01194,0.07104,0.92896
10.80000,1.01194,0.12543,0.87457
10.92000,1.01194,0.07683,0.92317
11.04000,1.01194,0.09669,0.90331
11.16000,1.01194,0.10513,0.89487
11.28000,1.01194,0.06796,0.93204
11.40000,1.01194,0.06397,0.93603
11.52000,1.01194,0.06321,0.93679
11.64000,1.01194,0.06002,0.93998
11.76000,1.01194,0.05728,0.94272
11.88000,1.01194,0.05360,0.94640
12.00000,1.01194,0.05914,0.94086
12.12000,1.01194,0.04473,0.95527
12.24000,1.01194,0.03742,0.96258
12.36000,1.01194,0.03230,0.96770
12.48000,1.01194,0.06026,0.93974
12.60000,1.01194,0.04361,0.95639
12.72000,1.01194,0.04829,0.95171
12.84000,1.01194,0.04874,0.95126
12.96000,1.01194,0.07754,0.92246
13.08000,1.01194,0.04709,0.95291
13.20000,1.01194,0.04572,0.95428
13.32000,1.01194,0.04405,0.95595
13.44000,1.01194,0.04068,0.95932
13.56000,1.01194,0.04639,0.95361
13.68000,1.01194,0.05298,0.94702
13.80000,1.01194,0.03382,0.96618
13.92000,1.01194,0.06158,0.93842
14.04000,1.01194,0.04023,0.95977
14.16000,1.01194,0.06856,0.93144
14.28000,1.01194,0.06526,0.93474
14.40000,1.01194,0.06225,0.93775
14.52000,1.01194,0.04585,0.95415
14.64000,1.01194,0.05936,0.94064
14.76000,1.01194,0.05039,0.94961
14.88000,1.01194,0.04270,0.95730
15.00000,1.01194,0.04690,0.95310
15.12000,1.01194,0.04488,0.95512
15.24000,1.01194,0.03858,0.96142
15.36000,1.01194,0.06191,0.93809
15.48000,1.01194,0.05318,0.94682
15.60000,1.01194,0.04373,0.95627
15.72000,1.01194,0.03893,0.96108
15.84000,1.01194,0.09211,0.90789
15.96000,1.01194,0.06965,0.93035
16.08000,1.01194,0.05042,0.94958
16.20000,1.01194,0.07719,0.92281
16.32000,1.01194,0.06836,0.93164
16.44000,1.01194,0.05871,0.94129
16.56000,1.01194,0.05821,0.94179
16.68000,1.01194,0.04572,0.95428
16.80000,1.01194,0.04968,0.95032
16.92000,1.01194,0.04547,0.95453
17.04000,1.01194,0.06409,0.93591
17.16000,1.01194,0.05594,0.94406
17.28000,1.01194,0.05568,0.94432
17.40000,1.01194,0.06934,0.93066
17.52000,1.01194,0.07645,0.92355
17.64000,1.01194,0.06033,0.93967
17.76000,1.01194,0.07947,0.92053
17.88000,1.01194,0.08178,0.91822
18.00000,1.01194,0.05369,0.94631
18.12000,1.01194,0.04192,0.95808
18.24000,1.01194,0.04837,0.95163
18.36000,1.01194,0.04238,0.95762
18.48000,1.01194,0.02962,0.97038
18.60000,1.01194,0.03752,0.96248
18.72000,1.01194,0.02298,0.97702
18.84000,1.01194,0.02228,0.97772
18.96000,1.01194,0.04385,0.95615
19.08000,1.01194,0.04164,0.95836
19.20000,1.01194,0.03070,0.96930
19.32000,1.01194,0.03049,0.96951
19.44000,1.01194,0.02607,0.97393
19.56000,1.01194,0.03844,0.96156
19.68000,1.01194,0.04742,0.95258
19.80000,1.01194,0.03232,0.96768
19.92000,1.01194,0.06645,0.93355
20.04000,1.01194,0.03829,0.96171
20.16000,1.01194,0.09576,0.90424
20.28000,1.01194,0.04629,0.95371
20.40000,1.01194,0.06101,0.93899
20.52000,1.01194,0.03951,0.96049
20.64000,1.01194,0.10985,0.89015
20.76000,1.01194,0.04167,0.95833
20.88000,1.01194,0.02879,0.97121
21.00000,1.01194,0.05923,0.94077
21.12000,1.01194,0.01304,0.98696
21.24000,1.01194,0.01699,0.98301
21.36000,1.01194,0.02682,0.97318
21.48000,1.01194,0.02805,0.97195
21.60000,1.01194,0.01872,0.98128
21.72000,1.01194,0.00952,0.99048
21.84000,1.01194,0.01344,0.98656
21.96000,1.01194,0.01561,0.98439
22.08000,1.01194,0.02904,0.97096
22.20000,1.01194,0.02196,0.97804
22.32000,1.01194,0.02767,0.97233
22.44000,1.01194,0.02815,0.97185
22.56000,1.01194,0.01345,0.98655
22.68000,1.01194,0.01904,0.98096
22.80000,1.01194,0.01328,0.98672
22.92000,1.01194,0.01982,0.98018
23.04000,1.01194,0.01473,0.98527
23.16000,1.01194,0.01151,0.98849
23.28000,1.01194,0.01393,0.98607
23.40000,1.01194,0.01418,0.98582
23.52000,1.01194,0.01838,0.98162
23.64000,1.01194,0.01310,0.98690
23.76000,1.01194,0.01599,0.98401
23.88000,1.01194,0.01707,0.98293
24.00000,1.01194,0.01830,0.98170
24.12000,1.01194,0.02917,0.97083
24.24000,1.01194,0.02604,0.97396
24.36000,1.01194,0.01445,0.98555
24.48000,1.01194,0.02276,0.97724
24.60000,1.01194,0.01293,0.98707
24.72000,1.01194,0.01593,0.98407
24.84000,1.01194,0.01496,0.98504
24.96000,1.01194,0.02616,0.97384
25.08000,1.01194,0.04711,0.95289
25.20000,1.01194,0.03282,0.96718
25.32000,1.01194,0.03503,0.96497
25.44000,1.01194,0.02810,0.97190
25.56000,1.01194,0.02196,0.97804
25.68000,1.01194,0.02746,0.97254
25.80000,1.01194,0.01688,0.98312
25.92000,1.01194,0.02103,0.97897
26.04000,1.01194,0.01334,0.98666
26.16000,1.01194,0.02169,0.97831
26.28000,1.01194,0.01990,0.98010
26.40000,1.01194,0.01745,0.98255
26.52000,1.01194,0.03094,0.96906
26.64000,1.01194,0.02832,0.97168
26.76000,1.01194,0.03521,0.96479
26.88000,1.01194,0.03229,0.96771
27.00000,1.01194,0.04395,0.95605
27.12000,1.01194,0.03053,0.96947
27.24000,1.01194,0.04047,0.95953
27.36000,1.01194,0.02829,0.97171
27.48000,1.01194,0.02754,0.97246
27.60000,1.01194,0.02503,0.97497
27.72000,1.01194,0.03860,0.96140
27.84000,1.01194,0.03894,0.96106
27.96000,1.01194,0.02804,0.97196
28.08000,1.01194,0.03393,0.96607
28.20000,1.01194,0.02322,0.97678
28.32000,1.01194,0.03623,0.96377
28.44000,1.01194,0.02411,0.97589
28.56000,1.01194,0.02761,0.97239
28.68000,1.01194,0.02086,0.97914
28.80000,1.01194,0.03566,0.96434
28.92000,1.01194,0.02628,0.97372
29.04000,1.01194,0.03222,0.96778
29.16000,1.01194,0.01746,0.98254
29.28000,1.01194,0.04625,0.95375
29.40000,1.01194,0.02219,0.97781
29.52000,1.01194,0.03463,0.96537
29.64000,1.01194,0.01955,0.98045
29.76000,1.01194,0.03327,0.96673
29.88000,1.01194,0.03183,0.96817
30.00000,1.01194,0.02717,0.97283
30.12000,1.01194,0.01667,0.98333
30.24000,1.01194,0.02439,0.97561
30.36000,1.01194,0.01500,0.98500
30.48000,1.01194,0.01734,0.98266
30.60000,1.01194,0.01087,0.98913
30.72000,1.01194,0.01846,0.98154
30.84000,1.01194,0.01221,0.98779
30.96000,1.01194,0.02266,0.97734
31.08000,1.01194,0.01572,0.98428
31.20000,1.01194,0.02868,0.97132
31.32000,1.01194,0.03260,0.96740
31.44000,1.01194,0.03596,0.96404
31.56000,1.01194,0.02543,0.97457
31.68000,1.01194,0.03080,0.96920
31.80000,1.01194,0.02406,0.97594
31.92000,1.01194,0.02866,0.97134
32.04000,1.01194,0.02459,0.97541
32.16000,1.01194,0.02042,0.97958
32.28000,1.01194,0.01888,0.98112
32.40000,1.01194,0.01883,0.98117
32.52000,1.01194,0.01633,0.98367
32.64000,1.01194,0.01663,0.98337
32.76000,1.01194,0.02043,0.97957
32.88000,1.01194,0.02192,0.97808
33.00000,1.01194,0.01683,0.98317
33.12000,1.01194,0.02220,0.97780
33.24000,1.01194,0.02567,0.97433
33.36000,1.01194,0.02153,0.97847
33.48000,1.01194,0.02590,0.97410
33.60000,1.01194,0.02690,0.97310
33.72000,1.01194,0.01789,0.98211
33.84000,1.01194,0.02210,0.97790
33.96000,1.01194,0.04313,0.95687
34.08000,1.01194,0.02469,0.97531
34.20000,1.01194,0.04263,0.95737
34.32000,1.01194,0.02565,0.97435
34.44000,1.01194,0.02203,0.97797
34.56000,1.01194,0.02285,0.97715
34.68000,1.01194,0.02198,0.97802
34.80000,1.01194,0.02879,0.97121
34.92000,1.01194,0.02429,0.97571
35.04000,1.01194,0.02786,0.97214
35.16000,1.01194,0.01318,0.98682
35.28000,1.01194,0.03539,0.96461
35.40000,1.01194,0.02693,0.97307
35.52000,1.01194,0.02130,0.97870
35.64000,1.01194,0.01786,0.98214
35.76000,1.01194,0.01812,0.98188
35.88000,1.01194,0.02598,0.97402
36.00000,1.01194,0.02636,0.97364
36.12000,1.01194,0.02693,0.97307
36.24000,1.01194,0.02085,0.97915
36.36000,1.01194,0.02397,0.97603
36.48000,1.01194,0.02922,0.97078
36.60000,1.01194,0.02242,0.97758
36.72000,1.01194,0.02847,0.97153
36.84000,1.01194,0.03019,0.96981
36.96000,1.01194,0.02905,0.97095
37.08000,1.01194,0.02275,0.97725
37.20000,1.01194,0.03222,0.96778
37.32000,1.01194,0.02923,0.97077
37.44000,1.01194,0.03389,0.96611
37.56000,1.01194,0.04581,0.95419
37.68000,1.01194,0.04448,0.95552
37.80000,1.01194,0.04256,0.95744
37.92000,1.01194,0.05485,0.94515
38.04000,1.01194,0.03434,0.96566
38.16000,1.01194,0.03477,0.96523
38.28000,1.01194,0.01993,0.98007
38.40000,1.01194,0.03837,0.96163
38.52000,1.01194,0.02300,0.97700
38.64000,1.01194,0.04325,0.95675
38.76000,1.01194,0.03141,0.96859
38.88000,1.01194,0.03673,0.96327
39.00000,1.01194,0.02821,0.97179
39.12000,1.01194,0.02912,0.97088
39.24000,1.01194,0.02390,0.97610
39.36000,1.01194,0.03798,0.96202
39.48000,1.01194,0.02640,0.97360
39.60000,1.01194,0.02460,0.97540
39.72000,1.01194,0.02040,0.97960
39.84000,1.01194,0.02283,0.97717
39.96000,1.01194,0.02242,0.97758
40.08000,1.01194,0.02263,0.97737
40.20000,1.01194,0.03069,0.96931
40.32000,1.01194,0.02234,0.97766
40.44000,1.01194,0.02298,0.97702
40.56000,1.01194,0.03162,0.96838
40.68000,1.01194,0.02724,0.97276
40.80000,1.01194,0.02777,0.97223
40.92000,1.01194,0.02263,0.97737
41.04000,1.01194,0.01907,0.98093
41.16000,1.01194,0.01789,0.98211
41.28000,1.01194,0.03448,0.96552
41.40000,1.01194,0.02401,0.97599
41.52000,1.01194,0.04101,0.95899
41.64000,1.01194,0.01828,0.98172
41.76000,1.01194,0.03017,0.96983
41.88000,1.01194,0.02448,0.97552
42.00000,1.01194,0.01940,0.98060
42.12000,1.01194,0.03106,0.96894
42.24000,1.01194,0.01343,0.98657
42.36000,1.01194,0.01213,0.98787
42.48000,1.01194,0.01077,0.98923
42.60000,1.01194,0.01465,0.98535
42.72000,1.01194,0.01349,0.98651
42.84000,1.01194,0.02448,0.97552
42.96000,1.01194,0.01209,0.98791
43.08000,1.01194,0.01989,0.98011
43.20000,1.01194,0.02083,0.97917
43.32000,1.01194,0.01652,0.98348
43.44000,1.01194,0.01751,0.98249
43.56000,1.01194,0.02480,0.97520
43.68000,1.01194,0.02492,0.97508
43.80000,1.01194,0.03788,0.96212
43.92000,1.01194,0.03315,0.96685
44.04000,1.01194,0.04250,0.95750
44.16000,1.01194,0.02683,0.97317
44.28000,1.01194,0.03715,0.96285
44.40000,1.01194,0.03104,0.96896
44.52000,1.01194,0.05349,0.94651
44.64000,1.01194,0.01724,0.98276
44.76000,1.01194,0.01670,0.98330
44.88000,1.01194,0.04123,0.95877
45.00000,1.01194,0.02793,0.97207
45.12000,1.01194,0.01882,0.98118
45.24000,1.01194,0.03807,0.96193
45.36000,1.01194,0.04961,0.95039
45.48000,1.01194,0.04363,0.95637
45.60000,1.01194,0.04967,0.95033
45.72000,1.01194,0.04433,0.95567
45.84000,1.01194,0.03826,0.96174
45.96000,1.01194,0.03549,0.96451
46.08000,1.01194,0.02307,0.97693
46.20000,1.01194,0.02388,0.97612
46.32000,1.01194,0.01567,0.98433
46.44000,1.01194,0.02115,0.97885
46.56000,1.01194,0.01970,0.98030
46.68000,1.01194,0.02164,0.97836
46.80000,1.01194,0.01968,0.98032
46.92000,1.01194,0.01935,0.98065
47.04000,1.01194,0.01709,0.98291
47.16000,1.01194,0.01914,0.98086
47.28000,1.01194,0.01913,0.98087
47.40000,1.01194,0.01640,0.98360
47.52000,1.01194,0.02320,0.97680
47.64000,1.01194,0.01646,0.98354
47.76000,1.01194,0.01496,0.98504
47.88000,1.01194,0.01676,0.98324
48.00000,1.01194,0.01178,0.98822
48.12000,1.01194,0.00952,0.99048
48.24000,1.01194,0.00756,0.99244
48.36000,1.01194,0.00921,0.99079
48.48000,1.01194,0.01617,0.98383
48.60000,1.01194,0.01619,0.98381
48.72000,1.01194,0.01502,0.98498
48.84000,1.01194,0.02123,0.97877
48.96000,1.01194,0.02423,0.97577
49.08000,1.01194,0.02740,0.97260
49.20000,1.01194,0.03746,0.96254
49.32000,1.01194,0.03645,0.96355
49.44000,1.01194,0.05392,0.94608
49.56000,1.01194,0.04679,0.95321
49.68000,1.01194,0.03567,0.96433
49.80000,1.01194,0.02751,0.97249
49.92000,1.01194,0.04433,0.95567
50.04000,1.01194,0.04659,0.95341
50.16000,1.01194,0.04614,0.95386
50.28000,1.01194,0.03141,0.96859
50.40000,1.01194,0.05197,0.94803
50.52000,1.01194,0.04086,0.95914
50.64000,1.01194,0.02885,0.97115
50.76000,1.01194,0.04401,0.95599
50.88000,1.01194,0.03082,0.96918
51.00000,1.01194,0.02728,0.97272
51.12000,1.01194,0.03662,0.96338
51.24000,1.01194,0.02254,0.97746
51.36000,1.01194,0.03019,0.96981
51.48000,1.01194,0.03748,0.96252
51.60000,1.01194,0.02094,0.97906
51.72000,1.01194,0.02142,0.97858
51.84000,1.01194,0.02632,0.97368
51.96000,1.01194,0.04649,0.95351
52.08000,1.01194,0.05218,0.94782
52.20000,1.01194,0.04600,0.95400
52.32000,1.01194,0.09792,0.90208
52.44000,1.01194,0.05285,0.94715
52.56000,1.01194,0.09965,0.90035
52.68000,1.01194,0.05084,0.94916
52.80000,1.01194,0.05561,0.94439
52.92000,1.01194,0.03779,0.96221
53.04000,1.01194,0.05249,0.94751
53.16000,1.01194,0.02705,0.97295
53.28000,1.01194,0.03727,0.96273
53.40000,1.01194,0.05220,0.94780
53.52000,1.01194,0.04685,0.95315
53.64000,1.01194,0.03446,0.96554
53.76000,1.01194,0.02826,0.97174
53.88000,1.01194,0.03498,0.96502
54.00000,1.01194,0.03084,0.96916
54.12000,1.01194,0.02266,0.97734
54.24000,1.01194,0.01847,0.98153
54.36000,1.01194,0.02554,0.97446
54.48000,1.01194,0.01645,0.98355
54.60000,1.01194,0.02439,0.97561
54.72000,1.01194,0.02044,0.97956
54.84000,1.01194,0.02509,0.97491
54.96000,1.01194,0.03971,0.96029
55.08000,1.01194,0.03848,0.96152
55.20000,1.01194,0.02605,0.97395
55.32000,1.01194,0.02292,0.97708
55.44000,1.01194,0.04363,0.95637
55.56000,1.01194,0.02125,0.97875
55.68000,1.01194,0.03199,0.96801
55.80000,1.01194,0.02429,0.97571
55.92000,1.01194,0.02951,0.97049
56.04000,1.01194,0.02461,0.97539
56.16000,1.01194,0.03522,0.96478
56.28000,1.01194,0.02571,0.97429
56.40000,1.01194,0.02472,0.97528
56.52000,1.01194,0.04034,0.95966
56.64000,1.01194,0.03874,0.96126
56.76000,1.01194,0.02279,0.97721
56.88000,1.01194,0.02508,0.97492
57.00000,1.01194,0.01914,0.98086
57.12000,1.01194,0.02048,0.97952
57.24000,1.01194,0.02806,0.97194
57.36000,1.01194,0.02456,0.97544
57.48000,1.01194,0.02316,0.97684
57.60000,1.01194,0.03326,0.96674
57.72000,1.01194,0.05019,0.94981
57.84000,1.01194,0.02574,0.97426
57.96000,1.01194,0.04994,0.95006
58.08000,1.01194,0.02092,0.97908
58.20000,1.01194,0.03427,0.96573
58.32000,1.01194,0.02811,0.97189
58.44000,1.01194,0.04185,0.95815
58.56000,1.01194,0.03711,0.96289
58.68000,1.01194,0.02287,0.97713
58.80000,1.01194,0.02899,0.97101
58.92000,1.01194,0.01996,0.98005
59.04000,1.01194,0.03105,0.96895
59.16000,1.01194,0.03012,0.96988
59.28000,1.01194,0.03509,0.96491
59.40000,1.01194,0.02621,0.97379
59.52000,1.01194,0.03161,0.96839
59.64000,1.01194,0.02597,0.97403
59.76000,1.01194,0.02998,0.97002
59.88000,1.01194,0.02768,0.97232
60.00000,1.01194,0.02758,0.97242
60.12000,1.01194,0.02845,0.97155
60.24000,1.01194,0.03438,0.96562
60.36000,1.01194,0.03668,0.96332
60.48000,1.01194,0.03357,0.96643
60.60000,1.01194,0.04537,0.95463
60.72000,1.01194,0.02375,0.97625
60.84000,1.01194,0.03328,0.96672
60.96000,1.01194,0.02360,0.97640
61.08000,1.01194,0.01936,0.98064
61.20000,1.01194,0.01927,0.98073
61.32000,1.01194,0.01489,0.98511
61.44000,1.01194,0.02047,0.97953
61.56000,1.01194,0.01248,0.98752
61.68000,1.01194,0.01699,0.98301
61.80000,1.01194,0.01488,0.98512
61.92000,1.01194,0.01693,0.98307
62.04000,1.01194,0.02210,0.97790
62.16000,1.01194,0.03147,0.96853
62.28000,1.01194,0.03303,0.96697
62.40000,1.01194,0.03383,0.96617
62.52000,1.01194,0.02826,0.97174
62.64000,1.01194,0.05029,0.94971
62.76000,1.01194,0.04133,0.95867
62.88000,1.01194,0.02629,0.97371
63.00000,1.01194,0.01859,0.98141
63.12000,1.01194,0.01849,0.98151
63.24000,1.01194,0.01476,0.98524
63.36000,1.01194,0.01576,0.98424
63.48000,1.01194,0.01812,0.98188
63.60000,1.01194,0.02224,0.97776
63.72000,1.01194,0.03560,0.96440
63.84000,1.01194,0.03117,0.96883
63.96000,1.01194,0.03739,0.96261
64.08000,1.01193,0.06248,0.93752
64.20000,1.01194,0.02986,0.97014
64.32000,1.01194,0.04302,0.95698
64.44000,1.01193,0.02539,0.97461
64.56000,1.01194,0.01708,0.98292
64.68000,1.01194,0.01230,0.98770
64.80000,1.01193,0.01689,0.98311
64.92000,1.01194,0.01424,0.98576
65.04000,1.01194,0.01426,0.98574
65.16000,1.01193,0.01086,0.98914
65.28000,1.01194,0.00973,0.99027
65.40000,1.01193,0.01369,0.98631
65.52000,1.01194,0.00983,0.99017
65.64000,1.01194,0.00637,0.99363
65.76000,1.01193,0.00537,0.99463
65.88000,1.01194,0.00380,0.99620
66.00000,1.01194,0.00398,0.99602
66.12000,1.01193,0.00390,0.99610
66.24000,1.01194,0.00759,0.99241
66.36000,1.01194,0.00632,0.99368
66.48000,1.01193,0.01722,0.98278
66.60000,1.01194,0.01843,0.98157
66.72000,1.01194,0.03100,0.96900
66.84000,1.01194,0.04669,0.95331
66.96000,1.01194,0.05772,0.94228
67.08000,1.01193,0.12989,0.87011
67.20000,1.01194,0.12423,0.87577
67.32000,1.01194,0.12160,0.87840
67.44000,1.01193,0.07895,0.92105
67.56000,1.01194,0.11480,0.88520
67.68000,1.01194,0.11443,0.88557
67.80000,1.01193,0.17395,0.82605
67.92000,1.01194,0.19022,0.80978
68.04000,1.01194,0.52394,0.47606
68.16000,1.01193,0.20961,0.79039
68.28000,1.01194,0.43713,0.56287
68.40000,1.01193,0.30739,0.69261
68.52000,1.01194,0.23953,0.76047
68.64000,1.01194,0.23288,0.76712
68.76000,1.01193,0.05028,0.94972
68.88000,1.01194,0.08537,0.91463
69.00000,1.01194,0.05098,0.94902
69.12000,1.01193,0.02638,0.97362
69.24000,1.01194,0.01380,0.98620
69.36000,1.01194,0.03502,0.96498
69.48000,1.01193,0.03558,0.96442
69.60000,1.01194,0.02874,0.97126
69.72000,1.01194,0.01448,0.98552
69.84000,1.01194,0.01718,0.98282
69.96000,1.01194,0.01669,0.98331
70.08000,1.01193,0.01727,0.98273
70.20000,1.01194,0.01503,0.98497
70.32000,1.01194,0.01761,0.98239
70.44000,1.01193,0.01761,0.98239
70.56000,1.01194,0.01998,0.98002
70.68000,1.01194,0.01575,0.98425
70.80000,1.01193,0.02831,0.97169
70.92000,1.01194,0.03523,0.96477
71.04000,1.01194,0.10374,0.89626
71.16000,1.01193,0.21272,0.78728
71.28000,1.01194,0.49938,0.50062
71.40000,1.01193,0.63048,0.36952
71.52000,1.01194,0.53414,0.46586
71.64000,1.01194,0.60920,0.39080
71.76000,1.01193,0.61210,0.38790
71.88000,1.01194,0.43955,0.56045
72.00000,1.01194,0.28788,0.71212
72.12000,1.01193,0.31903,0.68097
72.24000,1.01194,0.22310,0.77690
72.36000,1.01194,0.18898,0.81102
72.48000,1.01193,0.14086,0.85914
72.60000,1.01194,0.13490,0.86510
72.72000,1.01194,0.09304,0.90696
72.84000,1.01194,0.03944,0.96056
72.96000,1.01194,0.05265,0.94735
73.08000,1.01193,0.03569,0.96431
73.20000,1.01194,0.05256,0.94744
73.32000,1.01194,0.03633,0.96367
73.44000,1.01193,0.02766,0.97234
73.56000,1.01194,0.03871,0.96129
73.68000,1.01194,0.03401,0.96599
73.80000,1.01193,0.04183,0.95817
73.92000,1.01194,0.04470,0.95530
74.04000,1.01194,0.05123,0.94877
74.16000,1.01193,0.05803,0.94197
74.28000,1.01194,0.05694,0.94306
74.40000,1.01193,0.03410,0.96590
74.52000,1.01194,0.03251,0.96749
74.64000,1.01194,0.05329,0.94671
74.76000,1.01193,0.04507,0.95493
74.88000,1.01194,0.08348,0.91652
75.00000,1.01194,0.07925,0.92075
75.12000,1.01193,0.08472,0.91528
75.24000,1.01194,0.07516,0.92484
75.36000,1.01194,0.05613,0.94387
75.48000,1.01193,0.05987,0.94013
75.60000,1.01194,0.08071,0.91929
75.72000,1.01194,0.05085,0.94915
75.84000,1.01194,0.09088,0.90912
75.96000,1.01194,0.03075,0.96925
76.08000,1.01193,0.12461,0.87539
76.20000,1.01194,0.06080,0.93920
76.32000,1.01194,0.15295,0.84705
76.44000,1.01193,0.10254,0.89746
76.56000,1.01194,0.19606,0.80394
76.68000,1.01194,0.16113,0.83887
76.80000,1.01193,0.20269,0.79731
76.92000,1.01194,0.09616,0.90385
77.04000,1.01194,0.28565,0.71435
77.16000,1.01193,0.08965,0.91035
77.28000,1.01194,0.17064,0.82936
77.40000,1.01193,0.07373,0.92627
77.52000,1.01194,0.09027,0.90973
77.64000,1.01194,0.06008,0.93992
77.76000,1.01193,0.05650,0.94350
77.88000,1.01194,0.14430,0.85570
78.00000,1.01194,0.06349,0.93651
78.12000,1.01193,0.11508,0.88492
78.24000,1.01194,0.07684,0.92316
78.36000,1.01194,0.13431,0.86569
78.48000,1.01193,0.13169,0.86831
78.60000,1.01194,0.24844,0.75156
78.72000,1.01194,0.24482,0.75518
78.84000,1.01194,0.16788,0.83212
78.96000,1.01194,0.25591,0.74409
79.08000,1.01193,0.31986,0.68014
79.20000,1.01194,0.12199,0.87801
79.32000,1.01194,0.20709,0.79291
79.44000,1.01193,0.19754,0.80246
79.56000,1.01194,0.27868,0.72132
79.68000,1.01194,0.13471,0.86529
79.80000,1.01193,0.35543,0.64457
79.92000,1.01194,0.31308,0.68692
80.04000,1.01194,0.37855,0.62145
80.16000,1.01193,0.23161,0.76839
80.28000,1.01194,0.34112,0.65888
80.40000,1.01193,0.44317,0.55683
80.52000,1.01194,0.24886,0.75114
80.64000,1.01194,0.17731,0.82269
80.76000,1.01193,0.27372,0.72628
80.88000,1.01194,0.12557,0.87443
81.00000,1.01194,0.13565,0.86435
81.12000,1.01193,0.04511,0.95489
81.24000,1.01194,0.06732,0.93268
81.36000,1.01194,0.13477,0.86523
81.48000,1.01193,0.13941,0.86059
81.60000,1.01194,0.15849,0.84151
81.72000,1.01194,0.23949,0.76051
81.84000,1.01194,0.38259,0.61741
81.96000,1.01194,0.22078,0.77922
82.08000,1.01193,0.26236,0.73764
82.20000,1.01194,0.22582,0.77418
82.32000,1.01194,0.22125,0.77875
82.44000,1.01193,0.09814,0.90186
82.56000,1.01194,0.08789,0.91211
82.68000,1.01194,0.12454,0.87546
82.80000,1.01193,0.14812,0.85188
82.92000,1.01194,0.11937,0.88063
83.04000,1.01194,0.17582,0.82418
83.16000,1.01193,0.12442,0.87558
83.28000,1.01194,0.11896,0.88104
83.40000,1.01193,0.20574,0.79426
83.52000,1.01194,0.29774,0.70226
83.64000,1.01194,0.20968,0.79032
83.76000,1.01193,0.22509,0.77491
83.88000,1.01194,0.20683,0.79317
84.00000,1.01194,0.14131,0.85869
84.12000,1.01193,0.05933,0.94067
84.24000,1.01194,0.16343,0.83657
84.36000,1.01194,0.26910,0.73090
84.48000,1.01193,0.25472,0.74528
84.60000,1.01194,0.23877,0.76123
84.72000,1.01194,0.37317,0.62683
84.84000,1.01194,0.52412,0.47588
84.96000,1.01194,0.41968,0.58032
85.08000,1.01193,0.29778,0.70222
85.20000,1.01194,0.32084,0.67916
85.32000,1.01194,0.24466,0.75534
85.44000,1.01193,0.19101,0.80899
85.56000,1.01194,0.22262,0.77738
85.68000,1.01194,0.27273,0.72727
85.80000,1.01193,0.16076,0.83924
85.92000,1.01194,0.22669,0.77331
86.04000,1.01194,0.13320,0.86680
86.16000,1.01193,0.20007,0.79993
86.28000,1.01194,0.21066,0.78934
86.40000,1.01193,0.29123,0.70877
86.52000,1.01194,0.34149,0.65851
86.64000,1.01194,0.45090,0.54910
86.76000,1.01193,0.44295,0.55705
86.88000,1.01194,0.31980,0.68020
87.00000,1.01194,0.38149,0.61851
87.12000,1.01193,0.18117,0.81883
87.24000,1.01194,0.25657,0.74343
87.36000,1.01194,0.24421,0.75579
87.48000,1.01193,0.22601,0.77399
87.60000,1.01194,0.22270,0.77730
87.72000,1.01194,0.08515,0.91485
87.84000,1.01194,0.18848,0.81152
87.96000,1.01194,0.10216,0.89784
88.08000,1.01193,0.20383,0.79617
88.20000,1.01194,0.18741,0.81259
88.32000,1.01194,0.24290,0.75710
88.44000,1.01193,0.44663,0.55337
88.56000,1.01194,0.13776,0.86224
88.68000,1.01194,0.52192,0.47808
88.80000,1.01193,0.32504,0.67496
88.92000,1.01194,0.52308,0.47692
89.04000,1.01194,0.53984,0.46016
89.16000,1.01193,0.53805,0.46195
89.28000,1.01194,0.77724,0.22276
89.40000,1.01193,0.70985,0.29015
89.52000,1.01194,0.93311,0.06689
89.64000,1.01194,0.80612,0.19388
89.76000,1.01193,0.74887,0.25113
89.88000,1.01194,0.56759,0.43241
90.00000,1.01194,0.63332,0.36668
90.12000,1.01193,0.25088,0.74912
90.24000,1.01194,0.22722,0.77278
90.36000,1.01194,0.28720,0.71280
90.48000,1.01193,0.26466,0.73534
90.60000,1.01194,0.17533,0.82467
90.72000,1.01194,0.26083,0.73917
90.84000,1.01194,0.19457,0.80543
90.96000,1.01194,0.34224,0.65776
91.08000,1.01193,0.16557,0.83443
91.20000,1.01194,0.20751,0.79249
91.32000,1.01194,0.10941,0.89059
91.44000,1.01193,0.33000,0.67000
91.56000,1.01194,0.25646,0.74354
91.68000,1.01194,0.25032,0.74968
91.80000,1.01193,0.13492,0.86508
91.92000,1.01194,0.22128,0.77872
92.04000,1.01194,0.38869,0.61131
92.16000,1.01193,0.27044,0.72956
92.28000,1.01194,0.21043,0.78957
92.40000,1.01193,0.39620,0.60380
92.52000,1.01194,0.36054,0.63946
92.64000,1.01194,0.31844,0.68156
92.76000,1.01193,0.61160,0.38840
92.88000,1.01194,0.43835,0.56165
93.00000,1.01194,0.33716,0.66284
93.12000,1.01193,0.35878,0.64122
93.24000,1.01194,0.26303,0.73697
93.36000,1.01194,0.27858,0.72142
93.48000,1.01193,0.09070,0.90930
93.60000,1.01194,0.10128,0.89872
93.72000,1.01194,0.07818,0.92182
93.84000,1.01194,0.03944,0.96056
93.96000,1.01194,0.08217,0.91783
94.08000,1.01193,0.03404,0.96596
94.20000,1.01194,0.05291,0.94709
94.32000,1.01194,0.03820,0.96180
94.44000,1.01193,0.03840,0.96160
94.56000,1.01194,0.07420,0.92580
94.68000,1.01194,0.03826,0.96174
94.80000,1.01193,0.09722,0.90278
94.92000,1.01194,0.07075,0.92925
95.04000,1.01194,0.19351,0.80649
95.16000,1.01193,0.23706,0.76294
95.28000,1.01194,0.35376,0.64624
95.40000,1.01193,0.20151,0.79849
95.52000,1.01194,0.52533,0.47467
95.64000,1.01194,0.32533,0.67467
95.76000,1.01193,0.19651,0.80349
95.88000,1.01194,0.25815,0.74185
96.00000,1.01194,0.22478,0.77522
96.12000,1.01193,0.20442,0.79558
96.24000,1.01194,0.20542,0.79458
96.36000,1.01194,0.28543,0.71457
96.48000,1.01193,0.34194,0.65806
96.60000,1.01194,0.48050,0.51950
96.72000,1.01194,0.17774,0.82226
96.84000,1.01194,0.30577,0.69423
96.96000,1.01194,0.18181,0.81819
97.08000,1.01193,0.38395,0.61605
97.20000,1.01194,0.21930,0.78070
97.32000,1.01194,0.37115,0.62885
97.44000,1.01193,0.40915,0.59085
97.56000,1.01194,0.37926,0.62074
97.68000,1.01194,0.67888,0.32112
97.80000,1.01193,0.68134,0.31866
97.92000,1.01194,0.78689,0.21311
98.04000,1.01194,0.91818,0.08182
98.16000,1.01193,0.87983,0.12017
98.28000,1.01194,0.92782,0.07218
98.40000,1.01193,0.98027,0.01973
98.52000,1.01194,0.93893,0.06107
98.64000,1.01194,0.96879,0.03121
98.76000,1.01193,0.94375,0.05625
98.88000,1.01194,0.97686,0.02314
99.00000,1.01194,0.90582,0.09418
