Time (seconds), Duration (seconds),pred_unlabeled,pred_East,pred_Nord,pred_South,pred_West
0.00000,0.50594,0.95281,0.01854,0.00093,0.02363,0.00408
0.06000,0.50594,0.98114,0.01153,0.00031,0.00277,0.00425
0.12000,0.50594,0.87654,0.06448,0.01510,0.03269,0.01120
0.18000,0.50594,0.86322,0.07602,0.01533,0.03041,0.01503
0.24000,0.50594,0.79904,0.09652,0.02838,0.06565,0.01041
0.30000,0.50594,0.87589,0.08591,0.00688,0.02337,0.00795
0.36000,0.50594,0.69296,0.11976,0.06766,0.10710,0.01251
0.42000,0.50594,0.59131,0.19695,0.09704,0.09171,0.02298
0.48000,0.50594,0.28920,0.16089,0.32480,0.20739,0.01772
0.54000,0.50594,0.34525,0.15122,0.34541,0.13344,0.02468
0.60000,0.50594,0.07886,0.06545,0.67875,0.16367,0.01327
0.66000,0.50594,0.04022,0.04231,0.79199,0.11078,0.01470
0.72000,0.50594,0.01471,0.01875,0.87923,0.07741,0.00989
0.78000,0.50594,0.01115,0.01246,0.90714,0.06173,0.00753
0.84000,0.50594,0.01498,0.01908,0.87055,0.08531,0.01009
0.90000,0.50594,0.01956,0.02247,0.78597,0.16065,0.01135
0.96000,0.50594,0.01910,0.02917,0.80123,0.13535,0.01515
1.02000,0.50594,0.01766,0.02645,0.77092,0.17411,0.01085
1.08000,0.50594,0.01531,0.02327,0.83005,0.11979,0.01158
1.14000,0.50594,0.01939,0.02615,0.75685,0.18690,0.01072
1.20000,0.50594,0.01708,0.02211,0.82429,0.12400,0.01252
1.26000,0.50594,0.02009,0.02648,0.76568,0.17752,0.01024
1.32000,0.50594,0.01510,0.01957,0.85415,0.10369,0.00748
1.38000,0.50594,0.01383,0.01956,0.86753,0.09329,0.00579
1.44000,0.50594,0.01230,0.01669,0.86967,0.09678,0.00457
1.50000,0.50594,0.01256,0.01552,0.87470,0.09245,0.00477
1.56000,0.50594,0.01167,0.01572,0.87537,0.09336,0.00388
1.62000,0.50594,0.00984,0.01542,0.90066,0.06967,0.00441
1.68000,0.50594,0.01175,0.01518,0.88804,0.08058,0.00444
1.74000,0.50594,0.01190,0.01626,0.87259,0.09294,0.00631
1.80000,0.50594,0.01006,0.01567,0.89872,0.07069,0.00486
1.86000,0.50594,0.00954,0.01718,0.89269,0.07347,0.00712
1.92000,0.50594,0.00834,0.01666,0.91888,0.04771,0.00840
1.98000,0.50594,0.01114,0.01953,0.88418,0.07637,0.00879
2.04000,0.50594,0.01518,0.01886,0.87096,0.08571,0.00929
2.10000,0.50594,0.01724,0.02442,0.86332,0.08305,0.01196
2.16000,0.50594,0.01489,0.01914,0.86735,0.08888,0.00974
2.22000,0.50594,0.00558,0.01164,0.93890,0.03783,0.00605
2.28000,0.50594,0.00856,0.01232,0.90017,0.07389,0.00507
2.34000,0.50594,0.00730,0.01175,0.92375,0.05196,0.00524
2.40000,0.50594,0.00719,0.01148,0.89585,0.08097,0.00450
2.46000,0.50594,0.00338,0.00771,0.94748,0.03858,0.00285
2.52000,0.50594,0.00206,0.00448,0.97022,0.02145,0.00178
2.58000,0.50594,0.00263,0.00610,0.95396,0.03519,0.00212
2.64000,0.50594,0.00179,0.00462,0.97081,0.02091,0.00188
2.70000,0.50594,0.00194,0.00438,0.96507,0.02694,0.00168
2.76000,0.50594,0.00191,0.00449,0.96821,0.02375,0.00164
2.82000,0.50594,0.00186,0.00423,0.97212,0.01993,0.00185
2.88000,0.50594,0.00159,0.00441,0.96954,0.02326,0.00120
2.94000,0.50594,0.00242,0.00570,0.96329,0.02657,0.00201
3.00000,0.50594,0.00257,0.00597,0.95823,0.03127,0.00196
3.06000,0.50594,0.00187,0.00500,0.96803,0.02319,0.00191
3.12000,0.50594,0.00252,0.00605,0.95591,0.03386,0.00166
3.18000,0.50594,0.00204,0.00607,0.96582,0.02431,0.00176
3.24000,0.50594,0.00452,0.00756,0.94868,0.03683,0.00241
3.30000,0.50594,0.00462,0.00958,0.93503,0.04885,0.00192
3.36000,0.50594,0.00400,0.00839,0.93633,0.04896,0.00232
3.42000,0.50594,0.00374,0.00805,0.94736,0.03873,0.00212
3.48000,0.50594,0.00306,0.00537,0.95396,0.03536,0.00225
3.54000,0.50594,0.00533,0.00913,0.91817,0.06367,0.00369
3.60000,0.50594,0.00291,0.00685,0.95201,0.03611,0.00212
3.66000,0.50594,0.00302,0.00593,0.96288,0.02538,0.00279
3.72000,0.50594,0.00197,0.00567,0.97182,0.01827,0.00228
3.78000,0.50594,0.00189,0.00547,0.97049,0.01927,0.00289
3.84000,0.50594,0.00232,0.00705,0.96467,0.02359,0.00238
3.90000,0.50594,0.00287,0.00684,0.95703,0.02955,0.00371
3.96000,0.50594,0.00532,0.01019,0.95242,0.02737,0.00470
4.02000,0.50594,0.00480,0.00889,0.94967,0.03128,0.00536
4.08000,0.50594,0.00890,0.01167,0.93523,0.03675,0.00745
4.14000,0.50594,0.01256,0.01666,0.89870,0.05824,0.01385
4.20000,0.50594,0.02381,0.02224,0.83826,0.09878,0.01691
4.26000,0.50594,0.01789,0.01977,0.86413,0.08230,0.01591
4.32000,0.50594,0.02900,0.02737,0.77611,0.15106,0.01646
4.38000,0.50594,0.01954,0.02593,0.84585,0.09415,0.01453
4.44000,0.50594,0.02732,0.02819,0.77831,0.15026,0.01592
4.50000,0.50594,0.02178,0.02176,0.81489,0.13270,0.00887
4.56000,0.50594,0.01846,0.01852,0.85377,0.09729,0.01196
4.62000,0.50594,0.01246,0.01547,0.89296,0.07017,0.00894
4.68000,0.50594,0.01049,0.01334,0.91660,0.04930,0.01027
4.74000,0.50594,0.01318,0.01596,0.88951,0.07096,0.01038
4.80000,0.50594,0.01297,0.01436,0.89801,0.06592,0.00875
4.86000,0.50594,0.01642,0.01801,0.87107,0.08303,0.01146
4.92000,0.50594,0.01955,0.01724,0.85915,0.09610,0.00796
4.98000,0.50594,0.01608,0.02050,0.87973,0.07185,0.01185
5.04000,0.50594,0.02306,0.02428,0.84366,0.09918,0.00982
5.10000,0.50594,0.01954,0.02035,0.85312,0.09474,0.01225
5.16000,0.50594,0.02256,0.02251,0.83397,0.11207,0.00888
5.22000,0.50594,0.01393,0.01806,0.88596,0.07176,0.01029
5.28000,0.50594,0.01775,0.01941,0.86708,0.08396,0.01180
5.34000,0.50594,0.01173,0.01559,0.89370,0.06684,0.01215
5.40000,0.50594,0.01271,0.01684,0.88076,0.07856,0.01112
5.46000,0.50594,0.00893,0.01417,0.91081,0.05696,0.00913
5.52000,0.50594,0.01457,0.01828,0.88155,0.07020,0.01540
5.58000,0.50594,0.01788,0.02137,0.85133,0.09665,0.01277
5.64000,0.50594,0.00678,0.01031,0.92416,0.05149,0.00726
5.70000,0.50594,0.01079,0.01449,0.87231,0.09723,0.00518
5.76000,0.50594,0.00643,0.00733,0.93026,0.05152,0.00445
5.82000,0.50594,0.00950,0.01070,0.86967,0.10627,0.00385
5.88000,0.50594,0.00529,0.00890,0.91841,0.06395,0.00345
5.94000,0.50594,0.00718,0.01139,0.86454,0.11448,0.00242
6.00000,0.50594,0.00497,0.00844,0.88935,0.09558,0.00165
6.06000,0.50594,0.00615,0.01108,0.84465,0.13608,0.00205
6.12000,0.50594,0.00813,0.01285,0.78687,0.19008,0.00207
6.18000,0.50594,0.01016,0.01584,0.66990,0.30133,0.00277
6.24000,0.50594,0.00790,0.01436,0.71279,0.26267,0.00228
6.30000,0.50594,0.00795,0.01851,0.79351,0.17628,0.00374
6.36000,0.50594,0.00866,0.01537,0.82072,0.15232,0.00294
6.42000,0.50594,0.00890,0.01420,0.82431,0.14667,0.00591
6.48000,0.50594,0.00959,0.01386,0.83363,0.13918,0.00374
6.54000,0.50594,0.00529,0.00890,0.92714,0.05531,0.00336
6.60000,0.50594,0.00433,0.00829,0.92967,0.05485,0.00285
6.66000,0.50594,0.00249,0.00474,0.96661,0.02329,0.00287
6.72000,0.50594,0.00249,0.00622,0.96272,0.02510,0.00347
6.78000,0.50594,0.00226,0.00599,0.96424,0.02525,0.00226
6.84000,0.50594,0.00317,0.00764,0.94679,0.03891,0.00349
6.90000,0.50594,0.00250,0.00582,0.95301,0.03645,0.00223
6.96000,0.50594,0.00237,0.00663,0.96103,0.02776,0.00221
7.02000,0.50594,0.00281,0.00585,0.93843,0.05129,0.00162
7.08000,0.50594,0.00353,0.00793,0.95131,0.03349,0.00374
7.14000,0.50594,0.00365,0.00655,0.93852,0.04924,0.00204
7.20000,0.50594,0.00280,0.00582,0.95618,0.03264,0.00255
7.26000,0.50594,0.00545,0.00821,0.92913,0.05479,0.00241
7.32000,0.50594,0.01611,0.01609,0.84239,0.11835,0.00706
7.38000,0.50594,0.03277,0.03515,0.80783,0.11468,0.00956
7.44000,0.50594,0.11186,0.08257,0.54647,0.23704,0.02207
7.50000,0.50594,0.32167,0.18891,0.33086,0.13545,0.02311
7.56000,0.50594,0.63070,0.17630,0.05937,0.10681,0.02681
7.62000,0.50594,0.66337,0.23876,0.02927,0.04887,0.01974
7.68000,0.50594,0.71308,0.22277,0.01366,0.03183,0.01865
7.74000,0.50594,0.77188,0.18186,0.00992,0.02119,0.01515
7.80000,0.50594,0.78633,0.17179,0.00658,0.01661,0.01868
7.86000,0.50594,0.80734,0.15316,0.00607,0.01238,0.02105
7.92000,0.50594,0.77299,0.17100,0.00988,0.01883,0.02730
7.98000,0.50594,0.76630,0.16246,0.01118,0.02428,0.03579
8.04000,0.50594,0.74404,0.15417,0.01732,0.03908,0.04539
8.10000,0.50594,0.75933,0.14888,0.01479,0.03162,0.04538
8.16000,0.50594,0.72623,0.17675,0.01422,0.03435,0.04844
8.22000,0.50594,0.71056,0.20268,0.01474,0.03006,0.04197
8.28000,0.50594,0.63096,0.21237,0.02773,0.04347,0.08548
8.34000,0.50594,0.64264,0.20092,0.03798,0.07012,0.04834
8.40000,0.50594,0.68377,0.13549,0.03906,0.08060,0.06107
8.46000,0.50594,0.61473,0.17462,0.06382,0.07591,0.07092
8.52000,0.50594,0.68847,0.09091,0.06392,0.08874,0.06796
8.58000,0.50594,0.58255,0.11310,0.11319,0.14392,0.04724
8.64000,0.50594,0.77636,0.02697,0.04673,0.09407,0.05587
8.70000,0.50594,0.68951,0.05937,0.09251,0.13337,0.02524
8.76000,0.50594,0.80602,0.02136,0.05885,0.06109,0.05268
8.82000,0.50594,0.83376,0.03915,0.04465,0.05999,0.02245
8.88000,0.50594,0.84434,0.01503,0.04716,0.05850,0.03496
8.94000,0.50594,0.83843,0.02746,0.05374,0.05691,0.02346
9.00000,0.50594,0.91036,0.01900,0.02076,0.03964,0.01024
9.06000,0.50594,0.85352,0.01895,0.03629,0.05239,0.03885
9.12000,0.50594,0.64514,0.03569,0.14695,0.14755,0.02467
9.18000,0.50594,0.60468,0.03394,0.18551,0.11513,0.06073
9.24000,0.50594,0.45339,0.05779,0.28796,0.17500,0.02586
9.30000,0.50594,0.39210,0.04440,0.30652,0.21571,0.04127
9.36000,0.50594,0.07565,0.03885,0.70554,0.16014,0.01981
9.42000,0.50594,0.03394,0.02360,0.81766,0.11287,0.01193
9.48000,0.50594,0.01527,0.01378,0.89596,0.06487,0.01012
9.54000,0.50594,0.01444,0.01348,0.89120,0.07267,0.00822
9.60000,0.50594,0.01518,0.01635,0.87650,0.08483,0.00713
9.66000,0.50594,0.01078,0.01117,0.91579,0.05431,0.00795
9.72000,0.50594,0.01659,0.01610,0.88548,0.07410,0.00773
9.78000,0.50594,0.00794,0.00898,0.93608,0.04078,0.00622
9.84000,0.50594,0.01489,0.01573,0.89640,0.06475,0.00823
9.90000,0.50594,0.00869,0.00954,0.93766,0.03734,0.00677
9.96000,0.50594,0.01024,0.01105,0.92776,0.04396,0.00699
10.02000,0.50594,0.00657,0.00853,0.95191,0.02701,0.00599
10.08000,0.50594,0.00870,0.00996,0.93647,0.03883,0.00604
10.14000,0.50594,0.00996,0.01205,0.93096,0.03955,0.00748
10.20000,0.50594,0.01268,0.01203,0.91855,0.04918,0.00757
10.26000,0.50594,0.01136,0.01183,0.92310,0.04410,0.00961
10.32000,0.50594,0.01401,0.01192,0.91025,0.05263,0.01118
10.38000,0.50594,0.01666,0.01536,0.90015,0.05056,0.01727
10.44000,0.50594,0.01452,0.01316,0.91211,0.04449,0.01572
10.50000,0.50594,0.01879,0.01632,0.89683,0.04501,0.02305
10.56000,0.50594,0.01240,0.00969,0.92946,0.03309,0.01536
10.62000,0.50594,0.01015,0.01067,0.93307,0.02756,0.01855
10.68000,0.50594,0.00905,0.00949,0.93960,0.02725,0.01461
10.74000,0.50594,0.01167,0.00985,0.92424,0.03889,0.01535
10.80000,0.50594,0.00766,0.00830,0.95081,0.02327,0.00995
10.86000,0.50594,0.00692,0.00904,0.93584,0.04162,0.00657
10.92000,0.50594,0.00402,0.00675,0.96206,0.02150,0.00567
10.98000,0.50594,0.00429,0.00861,0.94871,0.03426,0.00412
11.04000,0.50594,0.00500,0.00832,0.94901,0.03465,0.00302
11.10000,0.50594,0.00633,0.01247,0.91169,0.06708,0.00243
11.16000,0.50594,0.00234,0.00753,0.96377,0.02461,0.00175
11.22000,0.50594,0.00331,0.00750,0.93995,0.04776,0.00148
11.28000,0.50594,0.00311,0.00693,0.95401,0.03380,0.00214
11.34000,0.50594,0.00317,0.00821,0.94726,0.03957,0.00179
11.40000,0.50594,0.00220,0.00643,0.96712,0.02237,0.00188
11.46000,0.50594,0.00257,0.00541,0.96683,0.02271,0.00249
11.52000,0.50594,0.00214,0.00577,0.96741,0.02225,0.00242
11.58000,0.50594,0.00227,0.00541,0.96862,0.02139,0.00231
11.64000,0.50594,0.00187,0.00482,0.97092,0.02037,0.00201
11.70000,0.50594,0.00220,0.00603,0.96885,0.02079,0.00212
11.76000,0.50594,0.00159,0.00484,0.97637,0.01538,0.00182
11.82000,0.50594,0.00156,0.00453,0.97677,0.01550,0.00164
11.88000,0.50594,0.00192,0.00566,0.97525,0.01522,0.00194
11.94000,0.50594,0.00126,0.00340,0.98290,0.01119,0.00126
12.00000,0.50594,0.00165,0.00450,0.97921,0.01298,0.00166
12.06000,0.50594,0.00156,0.00425,0.97845,0.01398,0.00176
12.12000,0.50594,0.00220,0.00494,0.97467,0.01531,0.00288
12.18000,0.50594,0.00212,0.00696,0.96956,0.01934,0.00202
12.24000,0.50594,0.00177,0.00533,0.97393,0.01707,0.00190
12.30000,0.50594,0.00224,0.00620,0.96601,0.02360,0.00195
12.36000,0.50594,0.00229,0.00750,0.96583,0.02243,0.00195
12.42000,0.50594,0.00346,0.01063,0.95388,0.02924,0.00280
12.48000,0.50594,0.00417,0.01237,0.94157,0.03923,0.00265
12.54000,0.50594,0.00484,0.01060,0.94793,0.03255,0.00408
12.60000,0.50594,0.00562,0.01346,0.93470,0.04189,0.00433
12.66000,0.50594,0.01005,0.01800,0.91778,0.04626,0.00790
12.72000,0.50594,0.01029,0.01757,0.91592,0.04688,0.00935
12.78000,0.50594,0.01001,0.00993,0.93644,0.03584,0.00778
12.84000,0.50594,0.01323,0.01489,0.91639,0.04233,0.01317
12.90000,0.50594,0.01065,0.01274,0.92319,0.04264,0.01078
12.96000,0.50594,0.01369,0.01296,0.90875,0.05292,0.01168
13.02000,0.50594,0.00752,0.00868,0.94250,0.03388,0.00743
13.08000,0.50594,0.01259,0.01668,0.90490,0.05542,0.01042
13.14000,0.50594,0.00948,0.01137,0.91942,0.05076,0.00897
13.20000,0.50594,0.01158,0.01409,0.90684,0.05847,0.00902
13.26000,0.50594,0.00913,0.01235,0.91520,0.05435,0.00897
13.32000,0.50594,0.01114,0.01386,0.91290,0.05277,0.00932
13.38000,0.50594,0.01086,0.01595,0.90119,0.06265,0.00935
13.44000,0.50594,0.01301,0.01520,0.90155,0.06148,0.00876
13.50000,0.50594,0.01255,0.01532,0.89039,0.07255,0.00918
13.56000,0.50594,0.01274,0.01615,0.90219,0.06157,0.00735
13.62000,0.50594,0.01033,0.01504,0.89687,0.07057,0.00719
13.68000,0.50594,0.00875,0.01396,0.91782,0.05186,0.00761
13.74000,0.50594,0.01101,0.01618,0.89672,0.06698,0.00910
13.80000,0.50594,0.00833,0.01111,0.92628,0.04677,0.00751
13.86000,0.50594,0.00824,0.01284,0.92011,0.05176,0.00704
13.92000,0.50594,0.00691,0.00956,0.94073,0.03458,0.00822
13.98000,0.50594,0.00912,0.01390,0.91964,0.04859,0.00875
14.04000,0.50594,0.00684,0.00930,0.94125,0.03485,0.00775
14.10000,0.50594,0.00946,0.01255,0.92723,0.04075,0.01000
14.16000,0.50594,0.01675,0.01747,0.87511,0.08116,0.00951
14.22000,0.50594,0.01005,0.01580,0.90445,0.06218,0.00752
14.28000,0.50594,0.00901,0.01380,0.89706,0.07606,0.00408
14.34000,0.50594,0.00622,0.01106,0.93443,0.04324,0.00506
14.40000,0.50594,0.00616,0.01087,0.92795,0.05240,0.00262
14.46000,0.50594,0.00303,0.00683,0.95874,0.02834,0.00305
14.52000,0.50594,0.00251,0.00534,0.96194,0.02858,0.00164
14.58000,0.50594,0.00159,0.00381,0.97812,0.01475,0.00173
14.64000,0.50594,0.00159,0.00387,0.97668,0.01610,0.00176
14.70000,0.50594,0.00171,0.00471,0.97017,0.02170,0.00171
14.76000,0.50594,0.00191,0.00455,0.97385,0.01820,0.00149
14.82000,0.50594,0.00200,0.00529,0.96512,0.02571,0.00188
14.88000,0.50594,0.00155,0.00401,0.97541,0.01782,0.00121
14.94000,0.50594,0.00306,0.00637,0.95186,0.03669,0.00200
15.00000,0.50594,0.00256,0.00638,0.95607,0.03326,0.00173
15.06000,0.50594,0.00345,0.00741,0.94874,0.03811,0.00229
15.12000,0.50594,0.00285,0.00662,0.96368,0.02487,0.00198
15.18000,0.50594,0.00364,0.00738,0.95749,0.02857,0.00291
15.24000,0.50594,0.00258,0.00691,0.96533,0.02337,0.00180
15.30000,0.50594,0.00293,0.00657,0.96402,0.02426,0.00221
15.36000,0.50594,0.00180,0.00456,0.97664,0.01446,0.00253
15.42000,0.50594,0.00211,0.00561,0.97179,0.01831,0.00219
15.48000,0.50594,0.00175,0.00419,0.97679,0.01514,0.00214
15.54000,0.50594,0.00266,0.00621,0.96734,0.02158,0.00222
15.60000,0.50594,0.00165,0.00501,0.97678,0.01439,0.00217
15.66000,0.50594,0.00172,0.00494,0.97573,0.01563,0.00199
15.72000,0.50594,0.00189,0.00567,0.97006,0.02032,0.00207
15.78000,0.50594,0.00409,0.00901,0.94560,0.03730,0.00400
15.84000,0.50594,0.01559,0.02231,0.81253,0.14263,0.00693
15.90000,0.50594,0.04904,0.04801,0.72777,0.15909,0.01609
15.96000,0.50594,0.14580,0.13447,0.46120,0.23875,0.01979
16.02000,0.50594,0.37332,0.23273,0.17481,0.18475,0.03438
16.08000,0.50594,0.48001,0.25178,0.07453,0.16944,0.02425
16.14000,0.50594,0.70281,0.21760,0.00985,0.05399,0.01576
16.20000,0.50594,0.74041,0.20159,0.00712,0.03385,0.01703
16.26000,0.50594,0.77669,0.18462,0.00423,0.01662,0.01784
16.32000,0.50594,0.83262,0.12885,0.00368,0.02003,0.01482
16.38000,0.50594,0.80631,0.13476,0.00668,0.02523,0.02703
16.44000,0.50594,0.79744,0.13559,0.00919,0.02739,0.03039
16.50000,0.50594,0.63259,0.11914,0.06740,0.08953,0.09133
16.56000,0.50594,0.74411,0.12326,0.02408,0.06093,0.04762
16.62000,0.50594,0.50157,0.10514,0.14439,0.13616,0.11274
16.68000,0.50594,0.64290,0.15522,0.05311,0.06295,0.08581
16.74000,0.50594,0.58994,0.09102,0.10421,0.06392,0.15091
16.80000,0.50594,0.47880,0.14477,0.17566,0.10228,0.09849
16.86000,0.50594,0.66197,0.11641,0.07073,0.05086,0.10003
16.92000,0.50594,0.80502,0.06887,0.01977,0.04386,0.06247
16.98000,0.50594,0.79662,0.07460,0.02910,0.05152,0.04817
17.04000,0.50594,0.77788,0.08985,0.03004,0.04788,0.05435
17.10000,0.50594,0.79837,0.07658,0.01984,0.05106,0.05415
17.16000,0.50594,0.86266,0.07599,0.00833,0.02937,0.02365
17.22000,0.50594,0.82440,0.09268,0.01300,0.05308,0.01685
17.28000,0.50594,0.83645,0.10006,0.00815,0.03396,0.02138
17.34000,0.50594,0.83696,0.09664,0.00375,0.04814,0.01451
17.40000,0.50594,0.85282,0.08073,0.00771,0.03688,0.02186
17.46000,0.50594,0.91673,0.03359,0.00216,0.03864,0.00888
17.52000,0.50594,0.89389,0.05161,0.00676,0.02454,0.02320
17.58000,0.50594,0.82614,0.05527,0.00912,0.08738,0.02210
17.64000,0.50594,0.85099,0.02982,0.01162,0.05463,0.05294
17.70000,0.50594,0.62046,0.07389,0.07479,0.18667,0.04419
17.76000,0.50594,0.46514,0.04849,0.23528,0.14005,0.11104
17.82000,0.50594,0.18274,0.08207,0.52920,0.14177,0.06422
17.88000,0.50594,0.10662,0.05887,0.67543,0.09505,0.06403
17.94000,0.50594,0.01673,0.02052,0.87119,0.07806,0.01351
18.00000,0.50594,0.01380,0.01637,0.89135,0.06462,0.01386
18.06000,0.50594,0.01295,0.01642,0.89981,0.05791,0.01291
18.12000,0.50594,0.01099,0.01400,0.91111,0.05245,0.01145
18.18000,0.50594,0.01323,0.01735,0.89136,0.06697,0.01108
18.24000,0.50594,0.01090,0.01364,0.91778,0.04626,0.01142
18.30000,0.50594,0.01196,0.01267,0.91202,0.05213,0.01123
18.36000,0.50594,0.00875,0.01168,0.92662,0.04188,0.01108
18.42000,0.50594,0.01244,0.01396,0.89307,0.06764,0.01289
18.48000,0.50594,0.01187,0.01463,0.90165,0.05928,0.01257
18.54000,0.50594,0.01812,0.01924,0.85271,0.09359,0.01634
18.60000,0.50594,0.01990,0.02150,0.85343,0.08895,0.01623
18.66000,0.50594,0.02001,0.02137,0.82333,0.11842,0.01688
18.72000,0.50594,0.02057,0.02308,0.82822,0.11155,0.01658
18.78000,0.50594,0.02285,0.01948,0.81723,0.12570,0.01475
18.84000,0.50594,0.01956,0.02172,0.85034,0.09145,0.01692
18.90000,0.50594,0.01685,0.01621,0.86685,0.08657,0.01352
18.96000,0.50594,0.01769,0.01762,0.86432,0.08376,0.01661
19.02000,0.50594,0.02029,0.02187,0.83310,0.10656,0.01818
19.08000,0.50594,0.01443,0.02104,0.86374,0.08526,0.01553
19.14000,0.50594,0.01796,0.01993,0.84993,0.09990,0.01228
19.20000,0.50594,0.01970,0.02220,0.85534,0.08779,0.01496
19.26000,0.50594,0.01371,0.01930,0.84804,0.11063,0.00833
19.32000,0.50594,0.01079,0.01796,0.88575,0.07934,0.00616
19.38000,0.50594,0.00553,0.01127,0.91907,0.06117,0.00295
19.44000,0.50594,0.00564,0.01060,0.93250,0.04771,0.00355
19.50000,0.50594,0.00426,0.00685,0.93215,0.05492,0.00182
19.56000,0.50594,0.00333,0.00894,0.94544,0.04055,0.00174
19.62000,0.50594,0.00207,0.00544,0.95462,0.03656,0.00131
19.68000,0.50594,0.00182,0.00496,0.96861,0.02327,0.00134
19.74000,0.50594,0.00312,0.00701,0.95476,0.03320,0.00191
19.80000,0.50594,0.00269,0.00548,0.95754,0.03269,0.00160
19.86000,0.50594,0.00567,0.01510,0.91815,0.05837,0.00271
19.92000,0.50594,0.00212,0.00496,0.96125,0.03013,0.00155
19.98000,0.50594,0.00687,0.02009,0.90821,0.06207,0.00276
20.04000,0.50594,0.00353,0.00799,0.94677,0.03940,0.00231
20.10000,0.50594,0.00625,0.01972,0.91599,0.05531,0.00273
20.16000,0.50594,0.00300,0.00813,0.95351,0.03308,0.00228
20.22000,0.50594,0.00528,0.01658,0.93205,0.04395,0.00214
20.28000,0.50594,0.00221,0.00662,0.96747,0.02188,0.00182
20.34000,0.50594,0.00252,0.00769,0.96540,0.02241,0.00197
20.40000,0.50594,0.00160,0.00404,0.97647,0.01619,0.00169
20.46000,0.50594,0.00288,0.00603,0.96543,0.02393,0.00173
20.52000,0.50594,0.00326,0.00780,0.96219,0.02419,0.00256
20.58000,0.50594,0.00241,0.00544,0.96879,0.02179,0.00157
20.64000,0.50594,0.00345,0.00701,0.96420,0.02236,0.00297
20.70000,0.50594,0.00530,0.00909,0.95065,0.03220,0.00276
20.76000,0.50594,0.00563,0.01216,0.94063,0.03881,0.00278
20.82000,0.50594,0.00540,0.01021,0.94152,0.04020,0.00267
20.88000,0.50594,0.00638,0.01331,0.94190,0.03435,0.00406
20.94000,0.50594,0.00622,0.00778,0.94258,0.04033,0.00308
21.00000,0.50594,0.01421,0.01233,0.90758,0.06040,0.00548
21.06000,0.50594,0.01226,0.01245,0.91957,0.04992,0.00580
21.12000,0.50594,0.01507,0.01109,0.91408,0.05148,0.00828
21.18000,0.50594,0.01253,0.01186,0.92027,0.04756,0.00778
21.24000,0.50594,0.01850,0.01483,0.89894,0.05710,0.01062
21.30000,0.50594,0.01208,0.01095,0.92215,0.04727,0.00755
21.36000,0.50594,0.00941,0.01021,0.93713,0.03633,0.00692
21.42000,0.50594,0.00687,0.00897,0.94577,0.03170,0.00668
21.48000,0.50594,0.00740,0.00893,0.93675,0.03911,0.00781
21.54000,0.50594,0.00594,0.00758,0.94856,0.03135,0.00657
21.60000,0.50594,0.00941,0.01026,0.92470,0.04457,0.01107
21.66000,0.50594,0.00689,0.00937,0.94278,0.03175,0.00920
21.72000,0.50594,0.01109,0.01277,0.91429,0.04738,0.01447
21.78000,0.50594,0.00803,0.01231,0.93246,0.03694,0.01027
21.84000,0.50594,0.00994,0.01109,0.92454,0.04491,0.00952
21.90000,0.50594,0.00882,0.01180,0.92985,0.04021,0.00932
21.96000,0.50594,0.01115,0.01062,0.92311,0.04591,0.00922
22.02000,0.50594,0.01247,0.01169,0.91236,0.05405,0.00943
22.08000,0.50594,0.01545,0.01309,0.88657,0.07590,0.00899
22.14000,0.50594,0.01843,0.01669,0.86231,0.09289,0.00969
22.20000,0.50594,0.01692,0.02103,0.84669,0.10522,0.01014
22.26000,0.50594,0.02012,0.02156,0.83023,0.11726,0.01084
22.32000,0.50594,0.01807,0.01842,0.84083,0.11329,0.00938
22.38000,0.50594,0.02391,0.02609,0.81829,0.12069,0.01102
22.44000,0.50594,0.02733,0.02320,0.75505,0.18699,0.00743
22.50000,0.50594,0.01981,0.01841,0.81137,0.14193,0.00847
22.56000,0.50594,0.02788,0.02424,0.69815,0.24533,0.00440
22.62000,0.50594,0.02226,0.02056,0.79092,0.16074,0.00552
22.68000,0.50594,0.01946,0.01669,0.70512,0.25662,0.00210
22.74000,0.50594,0.01540,0.01980,0.83992,0.12144,0.00344
22.80000,0.50594,0.01448,0.01627,0.77759,0.19006,0.00160
22.86000,0.50594,0.00741,0.01195,0.87069,0.10863,0.00132
22.92000,0.50594,0.00590,0.00908,0.89944,0.08471,0.00087
22.98000,0.50594,0.00344,0.00959,0.94140,0.04462,0.00095
23.04000,0.50594,0.00322,0.00842,0.94295,0.04454,0.00087
23.10000,0.50594,0.00361,0.01146,0.94876,0.03475,0.00143
23.16000,0.50594,0.00653,0.01717,0.90670,0.06748,0.00212
23.22000,0.50594,0.00530,0.01518,0.93791,0.03857,0.00303
23.28000,0.50594,0.00558,0.01680,0.90754,0.06742,0.00266
23.34000,0.50594,0.00493,0.01725,0.93072,0.04168,0.00543
23.40000,0.50594,0.00762,0.02115,0.90065,0.06312,0.00745
23.46000,0.50594,0.00786,0.01845,0.91422,0.04929,0.01018
23.52000,0.50594,0.00884,0.02012,0.91031,0.04947,0.01125
23.58000,0.50594,0.00816,0.01433,0.92782,0.03717,0.01251
23.64000,0.50594,0.00829,0.01164,0.93126,0.03749,0.01132
23.70000,0.50594,0.01138,0.01387,0.91522,0.04764,0.01189
23.76000,0.50594,0.00781,0.01165,0.93667,0.03494,0.00893
23.82000,0.50594,0.00650,0.01007,0.94572,0.03129,0.00642
23.88000,0.50594,0.00475,0.00854,0.95581,0.02688,0.00402
23.94000,0.50594,0.00417,0.00872,0.95706,0.02703,0.00302
24.00000,0.50594,0.00307,0.00771,0.95953,0.02726,0.00243
24.06000,0.50594,0.00622,0.01049,0.93602,0.04469,0.00258
24.12000,0.50594,0.02494,0.03156,0.84443,0.09242,0.00666
24.18000,0.50594,0.09000,0.08875,0.66350,0.14899,0.00875
24.24000,0.50594,0.19274,0.14649,0.43059,0.21461,0.01558
24.30000,0.50594,0.48793,0.27015,0.09335,0.13497,0.01360
24.36000,0.50594,0.49031,0.24584,0.09274,0.14620,0.02491
24.42000,0.50594,0.71056,0.21833,0.01024,0.04987,0.01100
24.48000,0.50594,0.66279,0.25577,0.02308,0.04078,0.01758
24.54000,0.50594,0.83191,0.13740,0.00358,0.01832,0.00879
24.60000,0.50594,0.72673,0.21324,0.01294,0.02408,0.02301
24.66000,0.50594,0.81438,0.13301,0.00656,0.02443,0.02162
24.72000,0.50594,0.70485,0.20804,0.01964,0.03383,0.03363
24.78000,0.50594,0.71340,0.17390,0.02063,0.03810,0.05397
24.84000,0.50594,0.75376,0.12306,0.02115,0.03699,0.06505
24.90000,0.50594,0.72468,0.13768,0.02892,0.05796,0.05076
24.96000,0.50594,0.77918,0.08361,0.02413,0.06558,0.04749
25.02000,0.50594,0.75696,0.11702,0.01984,0.05090,0.05528
25.08000,0.50594,0.90034,0.03859,0.00480,0.02412,0.03215
25.14000,0.50594,0.85038,0.06728,0.00983,0.03843,0.03408
25.20000,0.50594,0.88034,0.04648,0.00625,0.02566,0.04127
25.26000,0.50594,0.88660,0.05843,0.00595,0.03184,0.01718
25.32000,0.50594,0.92583,0.03619,0.00353,0.01589,0.01856
25.38000,0.50594,0.92817,0.03402,0.00420,0.01348,0.02012
25.44000,0.50594,0.85925,0.06608,0.01224,0.02397,0.03846
25.50000,0.50594,0.86162,0.04829,0.03000,0.03984,0.02026
25.56000,0.50594,0.75896,0.07059,0.06462,0.08049,0.02535
