Time (seconds), Duration (seconds),pred_unlabeled,pred_sirens
0.00000,1.01194,0.07330,0.92670
0.12000,1.01194,0.08721,0.91279
0.24000,1.01194,0.02575,0.97425
0.36000,1.01194,0.07390,0.92610
0.48000,1.01194,0.01727,0.98273
0.60000,1.01194,0.01276,0.98724
0.72000,1.01194,0.00660,0.99340
0.84000,1.01194,0.01758,0.98242
0.96000,1.01194,0.00799,0.99201
1.08000,1.01194,0.02467,0.97533
1.20000,1.01194,0.02701,0.97299
1.32000,1.01194,0.00738,0.99262
1.44000,1.01194,0.05233,0.94767
1.56000,1.01194,0.00576,0.99424
1.68000,1.01194,0.04251,0.95749
1.80000,1.01194,0.02062,0.97938
1.92000,1.01194,0.01473,0.98527
2.04000,1.01194,0.00982,0.99018
2.16000,1.01194,0.01785,0.98215
2.28000,1.01194,0.00876,0.99124
2.40000,1.01194,0.03703,0.96297
2.52000,1.01194,0.01262,0.98738
2.64000,1.01194,0.01225,0.98775
2.76000,1.01194,0.09974,0.90026
2.88000,1.01194,0.00604,0.99396
3.00000,1.01194,0.04072,0.95928
3.12000,1.01194,0.00797,0.99203
3.24000,1.01194,0.01794,0.98206
3.36000,1.01194,0.01546,0.98454
3.48000,1.01194,0.03451,0.96549
3.60000,1.01194,0.02043,0.97957
3.72000,1.01194,0.07599,0.92401
3.84000,1.01194,0.05213,0.94787
3.96000,1.01194,0.15544,0.84456
4.08000,1.01194,0.14980,0.85020
4.20000,1.01194,0.05680,0.94320
4.32000,1.01194,0.15298,0.84702
4.44000,1.01194,0.03456,0.96544
4.56000,1.01194,0.04367,0.95633
4.68000,1.01194,0.00329,0.99671
4.80000,1.01194,0.01830,0.98170
4.92000,1.01194,0.01356,0.98644
5.04000,1.01194,0.10964,0.89036
5.16000,1.01194,0.01194,0.98806
5.28000,1.01194,0.01776,0.98224
5.40000,1.01194,0.00189,0.99811
5.52000,1.01194,0.01211,0.98789
5.64000,1.01194,0.00991,0.99009
5.76000,1.01194,0.01995,0.98005
5.88000,1.01194,0.01769,0.98231
6.00000,1.01194,0.00785,0.99215
6.12000,1.01194,0.00995,0.99005
6.24000,1.01194,0.00563,0.99437
6.36000,1.01194,0.00829,0.99171
6.48000,1.01194,0.00816,0.99184
6.60000,1.01194,0.00592,0.99408
6.72000,1.01194,0.02807,0.97193
6.84000,1.01194,0.07246,0.92754
6.96000,1.01194,0.20107,0.79893
7.08000,1.01194,0.07847,0.92153
7.20000,1.01194,0.40787,0.59213
7.32000,1.01194,0.08260,0.91740
7.44000,1.01194,0.17502,0.82498
7.56000,1.01194,0.15522,0.84478
7.68000,1.01194,0.17492,0.82508
7.80000,1.01194,0.11345,0.88655
7.92000,1.01194,0.08741,0.91259
8.04000,1.01194,0.03641,0.96359
8.16000,1.01194,0.00824,0.99176
8.28000,1.01194,0.02374,0.97626
8.40000,1.01194,0.01793,0.98207
8.52000,1.01194,0.01679,0.98321
8.64000,1.01194,0.02464,0.97536
8.76000,1.01194,0.01344,0.98656
8.88000,1.01194,0.03714,0.96286
9.00000,1.01194,0.03655,0.96345
9.12000,1.01194,0.13764,0.86236
9.24000,1.01194,0.07535,0.92465
9.36000,1.01194,0.26091,0.73909
9.48000,1.01194,0.21303,0.78697
9.60000,1.01194,0.32812,0.67188
9.72000,1.01194,0.60173,0.39827
9.84000,1.01194,0.84785,0.15215
9.96000,1.01194,0.76935,0.23065
10.08000,1.01194,0.33858,0.66142
10.20000,1.01194,0.39456,0.60544
10.32000,1.01194,0.23635,0.76365
10.44000,1.01194,0.23926,0.76074
10.56000,1.01194,0.06126,0.93874
10.68000,1.01194,0.11805,0.88195
10.80000,1.01194,0.03753,0.96247
10.92000,1.01194,0.02411,0.97589
11.04000,1.01194,0.01989,0.98011
11.16000,1.01194,0.02492,0.97508
11.28000,1.01194,0.03491,0.96509
11.40000,1.01194,0.03176,0.96824
11.52000,1.01194,0.05570,0.94430
11.64000,1.01194,0.06624,0.93376
11.76000,1.01194,0.16699,0.83301
11.88000,1.01194,0.16264,0.83736
12.00000,1.01194,0.16071,0.83929
12.12000,1.01194,0.10549,0.89451
12.24000,1.01194,0.29407,0.70593
12.36000,1.01194,0.13378,0.86622
12.48000,1.01194,0.26899,0.73101
12.60000,1.01194,0.05380,0.94620
12.72000,1.01194,0.26317,0.73683
12.84000,1.01194,0.03146,0.96854
12.96000,1.01194,0.23640,0.76360
13.08000,1.01194,0.02806,0.97194
13.20000,1.01194,0.10843,0.89157
13.32000,1.01194,0.02375,0.97625
13.44000,1.01194,0.04128,0.95872
13.56000,1.01194,0.03083,0.96917
13.68000,1.01194,0.14452,0.85548
13.80000,1.01194,0.02022,0.97978
13.92000,1.01194,0.05733,0.94267
14.04000,1.01194,0.03246,0.96754
14.16000,1.01194,0.02238,0.97762
14.28000,1.01194,0.09492,0.90508
14.40000,1.01194,0.02081,0.97919
14.52000,1.01194,0.09389,0.90611
14.64000,1.01194,0.03631,0.96369
14.76000,1.01194,0.04504,0.95496
14.88000,1.01194,0.09764,0.90236
15.00000,1.01194,0.07249,0.92751
15.12000,1.01194,0.18671,0.81329
15.24000,1.01194,0.05556,0.94444
15.36000,1.01194,0.07893,0.92107
15.48000,1.01194,0.12678,0.87322
15.60000,1.01194,0.14689,0.85311
15.72000,1.01194,0.15848,0.84152
15.84000,1.01194,0.20108,0.79892
15.96000,1.01194,0.11732,0.88268
16.08000,1.01194,0.14925,0.85075
16.20000,1.01194,0.09206,0.90794
16.32000,1.01194,0.05430,0.94570
16.44000,1.01194,0.01069,0.98931
16.56000,1.01194,0.01985,0.98015
16.68000,1.01194,0.01226,0.98774
16.80000,1.01194,0.01120,0.98880
16.92000,1.01194,0.03219,0.96781
17.04000,1.01194,0.02740,0.97260
17.16000,1.01194,0.02772,0.97228
17.28000,1.01194,0.01814,0.98186
17.40000,1.01194,0.04018,0.95982
17.52000,1.01194,0.06252,0.93748
17.64000,1.01194,0.05657,0.94343
17.76000,1.01194,0.08131,0.91869
17.88000,1.01194,0.10378,0.89622
18.00000,1.01194,0.14271,0.85729
18.12000,1.01194,0.24979,0.75021
18.24000,1.01194,0.14845,0.85155
18.36000,1.01194,0.13578,0.86422
18.48000,1.01194,0.04523,0.95477
18.60000,1.01194,0.02275,0.97725
18.72000,1.01194,0.02995,0.97005
18.84000,1.01194,0.03160,0.96840
18.96000,1.01194,0.04272,0.95728
19.08000,1.01194,0.03119,0.96881
19.20000,1.01194,0.02030,0.97970
19.32000,1.01194,0.02164,0.97836
19.44000,1.01194,0.02874,0.97126
19.56000,1.01194,0.07190,0.92810
19.68000,1.01194,0.03715,0.96285
19.80000,1.01194,0.11851,0.88149
19.92000,1.01194,0.10388,0.89612
20.04000,1.01194,0.16556,0.83444
20.16000,1.01194,0.14329,0.85671
20.28000,1.01194,0.08440,0.91560
20.40000,1.01194,0.12051,0.87949
20.52000,1.01194,0.21753,0.78247
20.64000,1.01194,0.07479,0.92521
20.76000,1.01194,0.08475,0.91525
20.88000,1.01194,0.14868,0.85132
21.00000,1.01194,0.43508,0.56492
21.12000,1.01194,0.10078,0.89922
21.24000,1.01194,0.03811,0.96189
21.36000,1.01194,0.00680,0.99320
21.48000,1.01194,0.02349,0.97651
21.60000,1.01194,0.01908,0.98092
21.72000,1.01194,0.01051,0.98949
21.84000,1.01194,0.01470,0.98530
21.96000,1.01194,0.03259,0.96741
22.08000,1.01194,0.00917,0.99083
22.20000,1.01194,0.02709,0.97291
22.32000,1.01194,0.01177,0.98823
22.44000,1.01194,0.03766,0.96234
22.56000,1.01194,0.02012,0.97988
22.68000,1.01194,0.03506,0.96494
22.80000,1.01194,0.03856,0.96144
22.92000,1.01194,0.07089,0.92911
23.04000,1.01194,0.18766,0.81234
23.16000,1.01194,0.04797,0.95203
23.28000,1.01194,0.02119,0.97881
23.40000,1.01194,0.01451,0.98549
23.52000,1.01194,0.02283,0.97717
23.64000,1.01194,0.02272,0.97728
23.76000,1.01194,0.02122,0.97878
23.88000,1.01194,0.02350,0.97650
24.00000,1.01194,0.02549,0.97451
24.12000,1.01194,0.02134,0.97866
24.24000,1.01194,0.00569,0.99431
24.36000,1.01194,0.00998,0.99002
24.48000,1.01194,0.00526,0.99474
24.60000,1.01194,0.00952,0.99048
24.72000,1.01194,0.00381,0.99619
24.84000,1.01194,0.00587,0.99413
24.96000,1.01194,0.00769,0.99231
25.08000,1.01194,0.02367,0.97633
25.20000,1.01194,0.01584,0.98416
25.32000,1.01194,0.03062,0.96938
25.44000,1.01194,0.00682,0.99318
25.56000,1.01194,0.03951,0.96049
25.68000,1.01194,0.00427,0.99573
25.80000,1.01194,0.00663,0.99337
25.92000,1.01194,0.02171,0.97829
26.04000,1.01194,0.00934,0.99066
26.16000,1.01194,0.00146,0.99854
26.28000,1.01194,0.00320,0.99680
26.40000,1.01194,0.00309,0.99691
26.52000,1.01194,0.00181,0.99819
26.64000,1.01194,0.00199,0.99801
26.76000,1.01194,0.00149,0.99851
26.88000,1.01194,0.01627,0.98373
27.00000,1.01194,0.00634,0.99366
27.12000,1.01194,0.03620,0.96380
27.24000,1.01194,0.00486,0.99514
27.36000,1.01194,0.00334,0.99666
27.48000,1.01194,0.00822,0.99178
27.60000,1.01194,0.00480,0.99520
27.72000,1.01194,0.00332,0.99668
27.84000,1.01194,0.00224,0.99776
27.96000,1.01194,0.00535,0.99465
28.08000,1.01194,0.01991,0.98009
28.20000,1.01194,0.28038,0.71962
28.32000,1.01194,0.56845,0.43155
28.44000,1.01194,0.67728,0.32272
28.56000,1.01194,0.37025,0.62975
28.68000,1.01194,0.48775,0.51225
28.80000,1.01194,0.95942,0.04058
28.92000,1.01194,0.89188,0.10812
29.04000,1.01194,0.72636,0.27364
29.16000,1.01194,0.62479,0.37521
29.28000,1.01194,0.39136,0.60864
29.40000,1.01194,0.02040,0.97960
29.52000,1.01194,0.11216,0.88784
29.64000,1.01194,0.06592,0.93408
29.76000,1.01194,0.02697,0.97303
29.88000,1.01194,0.12646,0.87354
30.00000,1.01194,0.26330,0.73670
30.12000,1.01194,0.83894,0.16106
30.24000,1.01194,0.98440,0.01560
30.36000,1.01194,0.97436,0.02564
30.48000,1.01194,0.94634,0.05366
30.60000,1.01194,0.98228,0.01772
30.72000,1.01194,0.92120,0.07880
30.84000,1.01194,0.98418,0.01582
30.96000,1.01194,0.94180,0.05820
31.08000,1.01194,0.90653,0.09347
31.20000,1.01194,0.92969,0.07031
31.32000,1.01194,0.95207,0.04793
31.44000,1.01194,0.83130,0.16870
31.56000,1.01194,0.77921,0.22079
31.68000,1.01194,0.39417,0.60583
31.80000,1.01194,0.75513,0.24487
31.92000,1.01194,0.75634,0.24366
32.04000,1.01194,0.76328,0.23672
32.16000,1.01194,0.92889,0.07111
32.28000,1.01194,0.97260,0.02740
32.40000,1.01194,0.99363,0.00637
32.52000,1.01194,0.98064,0.01936
32.64000,1.01194,0.98993,0.01007
32.76000,1.01194,0.90920,0.09080
32.88000,1.01194,0.87281,0.12719
33.00000,1.01194,0.24496,0.75504
33.12000,1.01194,0.22617,0.77383
33.24000,1.01194,0.15063,0.84937
33.36000,1.01194,0.18234,0.81766
33.48000,1.01194,0.15709,0.84291
33.60000,1.01194,0.14261,0.85739
33.72000,1.01194,0.30398,0.69602
33.84000,1.01194,0.14942,0.85058
33.96000,1.01194,0.24325,0.75675
34.08000,1.01194,0.12424,0.87576
34.20000,1.01194,0.22395,0.77605
34.32000,1.01194,0.27362,0.72638
34.44000,1.01194,0.26449,0.73551
34.56000,1.01194,0.27324,0.72676
34.68000,1.01194,0.28982,0.71018
34.80000,1.01194,0.44111,0.55889
34.92000,1.01194,0.43986,0.56014
35.04000,1.01194,0.55677,0.44323
35.16000,1.01194,0.53888,0.46112
35.28000,1.01194,0.46063,0.53937
35.40000,1.01194,0.80724,0.19276
35.52000,1.01194,0.53333,0.46667
35.64000,1.01194,0.79628,0.20372
35.76000,1.01194,0.48516,0.51484
35.88000,1.01194,0.30032,0.69968
36.00000,1.01194,0.58586,0.41414
36.12000,1.01194,0.17287,0.82713
36.24000,1.01194,0.04575,0.95425
36.36000,1.01194,0.01333,0.98667
36.48000,1.01194,0.00788,0.99212
36.60000,1.01194,0.01680,0.98320
36.72000,1.01194,0.02018,0.97982
36.84000,1.01194,0.01415,0.98585
36.96000,1.01194,0.04282,0.95718
37.08000,1.01194,0.01938,0.98062
37.20000,1.01194,0.10630,0.89370
37.32000,1.01194,0.11499,0.88501
37.44000,1.01194,0.13315,0.86685
37.56000,1.01194,0.05278,0.94722
37.68000,1.01194,0.15541,0.84459
37.80000,1.01194,0.05929,0.94071
37.92000,1.01194,0.15323,0.84677
38.04000,1.01194,0.16955,0.83045
38.16000,1.01194,0.18965,0.81035
38.28000,1.01194,0.07289,0.92711
38.40000,1.01194,0.08545,0.91455
38.52000,1.01194,0.02314,0.97686
38.64000,1.01194,0.05759,0.94241
38.76000,1.01194,0.02164,0.97836
38.88000,1.01194,0.01935,0.98065
39.00000,1.01194,0.02138,0.97862
39.12000,1.01194,0.00676,0.99324
39.24000,1.01194,0.00610,0.99390
39.36000,1.01194,0.01101,0.98899
39.48000,1.01194,0.00504,0.99496
39.60000,1.01194,0.01159,0.98841
39.72000,1.01194,0.00623,0.99377
39.84000,1.01194,0.03406,0.96594
39.96000,1.01194,0.05465,0.94535
40.08000,1.01194,0.08293,0.91707
40.20000,1.01194,0.06407,0.93593
40.32000,1.01194,0.07296,0.92704
40.44000,1.01194,0.07044,0.92956
40.56000,1.01194,0.06594,0.93406
40.68000,1.01194,0.04605,0.95395
40.80000,1.01194,0.13594,0.86406
40.92000,1.01194,0.09484,0.90516
41.04000,1.01194,0.02752,0.97248
41.16000,1.01194,0.02619,0.97381
41.28000,1.01194,0.01023,0.98977
41.40000,1.01194,0.03005,0.96995
41.52000,1.01194,0.01523,0.98477
41.64000,1.01194,0.01997,0.98003
41.76000,1.01194,0.02174,0.97826
41.88000,1.01194,0.03016,0.96984
42.00000,1.01194,0.01420,0.98580
42.12000,1.01194,0.02863,0.97137
42.24000,1.01194,0.08962,0.91038
42.36000,1.01194,0.09997,0.90003
42.48000,1.01194,0.09214,0.90786
42.60000,1.01194,0.21820,0.78180
42.72000,1.01194,0.19653,0.80347
42.84000,1.01194,0.17848,0.82152
42.96000,1.01194,0.30515,0.69485
43.08000,1.01194,0.07482,0.92518
43.20000,1.01194,0.14801,0.85199
43.32000,1.01194,0.10123,0.89877
43.44000,1.01194,0.08918,0.91082
43.56000,1.01194,0.09016,0.90984
43.68000,1.01194,0.12687,0.87313
43.80000,1.01194,0.12981,0.87019
43.92000,1.01194,0.03670,0.96330
44.04000,1.01194,0.05882,0.94118
44.16000,1.01194,0.08225,0.91775
44.28000,1.01194,0.41715,0.58285
44.40000,1.01194,0.19353,0.80647
44.52000,1.01194,0.48316,0.51684
44.64000,1.01194,0.18200,0.81800
44.76000,1.01194,0.41541,0.58459
44.88000,1.01194,0.31946,0.68054
45.00000,1.01194,0.11844,0.88156
45.12000,1.01194,0.24585,0.75415
45.24000,1.01194,0.06498,0.93502
45.36000,1.01194,0.15661,0.84339
45.48000,1.01194,0.18210,0.81790
45.60000,1.01194,0.16446,0.83554
45.72000,1.01194,0.34654,0.65346
45.84000,1.01194,0.51572,0.48428
45.96000,1.01194,0.62294,0.37706
46.08000,1.01194,0.60174,0.39826
46.20000,1.01194,0.82276,0.17724
46.32000,1.01194,0.72229,0.27771
46.44000,1.01194,0.77679,0.22321
46.56000,1.01194,0.72190,0.27810
46.68000,1.01194,0.81982,0.18019
46.80000,1.01194,0.82722,0.17278
46.92000,1.01194,0.69150,0.30850
47.04000,1.01194,0.81444,0.18556
47.16000,1.01194,0.87182,0.12818
47.28000,1.01194,0.80527,0.19473
47.40000,1.01194,0.92288,0.07712
47.52000,1.01194,0.82484,0.17516
47.64000,1.01194,0.91827,0.08173
47.76000,1.01194,0.79353,0.20647
47.88000,1.01194,0.83057,0.16943
48.00000,1.01194,0.88997,0.11003
