Time (seconds), Duration (seconds),pred_unlabeled,pred_sirens
0.00000,1.01194,0.12360,0.87640
0.12000,1.01194,0.13443,0.86557
0.24000,1.01194,0.02910,0.97090
0.36000,1.01194,0.01011,0.98989
0.48000,1.01194,0.03866,0.96134
0.60000,1.01194,0.06240,0.93760
0.72000,1.01194,0.04324,0.95676
0.84000,1.01194,0.03978,0.96022
0.96000,1.01194,0.01162,0.98838
1.08000,1.01194,0.02244,0.97756
1.20000,1.01194,0.02541,0.97459
1.32000,1.01194,0.06533,0.93467
1.44000,1.01194,0.05060,0.94940
1.56000,1.01194,0.04327,0.95673
1.68000,1.01194,0.01658,0.98342
1.80000,1.01194,0.01642,0.98358
1.92000,1.01194,0.02933,0.97067
2.04000,1.01194,0.04767,0.95233
2.16000,1.01194,0.03558,0.96442
2.28000,1.01194,0.07943,0.92057
2.40000,1.01194,0.04685,0.95315
2.52000,1.01194,0.07736,0.92264
2.64000,1.01194,0.04363,0.95637
2.76000,1.01194,0.09699,0.90301
2.88000,1.01194,0.23319,0.76681
3.00000,1.01194,0.10896,0.89104
3.12000,1.01194,0.08466,0.91534
3.24000,1.01194,0.04669,0.95331
3.36000,1.01194,0.19807,0.80193
3.48000,1.01194,0.09994,0.90006
3.60000,1.01194,0.05372,0.94628
3.72000,1.01194,0.04392,0.95608
3.84000,1.01194,0.03038,0.96962
3.96000,1.01194,0.10451,0.89549
4.08000,1.01194,0.06622,0.93378
4.20000,1.01194,0.07242,0.92758
4.32000,1.01194,0.12319,0.87681
4.44000,1.01194,0.13557,0.86443
4.56000,1.01194,0.38461,0.61539
4.68000,1.01194,0.23232,0.76768
4.80000,1.01194,0.52835,0.47165
4.92000,1.01194,0.29742,0.70258
5.04000,1.01194,0.43215,0.56785
5.16000,1.01194,0.58727,0.41273
5.28000,1.01194,0.32411,0.67589
5.40000,1.01194,0.26478,0.73522
5.52000,1.01194,0.34973,0.65027
5.64000,1.01194,0.23708,0.76292
5.76000,1.01194,0.09771,0.90229
5.88000,1.01194,0.04417,0.95583
6.00000,1.01194,0.02310,0.97690
6.12000,1.01194,0.00798,0.99202
6.24000,1.01194,0.00621,0.99379
6.36000,1.01194,0.01819,0.98181
6.48000,1.01194,0.01140,0.98860
6.60000,1.01194,0.01950,0.98050
6.72000,1.01194,0.02353,0.97647
6.84000,1.01194,0.06439,0.93561
6.96000,1.01194,0.05849,0.94151
7.08000,1.01194,0.11004,0.88996
7.20000,1.01194,0.09557,0.90443
7.32000,1.01194,0.09154,0.90846
7.44000,1.01194,0.19695,0.80305
7.56000,1.01194,0.15796,0.84204
7.68000,1.01194,0.38280,0.61720
7.80000,1.01194,0.33079,0.66921
7.92000,1.01194,0.56044,0.43956
8.04000,1.01194,0.69288,0.30712
8.16000,1.01194,0.51958,0.48042
8.28000,1.01194,0.67461,0.32539
8.40000,1.01194,0.56446,0.43554
8.52000,1.01194,0.74866,0.25134
8.64000,1.01194,0.24648,0.75352
8.76000,1.01194,0.56237,0.43763
8.88000,1.01194,0.39342,0.60658
9.00000,1.01194,0.61814,0.38186
9.12000,1.01194,0.49722,0.50278
9.24000,1.01194,0.55126,0.44874
9.36000,1.01194,0.57635,0.42365
9.48000,1.01194,0.76472,0.23528
9.60000,1.01194,0.67952,0.32048
9.72000,1.01194,0.78493,0.21507
9.84000,1.01194,0.58712,0.41288
9.96000,1.01194,0.69060,0.30940
10.08000,1.01194,0.49669,0.50331
10.20000,1.01194,0.46677,0.53323
10.32000,1.01194,0.15436,0.84564
10.44000,1.01194,0.11170,0.88830
10.56000,1.01194,0.11880,0.88120
10.68000,1.01194,0.15710,0.84290
10.80000,1.01194,0.09191,0.90809
10.92000,1.01194,0.34508,0.65492
11.04000,1.01194,0.27804,0.72196
11.16000,1.01194,0.41854,0.58146
11.28000,1.01194,0.23787,0.76213
11.40000,1.01194,0.31234,0.68766
11.52000,1.01194,0.38520,0.61480
11.64000,1.01194,0.40507,0.59493
11.76000,1.01194,0.52523,0.47477
11.88000,1.01194,0.45318,0.54682
12.00000,1.01194,0.72506,0.27494
12.12000,1.01194,0.42846,0.57154
12.24000,1.01194,0.49214,0.50786
12.36000,1.01194,0.49387,0.50613
12.48000,1.01194,0.43740,0.56260
12.60000,1.01194,0.52845,0.47155
12.72000,1.01194,0.64041,0.35959
12.84000,1.01194,0.45010,0.54990
12.96000,1.01194,0.65151,0.34849
13.08000,1.01194,0.64359,0.35641
13.20000,1.01194,0.35884,0.64116
13.32000,1.01194,0.63494,0.36506
13.44000,1.01194,0.17003,0.82997
13.56000,1.01194,0.63333,0.36667
13.68000,1.01194,0.35300,0.64700
13.80000,1.01194,0.33123,0.66877
13.92000,1.01194,0.31107,0.68893
14.04000,1.01194,0.22531,0.77469
14.16000,1.01194,0.16634,0.83366
14.28000,1.01194,0.12982,0.87018
14.40000,1.01194,0.04049,0.95951
14.52000,1.01194,0.09179,0.90821
14.64000,1.01194,0.07533,0.92467
14.76000,1.01194,0.05805,0.94195
14.88000,1.01194,0.01979,0.98021
15.00000,1.01194,0.03021,0.96979
15.12000,1.01194,0.07869,0.92131
15.24000,1.01194,0.03184,0.96816
15.36000,1.01194,0.03388,0.96612
15.48000,1.01194,0.02078,0.97922
15.60000,1.01194,0.05078,0.94922
15.72000,1.01194,0.01302,0.98698
15.84000,1.01194,0.04515,0.95485
15.96000,1.01194,0.02496,0.97504
16.08000,1.01194,0.04424,0.95576
16.20000,1.01194,0.04336,0.95664
16.32000,1.01194,0.08240,0.91760
16.44000,1.01194,0.17852,0.82148
16.56000,1.01194,0.39480,0.60520
16.68000,1.01194,0.44077,0.55923
16.80000,1.01194,0.36862,0.63138
16.92000,1.01194,0.40405,0.59595
17.04000,1.01194,0.27798,0.72202
17.16000,1.01194,0.37055,0.62945
17.28000,1.01194,0.41583,0.58417
17.40000,1.01194,0.54470,0.45530
17.52000,1.01194,0.30480,0.69520
17.64000,1.01194,0.51230,0.48770
17.76000,1.01194,0.48967,0.51033
17.88000,1.01194,0.61836,0.38164
18.00000,1.01194,0.54044,0.45956
18.12000,1.01194,0.72089,0.27911
18.24000,1.01194,0.60993,0.39007
18.36000,1.01194,0.34197,0.65803
18.48000,1.01194,0.51790,0.48210
18.60000,1.01194,0.59850,0.40150
18.72000,1.01194,0.20077,0.79923
18.84000,1.01194,0.23648,0.76352
18.96000,1.01194,0.10119,0.89881
19.08000,1.01194,0.05457,0.94543
19.20000,1.01194,0.04166,0.95834
19.32000,1.01194,0.03586,0.96414
19.44000,1.01194,0.01876,0.98124
19.56000,1.01194,0.01801,0.98199
19.68000,1.01194,0.02320,0.97680
19.80000,1.01194,0.05240,0.94760
19.92000,1.01194,0.04751,0.95249
20.04000,1.01194,0.05687,0.94313
20.16000,1.01194,0.02507,0.97493
20.28000,1.01194,0.07449,0.92551
20.40000,1.01194,0.04904,0.95096
20.52000,1.01194,0.04356,0.95644
20.64000,1.01194,0.02747,0.97253
20.76000,1.01194,0.02461,0.97539
20.88000,1.01194,0.03014,0.96986
21.00000,1.01194,0.06999,0.93001
21.12000,1.01194,0.08275,0.91725
21.24000,1.01194,0.30160,0.69840
21.36000,1.01194,0.35504,0.64496
21.48000,1.01194,0.66110,0.33890
21.60000,1.01194,0.47052,0.52948
21.72000,1.01194,0.70090,0.29910
21.84000,1.01194,0.59507,0.40493
21.96000,1.01194,0.53105,0.46895
22.08000,1.01194,0.35910,0.64090
22.20000,1.01194,0.31905,0.68095
22.32000,1.01194,0.15004,0.84996
22.44000,1.01194,0.25034,0.74966
22.56000,1.01194,0.05372,0.94628
22.68000,1.01194,0.13994,0.86006
22.80000,1.01194,0.05910,0.94090
22.92000,1.01194,0.01924,0.98076
23.04000,1.01194,0.04063,0.95937
23.16000,1.01194,0.04424,0.95576
23.28000,1.01194,0.01502,0.98498
23.40000,1.01194,0.01062,0.98938
23.52000,1.01194,0.01824,0.98176
23.64000,1.01194,0.01160,0.98840
23.76000,1.01194,0.01566,0.98434
23.88000,1.01194,0.01330,0.98670
24.00000,1.01194,0.03445,0.96555
24.12000,1.01194,0.01103,0.98897
24.24000,1.01194,0.03214,0.96786
24.36000,1.01194,0.04048,0.95952
24.48000,1.01194,0.03011,0.96989
24.60000,1.01194,0.02088,0.97912
24.72000,1.01194,0.01268,0.98732
24.84000,1.01194,0.01990,0.98010
24.96000,1.01194,0.02099,0.97901
25.08000,1.01194,0.04257,0.95743
25.20000,1.01194,0.03669,0.96331
25.32000,1.01194,0.03928,0.96072
25.44000,1.01194,0.04946,0.95054
25.56000,1.01194,0.05335,0.94665
25.68000,1.01194,0.19578,0.80422
25.80000,1.01194,0.35737,0.64263
25.92000,1.01194,0.31157,0.68843
26.04000,1.01194,0.51914,0.48086
26.16000,1.01194,0.40483,0.59517
26.28000,1.01194,0.63324,0.36676
26.40000,1.01194,0.32852,0.67148
26.52000,1.01194,0.39324,0.60676
26.64000,1.01194,0.68476,0.31524
26.76000,1.01194,0.62213,0.37787
26.88000,1.01194,0.36644,0.63356
27.00000,1.01194,0.46341,0.53659
27.12000,1.01194,0.37831,0.62169
27.24000,1.01194,0.26613,0.73387
27.36000,1.01194,0.28736,0.71264
27.48000,1.01194,0.37293,0.62707
27.60000,1.01194,0.11836,0.88164
27.72000,1.01194,0.09058,0.90942
27.84000,1.01194,0.09827,0.90173
27.96000,1.01194,0.03147,0.96853
28.08000,1.01194,0.06906,0.93094
28.20000,1.01194,0.04229,0.95771
28.32000,1.01194,0.02784,0.97216
28.44000,1.01194,0.01657,0.98343
28.56000,1.01194,0.02543,0.97457
28.68000,1.01194,0.02107,0.97893
28.80000,1.01194,0.03725,0.96275
28.92000,1.01194,0.03897,0.96103
29.04000,1.01194,0.04043,0.95957
29.16000,1.01194,0.02959,0.97041
29.28000,1.01194,0.07924,0.92076
29.40000,1.01194,0.02257,0.97743
29.52000,1.01194,0.03688,0.96312
29.64000,1.01194,0.02745,0.97255
29.76000,1.01194,0.15352,0.84648
29.88000,1.01194,0.09052,0.90948
30.00000,1.01194,0.28373,0.71627
30.12000,1.01194,0.26224,0.73776
30.24000,1.01194,0.33422,0.66578
30.36000,1.01194,0.46510,0.53491
30.48000,1.01194,0.43021,0.56979
30.60000,1.01194,0.58309,0.41691
30.72000,1.01194,0.17774,0.82226
30.84000,1.01194,0.27415,0.72585
30.96000,1.01194,0.17864,0.82136
31.08000,1.01194,0.24784,0.75216
31.20000,1.01194,0.40316,0.59684
31.32000,1.01194,0.32223,0.67777
31.44000,1.01194,0.27195,0.72805
31.56000,1.01194,0.10778,0.89222
31.68000,1.01194,0.20081,0.79919
31.80000,1.01194,0.18319,0.81681
31.92000,1.01194,0.08685,0.91315
32.04000,1.01194,0.09780,0.90220
32.16000,1.01194,0.06907,0.93093
32.28000,1.01194,0.03670,0.96330
32.40000,1.01194,0.03337,0.96663
32.52000,1.01194,0.01767,0.98233
32.64000,1.01194,0.01967,0.98033
32.76000,1.01194,0.01011,0.98989
32.88000,1.01194,0.01744,0.98256
33.00000,1.01194,0.01179,0.98821
33.12000,1.01194,0.01266,0.98734
33.24000,1.01194,0.03125,0.96875
33.36000,1.01194,0.04152,0.95848
33.48000,1.01194,0.05564,0.94436
33.60000,1.01194,0.02054,0.97946
33.72000,1.01194,0.07521,0.92479
33.84000,1.01194,0.02673,0.97327
33.96000,1.01194,0.02910,0.97090
34.08000,1.01194,0.03080,0.96920
34.20000,1.01194,0.05200,0.94800
34.32000,1.01194,0.04465,0.95535
34.44000,1.01194,0.15593,0.84407
34.56000,1.01194,0.29906,0.70094
34.68000,1.01194,0.37599,0.62401
34.80000,1.01194,0.49525,0.50475
34.92000,1.01194,0.37072,0.62928
35.04000,1.01194,0.51549,0.48451
35.16000,1.01194,0.42048,0.57952
35.28000,1.01194,0.33569,0.66431
35.40000,1.01194,0.33921,0.66079
35.52000,1.01194,0.27251,0.72749
35.64000,1.01194,0.23021,0.76979
35.76000,1.01194,0.23426,0.76574
35.88000,1.01194,0.10368,0.89632
36.00000,1.01194,0.10326,0.89674
36.12000,1.01194,0.12733,0.87267
36.24000,1.01194,0.14382,0.85618
36.36000,1.01194,0.20035,0.79965
36.48000,1.01194,0.13276,0.86724
36.60000,1.01194,0.04919,0.95081
36.72000,1.01194,0.04082,0.95918
36.84000,1.01194,0.03159,0.96841
36.96000,1.01194,0.02959,0.97041
37.08000,1.01194,0.07487,0.92513
37.20000,1.01194,0.00962,0.99038
37.32000,1.01194,0.01294,0.98706
37.44000,1.01194,0.00557,0.99443
37.56000,1.01194,0.03579,0.96421
37.68000,1.01194,0.00973,0.99027
37.80000,1.01194,0.01509,0.98492
37.92000,1.01194,0.01990,0.98010
38.04000,1.01194,0.02433,0.97567
38.16000,1.01194,0.02552,0.97448
38.28000,1.01194,0.03182,0.96818
38.40000,1.01194,0.00875,0.99125
38.52000,1.01194,0.01468,0.98532
38.64000,1.01194,0.01164,0.98836
38.76000,1.01194,0.01379,0.98621
38.88000,1.01194,0.00737,0.99263
39.00000,1.01194,0.05279,0.94721
39.12000,1.01194,0.04801,0.95199
39.24000,1.01194,0.03859,0.96141
39.36000,1.01194,0.05949,0.94051
39.48000,1.01194,0.09663,0.90337
39.60000,1.01194,0.11300,0.88700
39.72000,1.01194,0.08158,0.91842
39.84000,1.01194,0.05794,0.94206
39.96000,1.01194,0.06286,0.93714
40.08000,1.01194,0.09119,0.90881
40.20000,1.01194,0.10492,0.89508
40.32000,1.01194,0.04198,0.95802
40.44000,1.01194,0.03298,0.96702
40.56000,1.01194,0.01894,0.98106
40.68000,1.01194,0.07227,0.92773
40.80000,1.01194,0.01243,0.98757
40.92000,1.01194,0.03046,0.96954
41.04000,1.01194,0.01682,0.98318
41.16000,1.01194,0.00987,0.99013
41.28000,1.01194,0.01254,0.98746
41.40000,1.01194,0.00560,0.99440
41.52000,1.01194,0.00418,0.99582
41.64000,1.01194,0.00349,0.99651
41.76000,1.01194,0.00288,0.99712
41.88000,1.01194,0.00483,0.99517
42.00000,1.01194,0.01220,0.98780
42.12000,1.01194,0.03029,0.96971
42.24000,1.01194,0.01999,0.98001
42.36000,1.01194,0.03485,0.96515
42.48000,1.01194,0.02350,0.97650
42.60000,1.01194,0.01903,0.98097
42.72000,1.01194,0.02013,0.97987
42.84000,1.01194,0.02324,0.97676
42.96000,1.01194,0.02265,0.97735
43.08000,1.01194,0.02290,0.97710
43.20000,1.01194,0.02591,0.97409
43.32000,1.01194,0.03511,0.96489
43.44000,1.01194,0.02234,0.97766
43.56000,1.01194,0.10443,0.89557
43.68000,1.01194,0.02796,0.97204
43.80000,1.01194,0.02566,0.97434
43.92000,1.01194,0.02348,0.97652
44.04000,1.01194,0.05010,0.94990
44.16000,1.01194,0.11185,0.88815
44.28000,1.01194,0.15410,0.84590
44.40000,1.01194,0.18407,0.81593
44.52000,1.01194,0.36847,0.63153
44.64000,1.01194,0.15232,0.84768
44.76000,1.01194,0.11412,0.88588
44.88000,1.01194,0.12213,0.87787
45.00000,1.01194,0.19610,0.80390
45.12000,1.01194,0.02245,0.97755
45.24000,1.01194,0.02485,0.97515
45.36000,1.01194,0.01485,0.98515
45.48000,1.01194,0.01396,0.98604
45.60000,1.01194,0.02031,0.97969
45.72000,1.01194,0.00930,0.99070
45.84000,1.01194,0.00953,0.99047
45.96000,1.01194,0.00290,0.99710
46.08000,1.01194,0.00762,0.99238
46.20000,1.01194,0.00611,0.99389
46.32000,1.01194,0.00733,0.99267
46.44000,1.01194,0.00691,0.99309
46.56000,1.01194,0.00792,0.99208
46.68000,1.01194,0.01021,0.98979
46.80000,1.01194,0.00950,0.99050
46.92000,1.01194,0.02234,0.97766
47.04000,1.01194,0.04633,0.95367
47.16000,1.01194,0.02330,0.97670
47.28000,1.01194,0.01299,0.98701
47.40000,1.01194,0.02237,0.97763
47.52000,1.01194,0.05805,0.94195
47.64000,1.01194,0.06189,0.93811
47.76000,1.01194,0.07584,0.92416
47.88000,1.01194,0.04508,0.95492
48.00000,1.01194,0.05926,0.94074
48.12000,1.01194,0.35942,0.64058
48.24000,1.01194,0.58626,0.41374
48.36000,1.01194,0.49921,0.50079
48.48000,1.01194,0.68527,0.31473
48.60000,1.01194,0.58500,0.41500
48.72000,1.01194,0.76230,0.23770
48.84000,1.01194,0.35094,0.64906
48.96000,1.01194,0.76129,0.23871
49.08000,1.01194,0.33531,0.66469
49.20000,1.01194,0.66417,0.33583
49.32000,1.01194,0.44234,0.55766
49.44000,1.01194,0.25776,0.74224
49.56000,1.01194,0.30275,0.69725
49.68000,1.01194,0.21233,0.78767
49.80000,1.01194,0.24861,0.75139
49.92000,1.01194,0.38210,0.61790
50.04000,1.01194,0.17484,0.82516
50.16000,1.01194,0.13473,0.86527
50.28000,1.01194,0.15210,0.84790
50.40000,1.01194,0.13575,0.86425
50.52000,1.01194,0.15593,0.84407
50.64000,1.01194,0.01962,0.98038
50.76000,1.01194,0.04459,0.95541
50.88000,1.01194,0.03635,0.96365
51.00000,1.01194,0.11944,0.88056
51.12000,1.01194,0.04715,0.95285
51.24000,1.01194,0.09332,0.90668
51.36000,1.01194,0.03300,0.96700
51.48000,1.01194,0.07056,0.92944
51.60000,1.01194,0.06282,0.93718
51.72000,1.01194,0.07586,0.92414
51.84000,1.01194,0.04337,0.95663
51.96000,1.01194,0.01174,0.98826
52.08000,1.01194,0.02207,0.97793
52.20000,1.01194,0.01425,0.98575
52.32000,1.01194,0.03635,0.96365
52.44000,1.01194,0.04185,0.95815
52.56000,1.01194,0.04376,0.95624
52.68000,1.01194,0.01878,0.98122
52.80000,1.01194,0.03671,0.96329
52.92000,1.01194,0.07036,0.92964
53.04000,1.01194,0.04792,0.95208
53.16000,1.01194,0.08296,0.91704
53.28000,1.01194,0.10067,0.89933
53.40000,1.01194,0.24496,0.75504
53.52000,1.01194,0.09957,0.90043
53.64000,1.01194,0.10793,0.89207
53.76000,1.01194,0.10275,0.89725
53.88000,1.01194,0.23356,0.76644
54.00000,1.01194,0.02646,0.97354
54.12000,1.01194,0.04244,0.95756
54.24000,1.01194,0.05959,0.94041
54.36000,1.01194,0.10514,0.89486
54.48000,1.01194,0.04525,0.95475
54.60000,1.01194,0.05208,0.94792
54.72000,1.01194,0.06303,0.93697
54.84000,1.01194,0.02713,0.97287
54.96000,1.01194,0.01898,0.98102
55.08000,1.01194,0.02477,0.97523
55.20000,1.01194,0.01286,0.98714
55.32000,1.01194,0.03776,0.96224
55.44000,1.01194,0.01539,0.98461
55.56000,1.01194,0.03270,0.96730
55.68000,1.01194,0.02089,0.97911
55.80000,1.01194,0.03319,0.96681
55.92000,1.01194,0.02993,0.97007
56.04000,1.01194,0.04216,0.95784
56.16000,1.01194,0.02758,0.97242
56.28000,1.01194,0.01549,0.98451
56.40000,1.01194,0.02665,0.97335
56.52000,1.01194,0.00967,0.99033
56.64000,1.01194,0.00921,0.99079
56.76000,1.01194,0.01235,0.98765
56.88000,1.01194,0.02491,0.97509
57.00000,1.01194,0.01651,0.98349
57.12000,1.01194,0.04016,0.95984
57.24000,1.01194,0.02178,0.97822
57.36000,1.01194,0.03258,0.96742
57.48000,1.01194,0.04058,0.95942
57.60000,1.01194,0.03385,0.96615
57.72000,1.01194,0.05419,0.94581
57.84000,1.01194,0.07412,0.92588
57.96000,1.01194,0.03984,0.96016
58.08000,1.01194,0.12522,0.87478
58.20000,1.01194,0.03246,0.96754
58.32000,1.01194,0.20544,0.79456
58.44000,1.01194,0.12479,0.87521
58.56000,1.01194,0.36314,0.63686
58.68000,1.01194,0.31437,0.68563
58.80000,1.01194,0.25047,0.74953
58.92000,1.01194,0.04603,0.95397
59.04000,1.01194,0.07373,0.92627
59.16000,1.01194,0.03312,0.96688
59.28000,1.01194,0.11740,0.88260
59.40000,1.01194,0.03171,0.96829
59.52000,1.01194,0.06944,0.93056
59.64000,1.01194,0.01760,0.98240
59.76000,1.01194,0.03983,0.96017
59.88000,1.01194,0.01538,0.98462
60.00000,1.01194,0.02172,0.97828
60.12000,1.01194,0.01974,0.98026
60.24000,1.01194,0.00839,0.99161
60.36000,1.01194,0.00872,0.99128
60.48000,1.01194,0.00790,0.99210
60.60000,1.01194,0.01445,0.98555
60.72000,1.01194,0.01007,0.98993
60.84000,1.01194,0.01398,0.98602
60.96000,1.01194,0.00748,0.99252
61.08000,1.01194,0.01884,0.98116
61.20000,1.01194,0.01224,0.98776
61.32000,1.01194,0.02606,0.97394
61.44000,1.01194,0.01079,0.98921
61.56000,1.01194,0.02450,0.97550
61.68000,1.01194,0.00793,0.99207
61.80000,1.01194,0.06330,0.93670
61.92000,1.01194,0.03137,0.96863
62.04000,1.01194,0.12695,0.87305
62.16000,1.01194,0.05734,0.94266
62.28000,1.01194,0.11961,0.88039
62.40000,1.01194,0.11562,0.88438
62.52000,1.01194,0.09389,0.90611
62.64000,1.01194,0.14542,0.85458
62.76000,1.01194,0.20738,0.79262
62.88000,1.01194,0.11424,0.88576
63.00000,1.01194,0.06066,0.93934
63.12000,1.01194,0.02103,0.97897
63.24000,1.01194,0.05338,0.94662
63.36000,1.01194,0.03389,0.96611
63.48000,1.01194,0.01276,0.98724
63.60000,1.01194,0.02020,0.97980
63.72000,1.01194,0.01576,0.98424
63.84000,1.01194,0.01232,0.98768
63.96000,1.01194,0.03883,0.96117
64.08000,1.01193,0.01907,0.98093
64.20000,1.01194,0.02553,0.97447
64.32000,1.01194,0.01683,0.98317
64.44000,1.01193,0.01339,0.98661
64.56000,1.01194,0.01221,0.98779
64.68000,1.01194,0.01960,0.98040
64.80000,1.01193,0.01683,0.98317
64.92000,1.01194,0.01279,0.98721
65.04000,1.01194,0.00686,0.99314
65.16000,1.01193,0.00766,0.99234
65.28000,1.01194,0.00481,0.99519
65.40000,1.01193,0.00770,0.99230
65.52000,1.01194,0.00502,0.99498
65.64000,1.01194,0.00467,0.99533
65.76000,1.01193,0.02253,0.97747
65.88000,1.01194,0.01210,0.98790
66.00000,1.01194,0.02202,0.97798
66.12000,1.01193,0.00882,0.99118
66.24000,1.01194,0.01213,0.98787
66.36000,1.01194,0.00570,0.99429
66.48000,1.01193,0.00880,0.99120
66.60000,1.01194,0.01219,0.98781
66.72000,1.01194,0.02878,0.97122
66.84000,1.01194,0.01115,0.98885
66.96000,1.01194,0.01738,0.98262
67.08000,1.01193,0.01832,0.98168
67.20000,1.01194,0.00691,0.99309
67.32000,1.01194,0.00480,0.99520
67.44000,1.01193,0.00312,0.99688
67.56000,1.01194,0.00257,0.99743
67.68000,1.01194,0.00242,0.99758
67.80000,1.01193,0.00465,0.99535
67.92000,1.01194,0.00338,0.99662
68.04000,1.01194,0.00873,0.99127
68.16000,1.01193,0.00358,0.99642
68.28000,1.01194,0.00482,0.99518
68.40000,1.01193,0.00955,0.99045
68.52000,1.01194,0.01119,0.98881
68.64000,1.01194,0.02917,0.97083
68.76000,1.01193,0.05046,0.94954
68.88000,1.01194,0.05036,0.94964
69.00000,1.01194,0.13500,0.86500
69.12000,1.01193,0.05673,0.94327
69.24000,1.01194,0.20283,0.79717
69.36000,1.01194,0.11836,0.88164
69.48000,1.01193,0.51037,0.48963
69.60000,1.01194,0.20247,0.79753
69.72000,1.01194,0.21906,0.78094
69.84000,1.01194,0.17903,0.82097
69.96000,1.01194,0.18156,0.81844
70.08000,1.01193,0.24660,0.75340
70.20000,1.01194,0.13507,0.86493
70.32000,1.01194,0.18185,0.81815
70.44000,1.01193,0.10614,0.89386
70.56000,1.01194,0.09161,0.90839
70.68000,1.01194,0.09125,0.90875
70.80000,1.01193,0.12191,0.87809
70.92000,1.01194,0.03160,0.96840
71.04000,1.01194,0.02853,0.97147
71.16000,1.01193,0.03446,0.96554
71.28000,1.01194,0.02555,0.97445
71.40000,1.01193,0.03315,0.96685
71.52000,1.01194,0.02233,0.97767
71.64000,1.01194,0.07449,0.92551
71.76000,1.01193,0.02932,0.97068
71.88000,1.01194,0.07791,0.92209
72.00000,1.01194,0.01301,0.98699
72.12000,1.01193,0.01863,0.98137
72.24000,1.01194,0.02273,0.97727
72.36000,1.01194,0.00804,0.99196
72.48000,1.01193,0.00984,0.99016
72.60000,1.01194,0.00538,0.99462
72.72000,1.01194,0.01020,0.98980
72.84000,1.01194,0.01248,0.98752
72.96000,1.01194,0.02650,0.97350
73.08000,1.01193,0.02644,0.97356
73.20000,1.01194,0.02911,0.97089
73.32000,1.01194,0.14590,0.85410
73.44000,1.01193,0.03155,0.96845
73.56000,1.01194,0.03754,0.96246
73.68000,1.01194,0.02952,0.97048
73.80000,1.01193,0.11598,0.88402
73.92000,1.01194,0.07168,0.92832
74.04000,1.01194,0.04052,0.95948
74.16000,1.01193,0.04493,0.95507
74.28000,1.01194,0.02396,0.97604
74.40000,1.01193,0.04621,0.95379
74.52000,1.01194,0.01446,0.98554
74.64000,1.01194,0.01888,0.98112
74.76000,1.01193,0.00559,0.99441
74.88000,1.01194,0.00379,0.99621
75.00000,1.01194,0.00829,0.99171
75.12000,1.01193,0.00946,0.99054
75.24000,1.01194,0.01060,0.98940
75.36000,1.01194,0.00561,0.99439
75.48000,1.01193,0.00748,0.99252
75.60000,1.01194,0.01199,0.98801
75.72000,1.01194,0.01134,0.98866
75.84000,1.01194,0.00676,0.99324
75.96000,1.01194,0.01085,0.98915
76.08000,1.01193,0.03514,0.96486
76.20000,1.01194,0.01495,0.98505
76.32000,1.01194,0.03027,0.96973
76.44000,1.01193,0.02373,0.97627
76.56000,1.01194,0.05784,0.94216
76.68000,1.01194,0.03044,0.96956
76.80000,1.01193,0.06319,0.93681
76.92000,1.01194,0.12587,0.87413
77.04000,1.01194,0.11661,0.88339
77.16000,1.01193,0.09461,0.90539
77.28000,1.01194,0.05072,0.94928
77.40000,1.01193,0.06884,0.93116
77.52000,1.01194,0.06624,0.93376
77.64000,1.01194,0.06707,0.93293
77.76000,1.01193,0.02770,0.97230
77.88000,1.01194,0.02717,0.97283
78.00000,1.01194,0.01676,0.98324
78.12000,1.01193,0.01700,0.98300
78.24000,1.01194,0.00781,0.99219
78.36000,1.01194,0.01115,0.98885
78.48000,1.01193,0.00390,0.99610
78.60000,1.01194,0.00499,0.99501
78.72000,1.01194,0.00522,0.99478
78.84000,1.01194,0.01503,0.98497
78.96000,1.01194,0.01161,0.98839
79.08000,1.01193,0.02441,0.97559
79.20000,1.01194,0.02901,0.97099
79.32000,1.01194,0.05503,0.94497
79.44000,1.01193,0.02867,0.97133
79.56000,1.01194,0.03647,0.96353
79.68000,1.01194,0.03966,0.96034
79.80000,1.01193,0.03247,0.96753
79.92000,1.01194,0.02905,0.97095
80.04000,1.01194,0.01932,0.98068
80.16000,1.01193,0.01859,0.98141
80.28000,1.01194,0.05167,0.94833
80.40000,1.01193,0.04504,0.95496
80.52000,1.01194,0.03449,0.96551
80.64000,1.01194,0.14394,0.85606
80.76000,1.01193,0.10349,0.89651
80.88000,1.01194,0.12787,0.87213
81.00000,1.01194,0.05592,0.94408
81.12000,1.01193,0.07569,0.92431
81.24000,1.01194,0.09496,0.90504
81.36000,1.01194,0.08343,0.91658
81.48000,1.01193,0.02012,0.97988
81.60000,1.01194,0.06404,0.93596
81.72000,1.01194,0.02047,0.97953
81.84000,1.01194,0.04283,0.95717
81.96000,1.01194,0.03799,0.96201
82.08000,1.01193,0.03586,0.96414
82.20000,1.01194,0.01654,0.98346
82.32000,1.01194,0.00869,0.99131
82.44000,1.01193,0.01953,0.98047
82.56000,1.01194,0.00585,0.99415
82.68000,1.01194,0.01754,0.98246
82.80000,1.01193,0.01162,0.98838
82.92000,1.01194,0.02049,0.97951
83.04000,1.01194,0.02149,0.97851
83.16000,1.01193,0.03088,0.96912
83.28000,1.01194,0.01380,0.98620
83.40000,1.01193,0.10307,0.89693
83.52000,1.01194,0.01851,0.98149
83.64000,1.01194,0.08060,0.91940
83.76000,1.01193,0.02675,0.97325
83.88000,1.01194,0.08805,0.91195
84.00000,1.01194,0.03756,0.96244
84.12000,1.01193,0.14642,0.85358
84.24000,1.01194,0.06934,0.93066
84.36000,1.01194,0.11135,0.88865
84.48000,1.01193,0.07704,0.92296
84.60000,1.01194,0.06810,0.93190
84.72000,1.01194,0.03638,0.96362
84.84000,1.01194,0.06438,0.93562
84.96000,1.01194,0.02235,0.97765
85.08000,1.01193,0.08787,0.91213
85.20000,1.01194,0.02829,0.97171
85.32000,1.01194,0.04397,0.95603
85.44000,1.01193,0.03212,0.96788
85.56000,1.01194,0.01486,0.98514
85.68000,1.01194,0.02125,0.97875
85.80000,1.01193,0.01093,0.98907
85.92000,1.01194,0.00525,0.99475
86.04000,1.01194,0.00403,0.99597
86.16000,1.01193,0.01237,0.98763
86.28000,1.01194,0.00474,0.99525
86.40000,1.01193,0.00636,0.99364
86.52000,1.01194,0.01639,0.98361
86.64000,1.01194,0.01358,0.98642
86.76000,1.01193,0.02276,0.97724
86.88000,1.01194,0.01578,0.98422
87.00000,1.01194,0.00875,0.99125
87.12000,1.01193,0.01792,0.98208
87.24000,1.01194,0.01291,0.98709
87.36000,1.01194,0.02533,0.97467
87.48000,1.01193,0.03576,0.96424
87.60000,1.01194,0.01997,0.98003
87.72000,1.01194,0.03450,0.96550
87.84000,1.01194,0.04040,0.95960
87.96000,1.01194,0.08036,0.91964
88.08000,1.01193,0.08799,0.91201
88.20000,1.01194,0.17327,0.82673
88.32000,1.01194,0.09621,0.90379
88.44000,1.01193,0.09743,0.90257
88.56000,1.01194,0.23588,0.76412
88.68000,1.01194,0.09726,0.90274
88.80000,1.01193,0.11250,0.88750
88.92000,1.01194,0.02976,0.97024
89.04000,1.01194,0.01990,0.98010
89.16000,1.01193,0.00641,0.99359
89.28000,1.01194,0.01266,0.98734
89.40000,1.01193,0.00289,0.99711
89.52000,1.01194,0.00512,0.99488
89.64000,1.01194,0.00355,0.99645
89.76000,1.01193,0.00265,0.99735
89.88000,1.01194,0.00482,0.99518
90.00000,1.01194,0.00939,0.99061
90.12000,1.01193,0.01182,0.98818
90.24000,1.01194,0.03355,0.96645
90.36000,1.01194,0.05306,0.94694
90.48000,1.01193,0.05904,0.94096
90.60000,1.01194,0.02846,0.97154
90.72000,1.01194,0.03140,0.96860
90.84000,1.01194,0.10314,0.89686
90.96000,1.01194,0.05980,0.94020
91.08000,1.01193,0.06895,0.93105
91.20000,1.01194,0.06410,0.93590
91.32000,1.01194,0.01944,0.98056
91.44000,1.01193,0.01397,0.98603
91.56000,1.01194,0.03770,0.96230
91.68000,1.01194,0.03624,0.96376
91.80000,1.01193,0.04230,0.95770
91.92000,1.01194,0.01156,0.98844
92.04000,1.01194,0.01082,0.98918
92.16000,1.01193,0.00522,0.99478
92.28000,1.01194,0.01472,0.98528
92.40000,1.01193,0.01038,0.98962
92.52000,1.01194,0.01002,0.98998
92.64000,1.01194,0.02961,0.97039
92.76000,1.01193,0.06559,0.93441
92.88000,1.01194,0.02492,0.97508
93.00000,1.01194,0.02392,0.97608
93.12000,1.01193,0.01923,0.98077
93.24000,1.01194,0.01537,0.98463
93.36000,1.01194,0.02922,0.97078
93.48000,1.01193,0.00519,0.99481
93.60000,1.01194,0.00494,0.99506
93.72000,1.01194,0.00591,0.99409
93.84000,1.01194,0.00924,0.99076
93.96000,1.01194,0.03002,0.96998
94.08000,1.01193,0.03960,0.96040
94.20000,1.01194,0.03967,0.96033
94.32000,1.01194,0.09123,0.90877
94.44000,1.01193,0.04040,0.95960
94.56000,1.01194,0.04693,0.95307
94.68000,1.01194,0.07324,0.92676
94.80000,1.01193,0.04036,0.95964
94.92000,1.01194,0.04778,0.95222
95.04000,1.01194,0.06308,0.93692
95.16000,1.01193,0.12105,0.87895
95.28000,1.01194,0.05521,0.94479
95.40000,1.01193,0.10972,0.89028
95.52000,1.01194,0.17453,0.82547
95.64000,1.01194,0.11466,0.88534
95.76000,1.01193,0.03871,0.96129
95.88000,1.01194,0.02088,0.97912
96.00000,1.01194,0.01684,0.98316
96.12000,1.01193,0.02732,0.97268
96.24000,1.01194,0.02452,0.97548
96.36000,1.01194,0.01195,0.98805
96.48000,1.01193,0.00712,0.99288
96.60000,1.01194,0.01539,0.98461
96.72000,1.01194,0.01144,0.98856
96.84000,1.01194,0.00591,0.99409
96.96000,1.01194,0.00582,0.99418
97.08000,1.01193,0.00516,0.99484
97.20000,1.01194,0.00562,0.99438
97.32000,1.01194,0.00467,0.99533
97.44000,1.01193,0.00679,0.99321
97.56000,1.01194,0.00518,0.99482
97.68000,1.01194,0.00261,0.99739
97.80000,1.01193,0.00872,0.99128
97.92000,1.01194,0.00685,0.99315
98.04000,1.01194,0.01060,0.98940
98.16000,1.01193,0.00427,0.99573
98.28000,1.01194,0.01477,0.98523
98.40000,1.01193,0.02323,0.97677
98.52000,1.01194,0.03292,0.96708
98.64000,1.01194,0.01594,0.98406
98.76000,1.01193,0.04782,0.95218
98.88000,1.01194,0.02011,0.97989
99.00000,1.01194,0.07175,0.92825
99.12000,1.01193,0.05686,0.94314
99.24000,1.01194,0.10304,0.89696
99.36000,1.01194,0.03425,0.96575
99.48000,1.01193,0.03783,0.96217
99.60000,1.01194,0.01517,0.98483
99.72000,1.01194,0.03918,0.96082
99.84000,1.01194,0.01885,0.98115
99.96000,1.01194,0.02027,0.97973
100.08000,1.01193,0.01761,0.98239
100.20000,1.01194,0.01322,0.98678
100.32000,1.01194,0.00628,0.99372
100.44000,1.01193,0.01256,0.98744
100.56000,1.01194,0.00948,0.99052
100.68000,1.01194,0.00721,0.99279
100.80000,1.01193,0.00827,0.99173
100.92000,1.01194,0.00761,0.99239
101.04000,1.01194,0.01103,0.98897
101.16000,1.01193,0.01015,0.98985
101.28000,1.01194,0.00775,0.99225
101.40000,1.01193,0.00995,0.99005
101.52000,1.01194,0.00439,0.99561
101.64000,1.01194,0.00835,0.99165
101.76000,1.01193,0.00322,0.99678
101.88000,1.01194,0.00858,0.99142
102.00000,1.01194,0.01882,0.98118
102.12000,1.01193,0.01798,0.98202
102.24000,1.01194,0.04570,0.95430
102.36000,1.01194,0.04664,0.95336
102.48000,1.01193,0.05022,0.94978
102.60000,1.01194,0.09555,0.90445
102.72000,1.01194,0.09814,0.90186
102.84000,1.01194,0.17692,0.82308
102.96000,1.01194,0.10495,0.89505
103.08000,1.01193,0.10176,0.89824
103.20000,1.01194,0.07845,0.92155
103.32000,1.01194,0.03407,0.96593
103.44000,1.01193,0.06078,0.93922
103.56000,1.01194,0.02208,0.97792
103.68000,1.01194,0.08956,0.91044
103.80000,1.01193,0.05032,0.94968
103.92000,1.01194,0.03196,0.96804
104.04000,1.01194,0.01461,0.98539
104.16000,1.01193,0.01000,0.99000
104.28000,1.01194,0.02257,0.97743
104.40000,1.01193,0.01521,0.98479
104.52000,1.01194,0.01868,0.98132
104.64000,1.01194,0.01206,0.98794
104.76000,1.01193,0.01968,0.98032
104.88000,1.01194,0.00948,0.99052
105.00000,1.01194,0.01543,0.98457
105.12000,1.01193,0.01139,0.98861
105.24000,1.01194,0.03061,0.96939
105.36000,1.01194,0.06363,0.93637
105.48000,1.01193,0.02287,0.97713
105.60000,1.01194,0.03261,0.96739
105.72000,1.01194,0.03944,0.96056
105.84000,1.01194,0.04564,0.95436
105.96000,1.01194,0.08752,0.91248
106.08000,1.01193,0.07892,0.92108
106.20000,1.01194,0.08219,0.91781
106.32000,1.01194,0.09427,0.90573
106.44000,1.01193,0.09661,0.90339
106.56000,1.01194,0.21080,0.78920
106.68000,1.01194,0.17580,0.82420
106.80000,1.01193,0.04962,0.95038
106.92000,1.01194,0.03110,0.96890
107.04000,1.01194,0.06276,0.93724
107.16000,1.01193,0.03029,0.96971
107.28000,1.01194,0.04661,0.95339
107.40000,1.01193,0.03307,0.96693
107.52000,1.01194,0.01487,0.98513
107.64000,1.01194,0.02369,0.97631
107.76000,1.01193,0.01126,0.98874
107.88000,1.01194,0.00882,0.99118
108.00000,1.01194,0.00526,0.99474
108.12000,1.01193,0.00892,0.99108
108.24000,1.01194,0.00462,0.99538
108.36000,1.01194,0.01136,0.98864
108.48000,1.01193,0.00950,0.99050
108.60000,1.01194,0.00560,0.99440
108.72000,1.01194,0.00853,0.99147
108.84000,1.01194,0.00707,0.99293
108.96000,1.01194,0.02104,0.97896
109.08000,1.01193,0.01942,0.98058
109.20000,1.01194,0.03043,0.96957
109.32000,1.01194,0.03416,0.96584
109.44000,1.01193,0.08336,0.91664
109.56000,1.01194,0.03413,0.96587
109.68000,1.01194,0.19068,0.80932
109.80000,1.01193,0.06680,0.93320
109.92000,1.01194,0.34177,0.65823
110.04000,1.01194,0.12430,0.87570
110.16000,1.01193,0.73664,0.26336
110.28000,1.01194,0.43615,0.56385
110.40000,1.01193,0.74008,0.25992
110.52000,1.01194,0.67343,0.32657
110.64000,1.01194,0.35712,0.64288
110.76000,1.01193,0.56651,0.43349
110.88000,1.01194,0.20864,0.79136
111.00000,1.01194,0.55528,0.44472
111.12000,1.01193,0.24149,0.75851
111.24000,1.01194,0.22239,0.77761
111.36000,1.01194,0.04582,0.95418
111.48000,1.01193,0.02972,0.97028
111.60000,1.01194,0.01479,0.98521
111.72000,1.01194,0.01145,0.98855
111.84000,1.01194,0.00527,0.99473
111.96000,1.01194,0.00480,0.99520
112.08000,1.01193,0.00190,0.99810
112.20000,1.01194,0.00211,0.99789
112.32000,1.01194,0.00274,0.99726
112.44000,1.01193,0.00407,0.99593
112.56000,1.01194,0.00282,0.99718
112.68000,1.01194,0.01348,0.98652
112.80000,1.01193,0.00725,0.99275
112.92000,1.01194,0.00487,0.99513
113.04000,1.01194,0.01693,0.98307
113.16000,1.01193,0.03310,0.96690
113.28000,1.01194,0.02301,0.97699
113.40000,1.01193,0.14039,0.85961
113.52000,1.01194,0.06505,0.93495
113.64000,1.01194,0.31797,0.68203
113.76000,1.01193,0.13926,0.86074
113.88000,1.01194,0.30687,0.69313
114.00000,1.01194,0.40032,0.59968
114.12000,1.01193,0.27176,0.72824
114.24000,1.01194,0.36066,0.63934
114.36000,1.01194,0.08901,0.91099
114.48000,1.01193,0.07520,0.92480
114.60000,1.01194,0.04213,0.95787
114.72000,1.01194,0.04688,0.95312
114.84000,1.01194,0.01800,0.98200
114.96000,1.01194,0.04824,0.95176
115.08000,1.01193,0.03196,0.96804
115.20000,1.01194,0.04257,0.95743
115.32000,1.01194,0.02007,0.97993
115.44000,1.01193,0.01814,0.98186
115.56000,1.01194,0.00781,0.99219
115.68000,1.01194,0.00511,0.99489
115.80000,1.01193,0.00401,0.99599
115.92000,1.01194,0.00313,0.99687
116.04000,1.01194,0.00330,0.99670
116.16000,1.01193,0.00190,0.99810
116.28000,1.01194,0.00249,0.99751
116.40000,1.01193,0.00876,0.99124
116.52000,1.01194,0.00452,0.99548
116.64000,1.01194,0.00484,0.99516
116.76000,1.01193,0.00551,0.99449
116.88000,1.01194,0.01586,0.98414
117.00000,1.01194,0.00985,0.99015
117.12000,1.01193,0.00798,0.99202
117.24000,1.01194,0.02969,0.97031
117.36000,1.01194,0.03073,0.96927
117.48000,1.01193,0.01702,0.98298
117.60000,1.01194,0.00974,0.99026
117.72000,1.01194,0.02993,0.97007
117.84000,1.01194,0.03256,0.96744
117.96000,1.01194,0.03728,0.96272
118.08000,1.01193,0.03236,0.96764
118.20000,1.01194,0.03638,0.96362
118.32000,1.01194,0.07124,0.92876
118.44000,1.01193,0.07984,0.92016
118.56000,1.01194,0.03319,0.96681
118.68000,1.01194,0.06988,0.93012
118.80000,1.01193,0.05217,0.94783
118.92000,1.01194,0.05304,0.94696
119.04000,1.01194,0.06129,0.93871
119.16000,1.01193,0.02268,0.97732
119.28000,1.01194,0.01851,0.98149
119.40000,1.01193,0.00785,0.99215
119.52000,1.01194,0.00669,0.99331
119.64000,1.01194,0.00203,0.99797
119.76000,1.01193,0.01097,0.98903
119.88000,1.01194,0.00127,0.99873
120.00000,1.01194,0.00404,0.99596
120.12000,1.01193,0.00346,0.99654
120.24000,1.01194,0.01201,0.98799
120.36000,1.01194,0.00186,0.99814
120.48000,1.01193,0.00663,0.99337
120.60000,1.01194,0.00758,0.99242
120.72000,1.01194,0.02714,0.97286
120.84000,1.01194,0.02986,0.97014
120.96000,1.01194,0.10283,0.89717
121.08000,1.01193,0.09090,0.90910
121.20000,1.01194,0.21123,0.78877
121.32000,1.01194,0.10248,0.89752
121.44000,1.01193,0.41526,0.58474
121.56000,1.01194,0.24384,0.75616
121.68000,1.01194,0.31104,0.68896
121.80000,1.01193,0.01941,0.98059
121.92000,1.01194,0.01693,0.98307
122.04000,1.01194,0.03227,0.96773
122.16000,1.01193,0.05060,0.94940
122.28000,1.01194,0.01178,0.98822
122.40000,1.01193,0.02240,0.97760
122.52000,1.01194,0.00632,0.99368
122.64000,1.01194,0.01488,0.98512
122.76000,1.01193,0.01258,0.98742
122.88000,1.01194,0.02126,0.97874
123.00000,1.01194,0.02940,0.97060
123.12000,1.01193,0.04503,0.95497
123.24000,1.01194,0.08936,0.91064
123.36000,1.01194,0.25016,0.74984
123.48000,1.01193,0.09917,0.90083
123.60000,1.01194,0.21945,0.78055
123.72000,1.01194,0.14620,0.85380
123.84000,1.01194,0.30059,0.69941
123.96000,1.01194,0.15920,0.84080
124.08000,1.01193,0.36580,0.63420
124.20000,1.01194,0.35406,0.64594
124.32000,1.01194,0.54519,0.45481
124.44000,1.01193,0.35727,0.64273
124.56000,1.01194,0.71938,0.28062
124.68000,1.01194,0.55581,0.44419
124.80000,1.01193,0.72037,0.27963
124.92000,1.01194,0.75146,0.24854
125.04000,1.01194,0.73679,0.26321
125.16000,1.01193,0.82601,0.17399
125.28000,1.01194,0.81896,0.18104
125.40000,1.01193,0.81259,0.18741
125.52000,1.01194,0.76714,0.23286
125.64000,1.01194,0.87058,0.12942
125.76000,1.01193,0.72037,0.27963
125.88000,1.01194,0.85118,0.14882
126.00000,1.01194,0.66413,0.33587
126.12000,1.01193,0.82006,0.17994
126.24000,1.01194,0.75231,0.24769
126.36000,1.01194,0.70371,0.29629
126.48000,1.01193,0.56704,0.43296
126.60000,1.01194,0.46529,0.53471
126.72000,1.01194,0.21048,0.78952
126.84000,1.01194,0.15744,0.84256
126.96000,1.01194,0.10254,0.89746
127.08000,1.01193,0.04428,0.95572
127.20000,1.01195,0.01636,0.98364
127.32000,1.01194,0.01734,0.98266
127.44000,1.01193,0.00698,0.99302
127.56000,1.01193,0.01071,0.98929
127.68000,1.01194,0.02294,0.97706
127.80000,1.01193,0.01106,0.98894
127.92000,1.01193,0.01993,0.98007
128.03999,1.01195,0.01577,0.98423
128.16000,1.01193,0.02462,0.97538
128.28000,1.01193,0.00833,0.99167
128.39999,1.01195,0.04650,0.95350
128.52000,1.01193,0.03269,0.96731
128.64000,1.01193,0.08685,0.91315
128.75999,1.01195,0.04819,0.95181
128.88000,1.01193,0.25468,0.74532
129.00000,1.01193,0.09149,0.90851
129.12000,1.01195,0.37247,0.62753
129.24001,1.01193,0.32901,0.67099
129.36000,1.01193,0.33030,0.66970
129.48000,1.01195,0.46210,0.53790
129.60001,1.01193,0.46280,0.53720
129.72000,1.01193,0.59737,0.40263
129.84000,1.01195,0.45299,0.54701
129.96001,1.01193,0.67324,0.32676
130.08000,1.01193,0.42186,0.57814
130.20000,1.01195,0.86696,0.13304
130.32001,1.01193,0.74432,0.25568
130.44000,1.01193,0.88005,0.11995
130.56000,1.01193,0.85724,0.14276
130.67999,1.01195,0.75112,0.24888
130.80000,1.01193,0.72051,0.27949
130.92000,1.01193,0.55996,0.44004
131.03999,1.01195,0.70055,0.29945
131.16000,1.01193,0.45351,0.54649
131.28000,1.01193,0.60805,0.39195
131.39999,1.01195,0.22996,0.77004
131.52000,1.01193,0.55248,0.44752
131.64000,1.01193,0.09960,0.90040
131.75999,1.01195,0.12258,0.87742
131.88000,1.01193,0.03171,0.96829
132.00000,1.01193,0.05441,0.94559
132.12000,1.01195,0.02028,0.97972
132.24001,1.01193,0.01154,0.98846
132.36000,1.01193,0.01629,0.98371
132.48000,1.01195,0.00846,0.99154
132.60001,1.01193,0.00920,0.99080
132.72000,1.01193,0.01073,0.98927
132.84000,1.01195,0.01178,0.98822
132.96001,1.01193,0.00504,0.99496
133.08000,1.01193,0.00814,0.99186
133.20000,1.01195,0.01086,0.98914
133.32001,1.01193,0.01980,0.98020
133.44000,1.01193,0.04539,0.95461
133.56000,1.01193,0.01481,0.98519
133.67999,1.01195,0.04985,0.95015
133.80000,1.01193,0.02846,0.97154
133.92000,1.01193,0.11140,0.88860
134.03999,1.01195,0.06017,0.93983
134.16000,1.01193,0.08411,0.91589
134.28000,1.01193,0.06000,0.94000
134.39999,1.01195,0.09920,0.90080
134.52000,1.01193,0.14466,0.85534
134.64000,1.01193,0.09322,0.90678
134.75999,1.01195,0.42353,0.57647
134.88000,1.01193,0.46725,0.53275
135.00000,1.01193,0.52077,0.47923
135.12000,1.01195,0.66177,0.33823
135.24001,1.01193,0.68152,0.31848
135.36000,1.01193,0.68743,0.31257
135.48000,1.01195,0.31295,0.68705
135.60001,1.01193,0.48863,0.51137
135.72000,1.01193,0.17441,0.82559
135.84000,1.01195,0.46614,0.53386
135.96001,1.01193,0.21333,0.78667
136.08000,1.01193,0.11473,0.88527
136.20000,1.01195,0.03517,0.96483
136.32001,1.01193,0.06660,0.93340
136.44000,1.01193,0.05884,0.94116
136.56000,1.01193,0.07178,0.92822
136.67999,1.01195,0.09212,0.90788
136.80000,1.01193,0.04958,0.95042
136.92000,1.01193,0.06685,0.93315
137.03999,1.01195,0.10259,0.89741
137.16000,1.01193,0.08485,0.91515
137.28000,1.01193,0.05031,0.94969
137.39999,1.01195,0.06291,0.93709
137.52000,1.01193,0.05837,0.94163
137.64000,1.01193,0.10287,0.89713
137.75999,1.01195,0.07007,0.92993
137.88000,1.01193,0.05300,0.94700
138.00000,1.01193,0.06189,0.93811
138.12000,1.01195,0.07909,0.92091
138.24001,1.01193,0.17152,0.82848
138.36000,1.01193,0.06572,0.93428
138.48000,1.01195,0.10417,0.89583
138.60001,1.01193,0.03628,0.96372
138.72000,1.01193,0.13418,0.86582
138.84000,1.01195,0.10251,0.89749
138.96001,1.01193,0.17280,0.82720
139.08000,1.01193,0.19108,0.80892
139.20000,1.01195,0.26790,0.73210
139.32001,1.01193,0.15935,0.84065
139.44000,1.01193,0.34709,0.65291
139.56000,1.01193,0.38651,0.61349
139.67999,1.01195,0.30063,0.69937
139.80000,1.01193,0.20995,0.79005
139.92000,1.01193,0.11605,0.88395
140.03999,1.01195,0.17318,0.82682
140.16000,1.01193,0.19246,0.80754
140.28000,1.01193,0.18713,0.81287
140.39999,1.01195,0.04836,0.95164
140.52000,1.01193,0.05472,0.94528
140.64000,1.01193,0.00903,0.99097
140.75999,1.01195,0.03745,0.96255
140.88000,1.01193,0.01631,0.98369
141.00000,1.01193,0.02205,0.97795
141.12000,1.01195,0.02574,0.97426
141.24001,1.01193,0.06917,0.93083
141.36000,1.01193,0.03220,0.96780
141.48000,1.01195,0.02681,0.97319
141.60001,1.01193,0.07087,0.92913
141.72000,1.01193,0.05243,0.94757
141.84000,1.01195,0.03855,0.96145
141.96001,1.01193,0.12488,0.87512
142.08000,1.01193,0.10935,0.89065
142.20000,1.01195,0.03701,0.96299
142.32001,1.01193,0.09914,0.90086
142.44000,1.01193,0.19415,0.80585
142.56000,1.01193,0.24676,0.75324
142.67999,1.01195,0.16963,0.83037
142.80000,1.01193,0.46340,0.53660
142.92000,1.01193,0.35640,0.64360
143.03999,1.01195,0.76915,0.23085
143.16000,1.01193,0.59186,0.40814
143.28000,1.01193,0.78777,0.21223
143.39999,1.01195,0.75737,0.24263
143.52000,1.01193,0.85865,0.14135
143.64000,1.01193,0.80645,0.19355
143.75999,1.01195,0.88589,0.11411
143.88000,1.01193,0.70570,0.29430
144.00000,1.01193,0.60729,0.39271
144.12000,1.01195,0.55873,0.44127
144.24001,1.01193,0.68527,0.31473
144.36000,1.01193,0.66495,0.33505
144.48000,1.01195,0.44248,0.55752
144.60001,1.01193,0.26454,0.73546
144.72000,1.01193,0.41104,0.58896
144.84000,1.01195,0.08308,0.91692
144.96001,1.01193,0.28936,0.71064
145.08000,1.01193,0.03475,0.96525
145.20000,1.01195,0.04711,0.95289
145.32001,1.01193,0.01520,0.98480
145.44000,1.01193,0.01499,0.98501
145.56000,1.01193,0.01490,0.98510
145.67999,1.01195,0.00890,0.99110
145.80000,1.01193,0.00923,0.99077
145.92000,1.01193,0.00191,0.99809
146.03999,1.01195,0.00741,0.99259
146.16000,1.01193,0.00268,0.99732
146.28000,1.01193,0.00802,0.99198
146.39999,1.01195,0.00388,0.99612
146.52000,1.01193,0.02798,0.97202
146.64000,1.01193,0.01228,0.98772
146.75999,1.01195,0.04860,0.95140
146.88000,1.01193,0.02777,0.97223
147.00000,1.01193,0.13911,0.86089
147.12000,1.01195,0.08971,0.91029
147.24001,1.01193,0.20990,0.79010
147.36000,1.01193,0.31244,0.68756
147.48000,1.01195,0.32594,0.67406
147.60001,1.01193,0.28592,0.71408
147.72000,1.01193,0.64040,0.35960
147.84000,1.01195,0.58939,0.41061
147.96001,1.01193,0.66875,0.33125
148.08000,1.01193,0.61923,0.38077
148.20000,1.01195,0.67354,0.32646
148.32001,1.01193,0.61735,0.38265
148.44000,1.01193,0.77096,0.22904
148.56000,1.01193,0.69329,0.30671
148.67999,1.01195,0.84948,0.15052
148.80000,1.01193,0.81229,0.18771
148.92000,1.01193,0.75112,0.24888
149.03999,1.01195,0.58254,0.41746
149.16000,1.01193,0.60250,0.39750
149.28000,1.01193,0.55975,0.44025
149.39999,1.01195,0.51232,0.48768
149.52000,1.01193,0.66284,0.33716
149.64000,1.01193,0.67443,0.32557
149.75999,1.01195,0.67990,0.32010
149.88000,1.01193,0.85606,0.14394
150.00000,1.01193,0.80039,0.19961
150.12000,1.01195,0.89190,0.10810
150.24001,1.01193,0.61334,0.38666
150.36000,1.01193,0.82196,0.17804
150.48000,1.01195,0.53411,0.46589
150.60001,1.01193,0.75276,0.24724
150.72000,1.01193,0.31378,0.68622
150.84000,1.01195,0.59968,0.40032
150.96001,1.01193,0.45695,0.54305
151.08000,1.01193,0.42260,0.57740
151.20000,1.01195,0.22406,0.77594
151.32001,1.01193,0.12883,0.87117
151.44000,1.01193,0.06892,0.93108
151.56000,1.01193,0.03313,0.96687
151.67999,1.01195,0.01725,0.98275
151.80000,1.01193,0.01770,0.98230
151.92000,1.01193,0.00587,0.99413
152.03999,1.01195,0.01626,0.98374
152.16000,1.01193,0.00389,0.99611
152.28000,1.01193,0.00643,0.99357
152.39999,1.01195,0.00455,0.99545
152.52000,1.01193,0.00669,0.99331
152.64000,1.01193,0.01105,0.98895
152.75999,1.01195,0.01931,0.98069
152.88000,1.01193,0.03682,0.96318
153.00000,1.01193,0.07764,0.92236
153.12000,1.01195,0.05556,0.94444
153.24001,1.01193,0.07662,0.92338
153.36000,1.01193,0.22152,0.77848
153.48000,1.01195,0.19539,0.80461
153.60001,1.01193,0.46973,0.53027
153.72000,1.01193,0.32149,0.67851
153.84000,1.01195,0.64194,0.35806
153.96001,1.01193,0.37519,0.62481
154.08000,1.01193,0.78792,0.21208
154.20000,1.01195,0.56473,0.43527
154.32001,1.01193,0.82553,0.17447
154.44000,1.01193,0.69794,0.30206
154.56000,1.01193,0.79504,0.20496
154.67999,1.01195,0.64753,0.35247
154.80000,1.01193,0.74073,0.25927
154.92000,1.01193,0.60997,0.39003
155.03999,1.01195,0.70142,0.29858
155.16000,1.01193,0.63625,0.36375
155.28000,1.01193,0.60070,0.39930
155.39999,1.01195,0.55666,0.44334
155.52000,1.01193,0.30280,0.69720
155.64000,1.01193,0.26112,0.73888
155.75999,1.01195,0.27962,0.72038
155.88000,1.01193,0.12655,0.87345
156.00000,1.01193,0.15679,0.84321
156.12000,1.01195,0.06256,0.93744
156.24001,1.01193,0.03567,0.96433
156.36000,1.01193,0.02766,0.97233
156.48000,1.01195,0.02267,0.97733
156.60001,1.01193,0.01170,0.98830
156.72000,1.01193,0.01651,0.98349
156.84000,1.01195,0.01098,0.98902
156.96001,1.01193,0.01320,0.98680
157.08000,1.01193,0.01525,0.98475
157.20000,1.01195,0.02071,0.97929
157.32001,1.01193,0.01236,0.98764
157.44000,1.01193,0.00675,0.99325
157.56000,1.01193,0.00652,0.99348
157.67999,1.01195,0.00889,0.99111
157.80000,1.01193,0.01445,0.98555
157.92000,1.01193,0.03116,0.96884
158.03999,1.01195,0.02008,0.97992
158.16000,1.01193,0.04940,0.95060
158.28000,1.01193,0.03796,0.96204
158.39999,1.01195,0.08374,0.91626
158.52000,1.01193,0.22329,0.77671
158.64000,1.01193,0.30203,0.69797
158.75999,1.01195,0.15960,0.84040
158.88000,1.01193,0.32687,0.67313
159.00000,1.01193,0.33481,0.66519
159.12000,1.01195,0.44984,0.55016
159.24001,1.01193,0.16937,0.83063
159.36000,1.01193,0.18808,0.81192
159.48000,1.01195,0.07042,0.92958
159.60001,1.01193,0.25091,0.74909
159.72000,1.01193,0.33899,0.66101
159.84000,1.01195,0.28159,0.71841
159.96001,1.01193,0.30527,0.69473
160.08000,1.01193,0.18853,0.81147
160.20000,1.01195,0.45186,0.54814
160.32001,1.01193,0.46109,0.53891
160.44000,1.01193,0.63903,0.36097
160.56000,1.01193,0.57015,0.42985
160.67999,1.01195,0.59974,0.40026
160.80000,1.01193,0.81475,0.18525
160.92000,1.01193,0.71898,0.28102
161.03999,1.01195,0.81817,0.18183
161.16000,1.01193,0.51627,0.48373
161.28000,1.01193,0.42258,0.57742
161.39999,1.01195,0.23258,0.76742
161.52000,1.01193,0.06766,0.93234
161.64000,1.01193,0.17306,0.82694
161.75999,1.01195,0.03542,0.96458
161.88000,1.01193,0.02209,0.97791
162.00000,1.01193,0.01026,0.98974
162.12000,1.01195,0.02231,0.97769
162.24001,1.01193,0.01666,0.98334
162.36000,1.01193,0.01704,0.98296
162.48000,1.01195,0.02615,0.97385
162.60001,1.01193,0.00484,0.99516
162.72000,1.01193,0.01438,0.98562
162.84000,1.01195,0.00605,0.99395
162.96001,1.01193,0.00467,0.99533
163.08000,1.01193,0.00534,0.99466
163.20000,1.01195,0.01633,0.98367
163.32001,1.01193,0.01722,0.98278
163.44000,1.01193,0.03385,0.96615
163.56000,1.01193,0.01676,0.98324
163.67999,1.01195,0.04074,0.95926
163.80000,1.01193,0.07353,0.92647
163.92000,1.01193,0.12800,0.87200
164.03999,1.01195,0.18058,0.81942
164.16000,1.01193,0.27114,0.72886
164.28000,1.01193,0.15906,0.84094
164.39999,1.01195,0.36229,0.63771
164.52000,1.01193,0.25529,0.74471
164.64000,1.01193,0.46662,0.53338
164.75999,1.01195,0.45699,0.54301
164.88000,1.01193,0.58255,0.41745
165.00000,1.01193,0.34462,0.65538
165.12000,1.01195,0.88932,0.11068
165.24001,1.01193,0.28844,0.71156
165.36000,1.01193,0.81065,0.18935
165.48000,1.01195,0.38447,0.61553
165.60001,1.01193,0.62516,0.37484
165.72000,1.01193,0.40551,0.59449
165.84000,1.01195,0.76210,0.23790
165.96001,1.01193,0.63124,0.36876
166.08000,1.01193,0.66124,0.33876
166.20000,1.01195,0.50035,0.49965
166.32001,1.01193,0.41514,0.58486
166.44000,1.01193,0.31137,0.68863
166.56000,1.01193,0.11514,0.88486
166.67999,1.01195,0.09931,0.90069
166.80000,1.01193,0.04004,0.95996
166.92000,1.01193,0.02383,0.97617
167.03999,1.01195,0.00667,0.99333
167.16000,1.01193,0.00459,0.99541
167.28000,1.01193,0.00576,0.99424
167.39999,1.01195,0.00521,0.99479
167.52000,1.01193,0.00478,0.99522
167.64000,1.01193,0.00531,0.99469
167.75999,1.01195,0.00908,0.99092
167.88000,1.01193,0.00352,0.99648
168.00000,1.01193,0.00239,0.99761
168.12000,1.01195,0.00674,0.99326
168.24001,1.01193,0.00979,0.99021
168.36000,1.01193,0.00929,0.99071
168.48000,1.01195,0.00561,0.99439
168.60001,1.01193,0.00598,0.99402
168.72000,1.01193,0.00626,0.99374
168.84000,1.01195,0.01465,0.98535
168.96001,1.01193,0.03442,0.96558
169.08000,1.01193,0.05475,0.94525
169.20000,1.01195,0.08160,0.91840
169.32001,1.01193,0.15197,0.84803
169.44000,1.01193,0.30609,0.69391
169.56000,1.01193,0.45436,0.54564
169.67999,1.01195,0.48502,0.51498
169.80000,1.01193,0.51233,0.48767
169.92000,1.01193,0.66737,0.33263
170.03999,1.01195,0.61133,0.38867
170.16000,1.01193,0.72007,0.27993
170.28000,1.01193,0.63807,0.36193
170.39999,1.01195,0.58673,0.41327
170.52000,1.01193,0.48694,0.51306
170.64000,1.01193,0.29720,0.70280
170.75999,1.01195,0.35148,0.64852
170.88000,1.01193,0.25649,0.74351
171.00000,1.01193,0.42715,0.57285
171.12000,1.01195,0.20205,0.79795
171.24001,1.01193,0.22202,0.77798
171.36000,1.01193,0.28973,0.71027
171.48000,1.01195,0.15207,0.84793
171.60001,1.01193,0.09646,0.90354
171.72000,1.01193,0.04140,0.95860
171.84000,1.01195,0.01850,0.98150
171.96001,1.01193,0.00957,0.99043
172.08000,1.01193,0.00534,0.99466
172.20000,1.01195,0.00217,0.99783
172.32001,1.01193,0.00231,0.99769
172.44000,1.01193,0.00335,0.99665
172.56000,1.01193,0.00131,0.99869
172.67999,1.01195,0.00158,0.99842
172.80000,1.01193,0.00216,0.99784
172.92000,1.01193,0.00227,0.99773
173.03999,1.01195,0.00116,0.99884
173.16000,1.01193,0.00762,0.99238
173.28000,1.01193,0.00293,0.99707
173.39999,1.01195,0.00370,0.99630
173.52000,1.01193,0.00202,0.99798
173.64000,1.01193,0.00623,0.99377
173.75999,1.01195,0.00771,0.99229
173.88000,1.01193,0.01557,0.98443
174.00000,1.01193,0.01599,0.98401
174.12000,1.01195,0.01519,0.98481
174.24001,1.01193,0.01492,0.98508
174.36000,1.01193,0.04217,0.95783
174.48000,1.01195,0.05044,0.94956
174.60001,1.01193,0.10192,0.89808
174.72000,1.01193,0.14140,0.85860
174.84000,1.01195,0.21871,0.78129
174.96001,1.01193,0.18167,0.81833
175.08000,1.01193,0.32595,0.67405
175.20000,1.01195,0.31369,0.68631
175.32001,1.01193,0.58960,0.41040
175.44000,1.01193,0.46306,0.53694
175.56000,1.01193,0.42280,0.57720
175.67999,1.01195,0.52866,0.47134
175.80000,1.01193,0.67162,0.32838
175.92000,1.01193,0.32767,0.67233
176.03999,1.01195,0.67112,0.32888
176.16000,1.01193,0.28561,0.71439
176.28000,1.01193,0.30657,0.69343
176.39999,1.01195,0.14971,0.85029
176.52000,1.01193,0.40976,0.59024
176.64000,1.01193,0.05672,0.94328
176.75999,1.01195,0.09436,0.90564
176.88000,1.01193,0.02066,0.97934
177.00000,1.01193,0.03558,0.96442
177.12000,1.01195,0.00788,0.99212
177.24001,1.01193,0.00396,0.99604
177.36000,1.01193,0.00284,0.99716
177.48000,1.01195,0.00182,0.99818
177.60001,1.01193,0.00070,0.99930
177.72000,1.01193,0.00036,0.99964
177.84000,1.01195,0.00080,0.99920
177.96001,1.01193,0.00055,0.99945
178.08000,1.01193,0.00091,0.99909
178.20000,1.01195,0.00079,0.99921
178.32001,1.01193,0.00108,0.99892
178.44000,1.01193,0.00099,0.99901
178.56000,1.01193,0.00078,0.99922
178.67999,1.01195,0.00855,0.99145
178.80000,1.01193,0.00932,0.99068
178.92000,1.01193,0.00550,0.99450
179.03999,1.01195,0.00461,0.99539
179.16000,1.01193,0.01410,0.98590
179.28000,1.01193,0.03706,0.96294
179.39999,1.01195,0.02930,0.97070
179.52000,1.01193,0.02380,0.97620
179.64000,1.01193,0.08018,0.91982
179.75999,1.01195,0.09738,0.90262
179.88000,1.01193,0.15990,0.84010
180.00000,1.01193,0.30019,0.69981
180.12000,1.01195,0.38802,0.61198
180.24001,1.01193,0.45817,0.54183
180.36000,1.01193,0.39291,0.60709
180.48000,1.01195,0.59930,0.40070
180.60001,1.01193,0.43787,0.56213
180.72000,1.01193,0.72746,0.27254
180.84000,1.01195,0.57807,0.42193
180.96001,1.01193,0.84899,0.15101
181.08000,1.01193,0.76363,0.23637
181.20000,1.01195,0.78264,0.21736
181.32001,1.01193,0.75286,0.24714
181.44000,1.01193,0.59915,0.40085
181.56000,1.01193,0.59853,0.40147
181.67999,1.01195,0.55681,0.44319
181.80000,1.01193,0.20357,0.79643
181.92000,1.01193,0.29433,0.70567
182.03999,1.01195,0.08364,0.91636
182.16000,1.01193,0.13148,0.86852
182.28000,1.01193,0.04301,0.95699
182.39999,1.01195,0.05558,0.94442
182.52000,1.01193,0.00560,0.99440
182.64000,1.01193,0.01464,0.98536
182.75999,1.01195,0.00947,0.99053
182.88000,1.01193,0.00285,0.99715
183.00000,1.01193,0.00240,0.99760
183.12000,1.01195,0.00218,0.99782
183.24001,1.01193,0.00364,0.99636
183.36000,1.01193,0.00612,0.99388
183.48000,1.01195,0.00398,0.99602
183.60001,1.01193,0.00480,0.99520
183.72000,1.01193,0.01469,0.98531
183.84000,1.01195,0.02156,0.97844
183.96001,1.01193,0.03169,0.96831
184.08000,1.01193,0.04484,0.95516
184.20000,1.01195,0.12142,0.87858
184.32001,1.01193,0.03401,0.96599
184.44000,1.01193,0.14619,0.85381
184.56000,1.01193,0.14158,0.85842
184.67999,1.01195,0.15776,0.84224
184.80000,1.01193,0.06827,0.93173
184.92000,1.01193,0.29244,0.70756
185.03999,1.01195,0.61339,0.38661
185.16000,1.01193,0.49740,0.50260
185.28000,1.01193,0.56943,0.43057
185.39999,1.01195,0.71430,0.28570
185.52000,1.01193,0.66423,0.33577
185.64000,1.01193,0.51613,0.48387
185.75999,1.01195,0.63520,0.36480
185.88000,1.01193,0.51243,0.48757
186.00000,1.01193,0.46653,0.53347
186.12000,1.01195,0.59885,0.40115
186.24001,1.01193,0.55415,0.44585
186.36000,1.01193,0.44689,0.55311
186.48000,1.01195,0.25874,0.74126
186.60001,1.01193,0.41399,0.58601
186.72000,1.01193,0.39012,0.60988
186.84000,1.01195,0.57316,0.42684
186.96001,1.01193,0.24455,0.75546
187.08000,1.01193,0.15731,0.84269
187.20000,1.01195,0.24818,0.75182
187.32001,1.01193,0.13475,0.86525
187.44000,1.01193,0.03482,0.96518
187.56000,1.01193,0.02242,0.97758
187.67999,1.01195,0.01161,0.98839
187.80000,1.01193,0.00680,0.99320
187.92000,1.01193,0.00296,0.99704
188.03999,1.01195,0.00357,0.99643
188.16000,1.01193,0.00612,0.99388
188.28000,1.01193,0.00199,0.99801
188.39999,1.01195,0.00209,0.99791
188.52000,1.01193,0.00546,0.99454
188.64000,1.01193,0.01337,0.98663
188.75999,1.01195,0.00882,0.99118
188.88000,1.01193,0.01274,0.98726
189.00000,1.01193,0.02162,0.97838
189.12000,1.01195,0.03891,0.96109
189.24001,1.01193,0.10821,0.89179
189.36000,1.01193,0.11258,0.88742
189.48000,1.01195,0.16478,0.83522
189.60001,1.01193,0.16283,0.83717
189.72000,1.01193,0.06602,0.93398
189.84000,1.01195,0.17706,0.82294
189.96001,1.01193,0.10897,0.89103
190.08000,1.01193,0.37463,0.62537
190.20000,1.01195,0.19453,0.80547
190.32001,1.01193,0.33909,0.66091
190.44000,1.01193,0.51106,0.48894
190.56000,1.01193,0.49287,0.50713
190.67999,1.01195,0.48347,0.51653
190.80000,1.01193,0.64643,0.35357
190.92000,1.01193,0.54326,0.45674
191.03999,1.01195,0.62523,0.37477
191.16000,1.01193,0.53529,0.46471
191.28000,1.01193,0.43221,0.56779
191.39999,1.01195,0.53745,0.46255
191.52000,1.01193,0.38909,0.61091
191.64000,1.01193,0.39623,0.60377
191.75999,1.01195,0.23911,0.76089
191.88000,1.01193,0.56926,0.43074
192.00000,1.01193,0.12317,0.87683
192.12000,1.01195,0.29502,0.70498
192.24001,1.01193,0.12881,0.87119
192.36000,1.01193,0.04155,0.95845
192.48000,1.01195,0.06641,0.93359
192.60001,1.01193,0.06251,0.93749
192.72000,1.01193,0.06978,0.93022
192.84000,1.01195,0.05855,0.94145
192.96001,1.01193,0.02869,0.97131
193.08000,1.01193,0.02312,0.97688
193.20000,1.01195,0.03594,0.96406
193.32001,1.01193,0.01862,0.98138
193.44000,1.01193,0.02870,0.97130
193.56000,1.01193,0.02098,0.97902
193.67999,1.01195,0.04665,0.95335
193.80000,1.01193,0.03393,0.96607
193.92000,1.01193,0.02695,0.97305
194.03999,1.01195,0.06308,0.93692
194.16000,1.01193,0.10300,0.89700
194.28000,1.01193,0.30259,0.69741
194.39999,1.01195,0.23335,0.76665
194.52000,1.01193,0.38951,0.61049
194.64000,1.01193,0.14252,0.85748
194.75999,1.01195,0.48083,0.51917
194.88000,1.01193,0.34337,0.65663
195.00000,1.01193,0.55144,0.44856
195.12000,1.01195,0.32360,0.67640
195.24001,1.01193,0.52374,0.47626
195.36000,1.01193,0.47812,0.52188
195.48000,1.01195,0.78060,0.21940
195.60001,1.01193,0.73890,0.26110
195.72000,1.01193,0.78722,0.21278
195.84000,1.01195,0.85703,0.14297
195.96001,1.01193,0.88362,0.11638
196.08000,1.01193,0.91030,0.08970
196.20000,1.01195,0.93720,0.06280
196.32001,1.01193,0.97664,0.02336
