Time (seconds), Duration (seconds),pred_unlabeled,pred_sirens
0.00000,1.01194,0.72710,0.27290
0.12000,1.01194,0.67701,0.32299
0.24000,1.01194,0.77119,0.22881
0.36000,1.01194,0.75087,0.24913
0.48000,1.01194,0.68094,0.31906
0.60000,1.01194,0.67963,0.32037
0.72000,1.01194,0.68758,0.31242
0.84000,1.01194,0.57683,0.42317
0.96000,1.01194,0.54302,0.45698
1.08000,1.01194,0.70886,0.29114
1.20000,1.01194,0.76760,0.23240
1.32000,1.01194,0.79645,0.20355
1.44000,1.01194,0.69753,0.30247
1.56000,1.01194,0.83463,0.16537
1.68000,1.01194,0.76522,0.23478
1.80000,1.01194,0.78860,0.21140
1.92000,1.01194,0.79278,0.20722
2.04000,1.01194,0.76329,0.23671
2.16000,1.01194,0.73010,0.26990
2.28000,1.01194,0.66188,0.33812
2.40000,1.01194,0.64729,0.35271
2.52000,1.01194,0.73127,0.26873
2.64000,1.01194,0.64863,0.35137
2.76000,1.01194,0.76810,0.23190
2.88000,1.01194,0.67108,0.32892
3.00000,1.01194,0.73603,0.26397
3.12000,1.01194,0.65409,0.34591
3.24000,1.01194,0.64054,0.35946
3.36000,1.01194,0.64319,0.35681
3.48000,1.01194,0.76777,0.23223
3.60000,1.01194,0.72792,0.27208
3.72000,1.01194,0.70652,0.29348
3.84000,1.01194,0.73312,0.26688
3.96000,1.01194,0.68026,0.31974
4.08000,1.01194,0.70916,0.29084
4.20000,1.01194,0.80634,0.19366
4.32000,1.01194,0.59871,0.40129
4.44000,1.01194,0.66347,0.33653
4.56000,1.01194,0.71637,0.28363
4.68000,1.01194,0.67528,0.32472
4.80000,1.01194,0.77311,0.22689
4.92000,1.01194,0.67344,0.32656
5.04000,1.01194,0.68702,0.31298
5.16000,1.01194,0.72051,0.27949
5.28000,1.01194,0.71181,0.28819
5.40000,1.01194,0.66245,0.33755
5.52000,1.01194,0.61381,0.38619
5.64000,1.01194,0.71335,0.28665
5.76000,1.01194,0.68242,0.31758
5.88000,1.01194,0.63021,0.36979
6.00000,1.01194,0.57025,0.42975
6.12000,1.01194,0.45018,0.54982
6.24000,1.01194,0.36562,0.63438
6.36000,1.01194,0.49882,0.50118
6.48000,1.01194,0.32948,0.67052
6.60000,1.01194,0.50481,0.49519
6.72000,1.01194,0.44238,0.55762
6.84000,1.01194,0.37861,0.62139
6.96000,1.01194,0.36320,0.63680
7.08000,1.01194,0.54436,0.45564
7.20000,1.01194,0.39452,0.60548
7.32000,1.01194,0.49882,0.50118
7.44000,1.01194,0.39666,0.60334
7.56000,1.01194,0.66026,0.33974
7.68000,1.01194,0.53378,0.46622
7.80000,1.01194,0.36877,0.63123
7.92000,1.01194,0.70553,0.29447
8.04000,1.01194,0.62592,0.37408
8.16000,1.01194,0.54980,0.45020
8.28000,1.01194,0.44370,0.55630
8.40000,1.01194,0.49335,0.50665
8.52000,1.01194,0.40040,0.59960
8.64000,1.01194,0.51054,0.48946
8.76000,1.01194,0.59233,0.40767
8.88000,1.01194,0.50973,0.49027
9.00000,1.01194,0.59475,0.40525
9.12000,1.01194,0.50669,0.49331
9.24000,1.01194,0.72054,0.27946
9.36000,1.01194,0.66200,0.33800
9.48000,1.01194,0.60431,0.39569
9.60000,1.01194,0.68226,0.31774
9.72000,1.01194,0.67308,0.32692
9.84000,1.01194,0.67588,0.32412
9.96000,1.01194,0.69671,0.30329
10.08000,1.01194,0.66908,0.33092
10.20000,1.01194,0.65316,0.34684
10.32000,1.01194,0.66872,0.33128
10.44000,1.01194,0.35295,0.64705
10.56000,1.01194,0.49238,0.50762
10.68000,1.01194,0.37465,0.62535
10.80000,1.01194,0.39716,0.60284
10.92000,1.01194,0.50785,0.49215
11.04000,1.01194,0.21631,0.78369
11.16000,1.01194,0.39645,0.60355
11.28000,1.01194,0.11623,0.88377
11.40000,1.01194,0.57837,0.42163
11.52000,1.01194,0.26172,0.73828
11.64000,1.01194,0.42256,0.57744
11.76000,1.01194,0.35530,0.64470
11.88000,1.01194,0.49913,0.50087
12.00000,1.01194,0.46781,0.53219
12.12000,1.01194,0.65137,0.34863
12.24000,1.01194,0.54960,0.45040
12.36000,1.01194,0.52071,0.47929
12.48000,1.01194,0.53690,0.46310
12.60000,1.01194,0.62387,0.37613
12.72000,1.01194,0.48871,0.51129
12.84000,1.01194,0.33184,0.66816
12.96000,1.01194,0.28613,0.71387
13.08000,1.01194,0.21830,0.78170
13.20000,1.01194,0.26006,0.73994
13.32000,1.01194,0.20593,0.79407
13.44000,1.01194,0.38500,0.61500
13.56000,1.01194,0.21789,0.78211
13.68000,1.01194,0.27724,0.72276
13.80000,1.01194,0.21937,0.78063
13.92000,1.01194,0.22779,0.77221
14.04000,1.01194,0.17304,0.82696
14.16000,1.01194,0.20637,0.79363
14.28000,1.01194,0.28940,0.71060
14.40000,1.01194,0.31627,0.68373
14.52000,1.01194,0.47167,0.52833
14.64000,1.01194,0.47723,0.52277
14.76000,1.01194,0.52613,0.47387
14.88000,1.01194,0.49121,0.50879
15.00000,1.01194,0.48168,0.51832
15.12000,1.01194,0.55315,0.44685
15.24000,1.01194,0.43636,0.56364
15.36000,1.01194,0.53497,0.46503
15.48000,1.01194,0.66117,0.33883
15.60000,1.01194,0.52895,0.47105
15.72000,1.01194,0.49308,0.50692
15.84000,1.01194,0.58347,0.41653
15.96000,1.01194,0.61469,0.38531
16.08000,1.01194,0.37099,0.62901
16.20000,1.01194,0.32563,0.67437
16.32000,1.01194,0.20245,0.79755
16.44000,1.01194,0.14392,0.85608
16.56000,1.01194,0.10105,0.89895
16.68000,1.01194,0.08798,0.91202
16.80000,1.01194,0.12647,0.87353
16.92000,1.01194,0.08772,0.91228
17.04000,1.01194,0.07067,0.92933
17.16000,1.01194,0.09343,0.90657
17.28000,1.01194,0.12232,0.87768
17.40000,1.01194,0.06622,0.93378
17.52000,1.01194,0.11612,0.88388
17.64000,1.01194,0.09655,0.90345
17.76000,1.01194,0.05971,0.94029
17.88000,1.01194,0.11955,0.88045
18.00000,1.01194,0.08151,0.91849
18.12000,1.01194,0.20476,0.79524
18.24000,1.01194,0.11814,0.88186
18.36000,1.01194,0.09778,0.90222
18.48000,1.01194,0.09792,0.90208
18.60000,1.01194,0.13521,0.86479
18.72000,1.01194,0.11860,0.88140
18.84000,1.01194,0.11262,0.88738
18.96000,1.01194,0.26527,0.73473
19.08000,1.01194,0.06459,0.93541
19.20000,1.01194,0.15961,0.84039
19.32000,1.01194,0.10241,0.89759
19.44000,1.01194,0.09700,0.90300
19.56000,1.01194,0.18664,0.81336
19.68000,1.01194,0.16127,0.83873
19.80000,1.01194,0.37074,0.62926
19.92000,1.01194,0.35198,0.64802
20.04000,1.01194,0.41669,0.58331
20.16000,1.01194,0.41137,0.58863
20.28000,1.01194,0.45314,0.54686
20.40000,1.01194,0.66884,0.33116
20.52000,1.01194,0.49342,0.50658
20.64000,1.01194,0.67956,0.32044
20.76000,1.01194,0.33451,0.66549
20.88000,1.01194,0.60035,0.39965
21.00000,1.01194,0.61103,0.38897
21.12000,1.01194,0.45789,0.54211
21.24000,1.01194,0.57784,0.42216
21.36000,1.01194,0.65035,0.34965
21.48000,1.01194,0.32864,0.67136
21.60000,1.01194,0.36403,0.63597
21.72000,1.01194,0.24545,0.75455
21.84000,1.01194,0.10568,0.89432
21.96000,1.01194,0.04303,0.95697
22.08000,1.01194,0.06380,0.93620
22.20000,1.01194,0.03274,0.96726
22.32000,1.01194,0.04522,0.95478
22.44000,1.01194,0.03482,0.96518
22.56000,1.01194,0.08249,0.91751
22.68000,1.01194,0.21461,0.78539
22.80000,1.01194,0.18985,0.81015
22.92000,1.01194,0.21119,0.78881
23.04000,1.01194,0.15727,0.84273
23.16000,1.01194,0.07215,0.92785
23.28000,1.01194,0.12008,0.87992
23.40000,1.01194,0.09986,0.90014
23.52000,1.01194,0.04185,0.95815
23.64000,1.01194,0.08971,0.91029
23.76000,1.01194,0.03343,0.96657
23.88000,1.01194,0.09206,0.90794
24.00000,1.01194,0.04436,0.95564
24.12000,1.01194,0.06076,0.93924
24.24000,1.01194,0.02853,0.97147
24.36000,1.01194,0.05200,0.94800
24.48000,1.01194,0.01900,0.98100
24.60000,1.01194,0.05097,0.94903
24.72000,1.01194,0.03518,0.96482
24.84000,1.01194,0.06966,0.93034
24.96000,1.01194,0.04254,0.95746
25.08000,1.01194,0.18198,0.81802
25.20000,1.01194,0.39650,0.60350
25.32000,1.01194,0.69512,0.30488
25.44000,1.01194,0.62237,0.37763
25.56000,1.01194,0.74815,0.25185
25.68000,1.01194,0.72856,0.27144
25.80000,1.01194,0.63827,0.36173
25.92000,1.01194,0.80919,0.19081
26.04000,1.01194,0.68656,0.31344
26.16000,1.01194,0.60298,0.39702
26.28000,1.01194,0.14722,0.85278
26.40000,1.01194,0.44069,0.55931
26.52000,1.01194,0.24434,0.75566
26.64000,1.01194,0.11803,0.88197
26.76000,1.01194,0.10917,0.89083
26.88000,1.01194,0.05433,0.94567
27.00000,1.01194,0.07848,0.92152
27.12000,1.01194,0.04271,0.95729
27.24000,1.01194,0.03380,0.96620
27.36000,1.01194,0.01398,0.98602
27.48000,1.01194,0.01708,0.98292
27.60000,1.01194,0.00413,0.99587
27.72000,1.01194,0.01495,0.98505
27.84000,1.01194,0.00444,0.99556
27.96000,1.01194,0.02672,0.97328
28.08000,1.01194,0.01010,0.98990
28.20000,1.01194,0.03879,0.96121
28.32000,1.01194,0.01027,0.98973
28.44000,1.01194,0.02059,0.97941
28.56000,1.01194,0.02131,0.97869
28.68000,1.01194,0.08430,0.91570
28.80000,1.01194,0.06442,0.93558
28.92000,1.01194,0.10990,0.89010
29.04000,1.01194,0.06601,0.93399
29.16000,1.01194,0.06327,0.93673
29.28000,1.01194,0.04076,0.95924
29.40000,1.01194,0.04537,0.95463
29.52000,1.01194,0.10512,0.89488
29.64000,1.01194,0.04490,0.95510
29.76000,1.01194,0.10666,0.89334
29.88000,1.01194,0.03529,0.96471
30.00000,1.01194,0.05583,0.94417
30.12000,1.01194,0.03682,0.96318
30.24000,1.01194,0.04975,0.95025
30.36000,1.01194,0.03274,0.96726
30.48000,1.01194,0.03898,0.96102
30.60000,1.01194,0.08932,0.91068
30.72000,1.01194,0.09952,0.90048
30.84000,1.01194,0.15586,0.84414
30.96000,1.01194,0.14657,0.85343
31.08000,1.01194,0.44641,0.55359
31.20000,1.01194,0.33408,0.66592
31.32000,1.01194,0.66325,0.33675
31.44000,1.01194,0.60371,0.39629
31.56000,1.01194,0.61631,0.38369
31.68000,1.01194,0.66060,0.33940
31.80000,1.01194,0.53032,0.46968
31.92000,1.01194,0.40152,0.59848
32.04000,1.01194,0.35442,0.64558
32.16000,1.01194,0.32730,0.67270
32.28000,1.01194,0.20223,0.79777
32.40000,1.01194,0.10569,0.89431
32.52000,1.01194,0.07283,0.92717
32.64000,1.01194,0.04128,0.95872
32.76000,1.01194,0.02508,0.97492
32.88000,1.01194,0.01939,0.98061
33.00000,1.01194,0.01574,0.98426
33.12000,1.01194,0.03241,0.96759
33.24000,1.01194,0.01351,0.98649
33.36000,1.01194,0.10592,0.89408
33.48000,1.01194,0.03126,0.96874
33.60000,1.01194,0.11723,0.88277
33.72000,1.01194,0.04084,0.95916
33.84000,1.01194,0.17136,0.82864
33.96000,1.01194,0.04800,0.95200
34.08000,1.01194,0.12098,0.87902
34.20000,1.01194,0.05873,0.94127
34.32000,1.01194,0.09465,0.90535
34.44000,1.01194,0.06188,0.93812
34.56000,1.01194,0.06445,0.93555
34.68000,1.01194,0.12892,0.87108
34.80000,1.01194,0.06724,0.93276
34.92000,1.01194,0.11157,0.88843
35.04000,1.01194,0.10397,0.89603
35.16000,1.01194,0.14200,0.85800
35.28000,1.01194,0.06321,0.93679
35.40000,1.01194,0.08459,0.91541
35.52000,1.01194,0.05692,0.94308
35.64000,1.01194,0.08358,0.91642
35.76000,1.01194,0.05903,0.94097
35.88000,1.01194,0.11621,0.88379
36.00000,1.01194,0.12878,0.87122
36.12000,1.01194,0.17564,0.82436
36.24000,1.01194,0.15234,0.84766
36.36000,1.01194,0.26975,0.73025
36.48000,1.01194,0.26965,0.73035
36.60000,1.01194,0.33671,0.66329
36.72000,1.01194,0.40368,0.59632
36.84000,1.01194,0.66838,0.33162
36.96000,1.01194,0.51662,0.48338
37.08000,1.01194,0.71371,0.28629
37.20000,1.01194,0.49648,0.50352
37.32000,1.01194,0.58396,0.41604
37.44000,1.01194,0.39518,0.60482
37.56000,1.01194,0.41011,0.58989
37.68000,1.01194,0.22290,0.77710
37.80000,1.01194,0.13439,0.86561
37.92000,1.01194,0.11368,0.88632
38.04000,1.01194,0.05466,0.94534
38.16000,1.01194,0.05319,0.94681
38.28000,1.01194,0.04174,0.95826
38.40000,1.01194,0.05274,0.94726
38.52000,1.01194,0.05100,0.94900
38.64000,1.01194,0.03961,0.96039
38.76000,1.01194,0.17973,0.82027
38.88000,1.01194,0.15123,0.84877
39.00000,1.01194,0.21122,0.78878
39.12000,1.01194,0.32472,0.67528
39.24000,1.01194,0.17349,0.82651
39.36000,1.01194,0.12030,0.87970
39.48000,1.01194,0.32180,0.67820
39.60000,1.01194,0.06699,0.93301
39.72000,1.01194,0.09508,0.90492
39.84000,1.01194,0.06702,0.93298
39.96000,1.01194,0.08647,0.91353
40.08000,1.01194,0.06768,0.93232
40.20000,1.01194,0.20609,0.79391
40.32000,1.01194,0.40674,0.59326
40.44000,1.01194,0.40637,0.59363
40.56000,1.01194,0.38795,0.61205
40.68000,1.01194,0.32103,0.67897
40.80000,1.01194,0.34611,0.65389
40.92000,1.01194,0.61902,0.38098
41.04000,1.01194,0.43122,0.56878
41.16000,1.01194,0.49992,0.50008
41.28000,1.01194,0.53346,0.46654
41.40000,1.01194,0.47634,0.52366
41.52000,1.01194,0.47519,0.52481
41.64000,1.01194,0.44394,0.55606
41.76000,1.01194,0.65741,0.34259
41.88000,1.01194,0.61461,0.38539
42.00000,1.01194,0.72248,0.27752
42.12000,1.01194,0.59993,0.40007
42.24000,1.01194,0.75556,0.24444
42.36000,1.01194,0.47737,0.52263
42.48000,1.01194,0.66252,0.33748
42.60000,1.01194,0.57947,0.42053
42.72000,1.01194,0.62951,0.37049
42.84000,1.01194,0.44320,0.55680
42.96000,1.01194,0.41891,0.58109
43.08000,1.01194,0.59781,0.40219
43.20000,1.01194,0.56377,0.43623
43.32000,1.01194,0.61033,0.38967
43.44000,1.01194,0.53516,0.46484
43.56000,1.01194,0.56139,0.43861
43.68000,1.01194,0.46229,0.53771
43.80000,1.01194,0.52756,0.47244
43.92000,1.01194,0.55216,0.44784
44.04000,1.01194,0.41066,0.58934
44.16000,1.01194,0.60281,0.39719
44.28000,1.01194,0.46080,0.53920
44.40000,1.01194,0.63997,0.36003
44.52000,1.01194,0.46227,0.53773
44.64000,1.01194,0.68174,0.31826
44.76000,1.01194,0.57166,0.42834
44.88000,1.01194,0.47583,0.52417
45.00000,1.01194,0.51613,0.48387
45.12000,1.01194,0.45819,0.54181
45.24000,1.01194,0.61185,0.38815
45.36000,1.01194,0.48610,0.51390
45.48000,1.01194,0.61646,0.38354
45.60000,1.01194,0.55759,0.44241
45.72000,1.01194,0.69786,0.30214
45.84000,1.01194,0.75657,0.24343
45.96000,1.01194,0.76642,0.23358
46.08000,1.01194,0.63530,0.36470
46.20000,1.01194,0.66772,0.33228
46.32000,1.01194,0.70455,0.29545
46.44000,1.01194,0.61995,0.38005
46.56000,1.01194,0.61383,0.38617
46.68000,1.01194,0.59436,0.40564
46.80000,1.01194,0.55266,0.44734
46.92000,1.01194,0.61739,0.38261
47.04000,1.01194,0.74023,0.25977
47.16000,1.01194,0.72980,0.27020
47.28000,1.01194,0.73032,0.26968
47.40000,1.01194,0.67720,0.32280
47.52000,1.01194,0.78966,0.21034
47.64000,1.01194,0.72603,0.27397
47.76000,1.01194,0.78873,0.21127
47.88000,1.01194,0.63601,0.36399
48.00000,1.01194,0.72982,0.27018
48.12000,1.01194,0.74088,0.25912
48.24000,1.01194,0.67253,0.32747
48.36000,1.01194,0.69850,0.30150
48.48000,1.01194,0.59948,0.40052
48.60000,1.01194,0.60456,0.39544
48.72000,1.01194,0.58668,0.41332
48.84000,1.01194,0.70479,0.29521
48.96000,1.01194,0.67222,0.32778
49.08000,1.01194,0.74539,0.25461
49.20000,1.01194,0.75968,0.24032
49.32000,1.01194,0.76321,0.23679
49.44000,1.01194,0.76921,0.23079
49.56000,1.01194,0.77501,0.22499
49.68000,1.01194,0.78567,0.21433
49.80000,1.01194,0.74182,0.25818
49.92000,1.01194,0.76230,0.23770
50.04000,1.01194,0.79733,0.20267
50.16000,1.01194,0.72686,0.27314
50.28000,1.01194,0.62910,0.37090
50.40000,1.01194,0.71820,0.28180
50.52000,1.01194,0.76654,0.23346
50.64000,1.01194,0.80228,0.19772
50.76000,1.01194,0.66783,0.33217
50.88000,1.01194,0.77846,0.22154
51.00000,1.01194,0.72484,0.27516
51.12000,1.01194,0.70148,0.29852
51.24000,1.01194,0.74137,0.25863
51.36000,1.01194,0.54284,0.45716
51.48000,1.01194,0.63880,0.36120
51.60000,1.01194,0.60497,0.39503
51.72000,1.01194,0.71821,0.28179
51.84000,1.01194,0.72384,0.27616
51.96000,1.01194,0.77553,0.22447
52.08000,1.01194,0.75142,0.24858
52.20000,1.01194,0.78652,0.21348
52.32000,1.01194,0.83908,0.16092
52.44000,1.01194,0.76520,0.23480
52.56000,1.01194,0.74995,0.25005
52.68000,1.01194,0.70788,0.29212
52.80000,1.01194,0.69695,0.30305
52.92000,1.01194,0.70664,0.29336
53.04000,1.01194,0.68868,0.31132
53.16000,1.01194,0.72895,0.27105
53.28000,1.01194,0.75620,0.24380
53.40000,1.01194,0.80535,0.19465
53.52000,1.01194,0.73360,0.26640
53.64000,1.01194,0.66081,0.33919
53.76000,1.01194,0.71888,0.28112
53.88000,1.01194,0.59599,0.40401
54.00000,1.01194,0.69608,0.30392
54.12000,1.01194,0.62164,0.37836
54.24000,1.01194,0.75631,0.24369
54.36000,1.01194,0.65455,0.34545
54.48000,1.01194,0.78911,0.21089
54.60000,1.01194,0.78797,0.21203
54.72000,1.01194,0.74634,0.25366
54.84000,1.01194,0.69839,0.30161
54.96000,1.01194,0.68639,0.31361
55.08000,1.01194,0.76178,0.23822
55.20000,1.01194,0.78111,0.21889
55.32000,1.01194,0.75851,0.24149
55.44000,1.01194,0.72836,0.27164
55.56000,1.01194,0.75877,0.24122
55.68000,1.01194,0.69539,0.30461
55.80000,1.01194,0.81374,0.18626
55.92000,1.01194,0.69612,0.30388
56.04000,1.01194,0.71421,0.28579
56.16000,1.01194,0.74795,0.25205
56.28000,1.01194,0.83159,0.16841
56.40000,1.01194,0.80724,0.19276
56.52000,1.01194,0.82565,0.17435
56.64000,1.01194,0.72438,0.27562
56.76000,1.01194,0.87185,0.12815
56.88000,1.01194,0.77377,0.22623
57.00000,1.01194,0.73573,0.26427
57.12000,1.01194,0.73811,0.26189
57.24000,1.01194,0.63547,0.36453
57.36000,1.01194,0.82617,0.17383
57.48000,1.01194,0.69967,0.30033
57.60000,1.01194,0.82474,0.17526
57.72000,1.01194,0.72207,0.27793
57.84000,1.01194,0.67355,0.32645
57.96000,1.01194,0.67950,0.32050
58.08000,1.01194,0.71634,0.28366
58.20000,1.01194,0.84275,0.15725
58.32000,1.01194,0.77154,0.22846
58.44000,1.01194,0.72871,0.27129
58.56000,1.01194,0.68035,0.31965
58.68000,1.01194,0.80162,0.19838
58.80000,1.01194,0.72906,0.27094
58.92000,1.01194,0.76591,0.23409
59.04000,1.01194,0.62193,0.37807
59.16000,1.01194,0.76953,0.23047
59.28000,1.01194,0.60709,0.39291
59.40000,1.01194,0.74472,0.25528
59.52000,1.01194,0.78127,0.21873
59.64000,1.01194,0.65997,0.34003
59.76000,1.01194,0.77392,0.22608
59.88000,1.01194,0.77683,0.22317
60.00000,1.01194,0.81248,0.18752
60.12000,1.01194,0.75717,0.24283
60.24000,1.01194,0.75324,0.24676
60.36000,1.01194,0.57604,0.42396
60.48000,1.01194,0.75742,0.24258
60.60000,1.01194,0.67060,0.32940
60.72000,1.01194,0.63669,0.36331
60.84000,1.01194,0.71868,0.28132
60.96000,1.01194,0.73162,0.26838
61.08000,1.01194,0.72247,0.27753
61.20000,1.01194,0.63605,0.36395
61.32000,1.01194,0.72000,0.28000
61.44000,1.01194,0.70233,0.29767
61.56000,1.01194,0.76475,0.23525
61.68000,1.01194,0.67773,0.32227
61.80000,1.01194,0.77628,0.22372
61.92000,1.01194,0.80524,0.19476
62.04000,1.01194,0.79220,0.20780
62.16000,1.01194,0.73443,0.26557
62.28000,1.01194,0.56289,0.43711
62.40000,1.01194,0.67814,0.32186
62.52000,1.01194,0.64586,0.35414
62.64000,1.01194,0.63877,0.36123
62.76000,1.01194,0.62698,0.37302
62.88000,1.01194,0.57542,0.42458
63.00000,1.01194,0.66464,0.33536
63.12000,1.01194,0.70645,0.29355
63.24000,1.01194,0.52090,0.47910
63.36000,1.01194,0.63914,0.36086
63.48000,1.01194,0.63001,0.36999
63.60000,1.01194,0.67507,0.32493
63.72000,1.01194,0.68199,0.31801
63.84000,1.01194,0.71300,0.28700
63.96000,1.01194,0.66411,0.33589
64.08000,1.01193,0.67455,0.32545
64.20000,1.01194,0.72395,0.27605
64.32000,1.01194,0.60342,0.39658
64.44000,1.01193,0.69284,0.30716
64.56000,1.01194,0.67114,0.32886
64.68000,1.01194,0.71755,0.28245
64.80000,1.01193,0.66441,0.33559
64.92000,1.01194,0.72640,0.27360
65.04000,1.01194,0.73701,0.26299
65.16000,1.01193,0.76613,0.23387
65.28000,1.01194,0.68612,0.31388
65.40000,1.01193,0.69274,0.30726
65.52000,1.01194,0.75024,0.24976
65.64000,1.01194,0.76965,0.23035
65.76000,1.01193,0.74005,0.25995
65.88000,1.01194,0.72971,0.27029
66.00000,1.01194,0.71542,0.28458
66.12000,1.01193,0.77367,0.22633
66.24000,1.01194,0.76570,0.23430
66.36000,1.01194,0.75075,0.24925
66.48000,1.01193,0.72292,0.27708
66.60000,1.01194,0.74576,0.25424
66.72000,1.01194,0.76557,0.23443
66.84000,1.01194,0.71845,0.28155
66.96000,1.01194,0.63705,0.36295
67.08000,1.01193,0.61604,0.38396
67.20000,1.01194,0.67171,0.32829
67.32000,1.01194,0.60226,0.39774
67.44000,1.01193,0.57938,0.42062
67.56000,1.01194,0.54964,0.45036
67.68000,1.01194,0.47152,0.52848
67.80000,1.01193,0.67769,0.32231
67.92000,1.01194,0.63279,0.36721
68.04000,1.01194,0.74196,0.25804
68.16000,1.01193,0.62609,0.37391
68.28000,1.01194,0.59839,0.40161
68.40000,1.01193,0.69382,0.30618
68.52000,1.01194,0.75394,0.24606
68.64000,1.01194,0.72756,0.27244
68.76000,1.01193,0.77955,0.22045
68.88000,1.01194,0.77513,0.22487
69.00000,1.01194,0.81656,0.18344
69.12000,1.01193,0.70607,0.29393
69.24000,1.01194,0.75462,0.24538
69.36000,1.01194,0.75489,0.24511
69.48000,1.01193,0.71559,0.28441
69.60000,1.01194,0.70539,0.29461
69.72000,1.01194,0.61525,0.38475
69.84000,1.01194,0.66355,0.33645
69.96000,1.01194,0.64469,0.35531
70.08000,1.01193,0.72920,0.27080
70.20000,1.01194,0.76513,0.23487
70.32000,1.01194,0.72747,0.27253
70.44000,1.01193,0.75865,0.24135
70.56000,1.01194,0.63307,0.36693
70.68000,1.01194,0.73123,0.26877
70.80000,1.01193,0.74022,0.25978
70.92000,1.01194,0.63506,0.36494
71.04000,1.01194,0.70619,0.29381
71.16000,1.01193,0.63418,0.36582
71.28000,1.01194,0.75124,0.24876
71.40000,1.01193,0.75220,0.24780
71.52000,1.01194,0.75959,0.24041
71.64000,1.01194,0.70477,0.29523
71.76000,1.01193,0.77007,0.22993
71.88000,1.01194,0.81489,0.18511
72.00000,1.01194,0.77216,0.22784
72.12000,1.01193,0.71273,0.28727
72.24000,1.01194,0.69614,0.30386
72.36000,1.01194,0.71133,0.28867
72.48000,1.01193,0.70338,0.29662
72.60000,1.01194,0.67620,0.32380
72.72000,1.01194,0.69784,0.30216
72.84000,1.01194,0.76827,0.23173
72.96000,1.01194,0.77991,0.22009
73.08000,1.01193,0.68942,0.31058
73.20000,1.01194,0.72824,0.27176
73.32000,1.01194,0.56384,0.43616
73.44000,1.01193,0.80634,0.19366
73.56000,1.01194,0.57725,0.42275
73.68000,1.01194,0.63070,0.36930
73.80000,1.01193,0.39757,0.60243
73.92000,1.01194,0.79072,0.20928
74.04000,1.01194,0.71708,0.28292
74.16000,1.01193,0.72676,0.27324
74.28000,1.01194,0.73697,0.26303
74.40000,1.01193,0.67826,0.32174
74.52000,1.01194,0.61699,0.38301
74.64000,1.01194,0.66895,0.33105
74.76000,1.01193,0.65974,0.34026
74.88000,1.01194,0.69067,0.30933
75.00000,1.01194,0.74554,0.25446
75.12000,1.01193,0.78973,0.21027
75.24000,1.01194,0.69410,0.30590
75.36000,1.01194,0.72956,0.27044
75.48000,1.01193,0.72998,0.27002
75.60000,1.01194,0.77218,0.22782
75.72000,1.01194,0.74244,0.25756
75.84000,1.01194,0.70623,0.29377
75.96000,1.01194,0.53904,0.46096
76.08000,1.01193,0.72694,0.27306
76.20000,1.01194,0.69520,0.30480
76.32000,1.01194,0.62299,0.37701
76.44000,1.01193,0.61783,0.38217
76.56000,1.01194,0.77262,0.22738
76.68000,1.01194,0.56756,0.43244
76.80000,1.01193,0.74285,0.25715
76.92000,1.01194,0.65678,0.34322
77.04000,1.01194,0.55298,0.44702
77.16000,1.01193,0.67791,0.32209
77.28000,1.01194,0.63392,0.36608
77.40000,1.01193,0.66706,0.33294
77.52000,1.01194,0.52207,0.47793
77.64000,1.01194,0.78672,0.21328
77.76000,1.01193,0.62628,0.37372
77.88000,1.01194,0.77608,0.22392
78.00000,1.01194,0.70999,0.29001
78.12000,1.01193,0.75441,0.24559
78.24000,1.01194,0.47468,0.52532
78.36000,1.01194,0.75516,0.24484
78.48000,1.01193,0.57579,0.42421
78.60000,1.01194,0.66406,0.33594
78.72000,1.01194,0.49980,0.50020
78.84000,1.01194,0.50724,0.49276
78.96000,1.01194,0.57341,0.42659
79.08000,1.01193,0.69924,0.30076
79.20000,1.01194,0.62719,0.37281
79.32000,1.01194,0.69715,0.30285
79.44000,1.01193,0.76078,0.23922
79.56000,1.01194,0.60860,0.39140
79.68000,1.01194,0.70775,0.29225
79.80000,1.01193,0.64802,0.35198
79.92000,1.01194,0.73667,0.26333
80.04000,1.01194,0.67589,0.32411
80.16000,1.01193,0.74445,0.25555
80.28000,1.01194,0.72533,0.27467
80.40000,1.01193,0.75467,0.24533
80.52000,1.01194,0.62488,0.37512
80.64000,1.01194,0.78171,0.21829
80.76000,1.01193,0.69680,0.30320
80.88000,1.01194,0.76819,0.23181
81.00000,1.01194,0.77709,0.22291
81.12000,1.01193,0.70713,0.29287
81.24000,1.01194,0.75808,0.24192
81.36000,1.01194,0.83475,0.16525
81.48000,1.01193,0.73483,0.26517
81.60000,1.01194,0.78341,0.21659
81.72000,1.01194,0.78882,0.21118
81.84000,1.01194,0.80969,0.19031
81.96000,1.01194,0.70408,0.29592
82.08000,1.01193,0.79671,0.20329
82.20000,1.01194,0.75036,0.24964
82.32000,1.01194,0.78255,0.21745
82.44000,1.01193,0.55139,0.44861
82.56000,1.01194,0.65064,0.34936
82.68000,1.01194,0.78659,0.21341
82.80000,1.01193,0.70946,0.29054
82.92000,1.01194,0.71493,0.28507
83.04000,1.01194,0.72058,0.27942
83.16000,1.01193,0.69849,0.30151
83.28000,1.01194,0.72546,0.27454
83.40000,1.01193,0.77821,0.22179
83.52000,1.01194,0.77061,0.22939
83.64000,1.01194,0.72591,0.27409
83.76000,1.01193,0.78586,0.21414
83.88000,1.01194,0.66781,0.33219
84.00000,1.01194,0.68682,0.31318
84.12000,1.01193,0.78135,0.21865
84.24000,1.01194,0.67658,0.32342
84.36000,1.01194,0.73343,0.26657
84.48000,1.01193,0.72044,0.27956
84.60000,1.01194,0.78222,0.21778
84.72000,1.01194,0.69038,0.30962
84.84000,1.01194,0.67177,0.32823
84.96000,1.01194,0.70393,0.29607
85.08000,1.01193,0.71595,0.28405
85.20000,1.01194,0.76232,0.23768
85.32000,1.01194,0.69750,0.30250
85.44000,1.01193,0.67001,0.32999
85.56000,1.01194,0.57961,0.42039
85.68000,1.01194,0.67751,0.32249
85.80000,1.01193,0.62478,0.37522
85.92000,1.01194,0.60278,0.39722
86.04000,1.01194,0.73436,0.26564
86.16000,1.01193,0.66176,0.33824
86.28000,1.01194,0.79598,0.20402
86.40000,1.01193,0.68829,0.31171
86.52000,1.01194,0.58535,0.41465
86.64000,1.01194,0.75006,0.24994
86.76000,1.01193,0.72377,0.27623
86.88000,1.01194,0.74684,0.25316
87.00000,1.01194,0.71591,0.28409
87.12000,1.01193,0.72020,0.27980
87.24000,1.01194,0.73730,0.26270
87.36000,1.01194,0.70833,0.29167
87.48000,1.01193,0.71597,0.28403
87.60000,1.01194,0.73972,0.26028
87.72000,1.01194,0.70509,0.29491
87.84000,1.01194,0.60243,0.39757
87.96000,1.01194,0.61173,0.38827
88.08000,1.01193,0.58404,0.41596
88.20000,1.01194,0.81076,0.18924
88.32000,1.01194,0.65255,0.34745
88.44000,1.01193,0.78946,0.21054
88.56000,1.01194,0.61889,0.38111
88.68000,1.01194,0.75959,0.24041
88.80000,1.01193,0.57305,0.42695
88.92000,1.01194,0.79521,0.20479
89.04000,1.01194,0.60123,0.39877
89.16000,1.01193,0.69018,0.30982
89.28000,1.01194,0.57735,0.42265
89.40000,1.01193,0.76332,0.23668
89.52000,1.01194,0.61426,0.38574
89.64000,1.01194,0.70610,0.29390
89.76000,1.01193,0.67652,0.32348
89.88000,1.01194,0.81406,0.18594
90.00000,1.01194,0.66037,0.33963
90.12000,1.01193,0.75806,0.24194
90.24000,1.01194,0.64826,0.35174
90.36000,1.01194,0.76600,0.23400
90.48000,1.01193,0.68500,0.31500
90.60000,1.01194,0.81058,0.18942
90.72000,1.01194,0.54336,0.45664
90.84000,1.01194,0.78434,0.21566
90.96000,1.01194,0.63247,0.36753
91.08000,1.01193,0.72629,0.27371
91.20000,1.01194,0.62419,0.37581
91.32000,1.01194,0.75563,0.24437
91.44000,1.01193,0.64348,0.35652
91.56000,1.01194,0.59683,0.40317
91.68000,1.01194,0.68431,0.31569
91.80000,1.01193,0.48393,0.51607
91.92000,1.01194,0.72839,0.27161
92.04000,1.01194,0.54539,0.45461
92.16000,1.01193,0.65440,0.34560
92.28000,1.01194,0.67878,0.32122
92.40000,1.01193,0.67865,0.32135
92.52000,1.01194,0.74608,0.25392
92.64000,1.01194,0.67835,0.32165
92.76000,1.01193,0.72227,0.27773
92.88000,1.01194,0.62679,0.37321
93.00000,1.01194,0.65416,0.34584
93.12000,1.01193,0.67693,0.32307
93.24000,1.01194,0.57954,0.42046
93.36000,1.01194,0.69306,0.30694
93.48000,1.01193,0.78173,0.21827
93.60000,1.01194,0.68872,0.31128
93.72000,1.01194,0.79232,0.20768
93.84000,1.01194,0.72370,0.27630
93.96000,1.01194,0.76872,0.23128
94.08000,1.01193,0.70120,0.29880
94.20000,1.01194,0.74038,0.25962
94.32000,1.01194,0.74578,0.25422
94.44000,1.01193,0.83283,0.16717
94.56000,1.01194,0.74374,0.25626
94.68000,1.01194,0.83220,0.16780
94.80000,1.01193,0.79706,0.20294
94.92000,1.01194,0.70581,0.29419
95.04000,1.01194,0.76890,0.23110
95.16000,1.01193,0.74923,0.25077
95.28000,1.01194,0.78440,0.21560
95.40000,1.01193,0.73834,0.26166
95.52000,1.01194,0.76391,0.23609
95.64000,1.01194,0.57125,0.42875
95.76000,1.01193,0.64456,0.35544
95.88000,1.01194,0.68615,0.31385
96.00000,1.01194,0.57937,0.42063
96.12000,1.01193,0.69438,0.30562
96.24000,1.01194,0.83039,0.16961
96.36000,1.01194,0.70484,0.29516
96.48000,1.01193,0.70372,0.29628
96.60000,1.01194,0.75000,0.25000
96.72000,1.01194,0.73124,0.26876
96.84000,1.01194,0.81023,0.18977
96.96000,1.01194,0.79615,0.20385
97.08000,1.01193,0.74224,0.25776
97.20000,1.01194,0.74645,0.25355
97.32000,1.01194,0.76743,0.23257
97.44000,1.01193,0.78887,0.21113
97.56000,1.01194,0.69620,0.30380
97.68000,1.01194,0.77127,0.22873
97.80000,1.01193,0.75673,0.24327
97.92000,1.01194,0.83247,0.16753
98.04000,1.01194,0.73484,0.26516
98.16000,1.01193,0.81747,0.18253
98.28000,1.01194,0.76218,0.23782
98.40000,1.01193,0.71448,0.28552
98.52000,1.01194,0.77692,0.22308
98.64000,1.01194,0.78462,0.21538
98.76000,1.01193,0.67200,0.32800
98.88000,1.01194,0.79154,0.20846
99.00000,1.01194,0.74592,0.25408
99.12000,1.01193,0.72029,0.27971
99.24000,1.01194,0.76186,0.23814
99.36000,1.01194,0.73604,0.26396
99.48000,1.01193,0.75152,0.24848
99.60000,1.01194,0.71670,0.28330
99.72000,1.01194,0.68417,0.31583
99.84000,1.01194,0.74257,0.25743
99.96000,1.01194,0.73521,0.26479
100.08000,1.01193,0.68078,0.31922
100.20000,1.01194,0.68412,0.31588
100.32000,1.01194,0.76826,0.23174
100.44000,1.01193,0.63988,0.36012
100.56000,1.01194,0.74542,0.25458
100.68000,1.01194,0.67610,0.32390
100.80000,1.01193,0.74966,0.25034
100.92000,1.01194,0.74293,0.25707
101.04000,1.01194,0.80554,0.19446
101.16000,1.01193,0.78982,0.21018
101.28000,1.01194,0.74219,0.25781
101.40000,1.01193,0.73220,0.26780
101.52000,1.01194,0.73909,0.26091
101.64000,1.01194,0.70466,0.29534
101.76000,1.01193,0.63302,0.36698
101.88000,1.01194,0.68653,0.31347
102.00000,1.01194,0.70130,0.29870
102.12000,1.01193,0.85805,0.14195
102.24000,1.01194,0.75736,0.24264
102.36000,1.01194,0.82759,0.17241
102.48000,1.01193,0.77820,0.22180
102.60000,1.01194,0.68874,0.31126
102.72000,1.01194,0.78167,0.21833
102.84000,1.01194,0.81373,0.18627
102.96000,1.01194,0.74168,0.25832
103.08000,1.01193,0.82659,0.17341
103.20000,1.01194,0.63992,0.36008
103.32000,1.01194,0.72786,0.27214
103.44000,1.01193,0.76313,0.23687
103.56000,1.01194,0.71455,0.28545
103.68000,1.01194,0.68414,0.31586
103.80000,1.01193,0.68748,0.31252
103.92000,1.01194,0.76991,0.23009
104.04000,1.01194,0.76052,0.23948
104.16000,1.01193,0.77883,0.22117
104.28000,1.01194,0.78432,0.21568
104.40000,1.01193,0.77528,0.22472
104.52000,1.01194,0.78007,0.21993
104.64000,1.01194,0.80329,0.19671
104.76000,1.01193,0.80996,0.19004
104.88000,1.01194,0.83457,0.16543
105.00000,1.01194,0.73457,0.26543
105.12000,1.01193,0.72644,0.27356
105.24000,1.01194,0.79374,0.20626
105.36000,1.01194,0.76982,0.23018
105.48000,1.01193,0.73537,0.26463
105.60000,1.01194,0.75564,0.24436
105.72000,1.01194,0.77876,0.22124
105.84000,1.01194,0.78927,0.21073
105.96000,1.01194,0.70061,0.29939
106.08000,1.01193,0.74052,0.25948
106.20000,1.01194,0.70580,0.29420
106.32000,1.01194,0.79282,0.20718
106.44000,1.01193,0.62120,0.37880
106.56000,1.01194,0.74709,0.25291
106.68000,1.01194,0.70280,0.29720
106.80000,1.01193,0.71098,0.28902
106.92000,1.01194,0.82643,0.17357
107.04000,1.01194,0.76444,0.23556
107.16000,1.01193,0.75868,0.24132
107.28000,1.01194,0.69164,0.30836
107.40000,1.01193,0.79213,0.20787
107.52000,1.01194,0.67847,0.32153
107.64000,1.01194,0.77577,0.22423
107.76000,1.01193,0.73030,0.26970
107.88000,1.01194,0.81194,0.18806
108.00000,1.01194,0.69224,0.30776
108.12000,1.01193,0.67627,0.32373
108.24000,1.01194,0.69295,0.30705
108.36000,1.01194,0.68306,0.31694
108.48000,1.01193,0.69905,0.30095
108.60000,1.01194,0.76188,0.23812
108.72000,1.01194,0.59577,0.40423
108.84000,1.01194,0.69754,0.30246
108.96000,1.01194,0.73857,0.26143
109.08000,1.01193,0.80165,0.19835
109.20000,1.01194,0.54957,0.45043
109.32000,1.01194,0.76577,0.23423
109.44000,1.01193,0.68060,0.31940
109.56000,1.01194,0.63589,0.36411
109.68000,1.01194,0.66617,0.33383
109.80000,1.01193,0.76280,0.23720
109.92000,1.01194,0.69047,0.30953
110.04000,1.01194,0.77233,0.22767
110.16000,1.01193,0.69199,0.30801
110.28000,1.01194,0.79790,0.20210
110.40000,1.01193,0.62821,0.37179
110.52000,1.01194,0.84348,0.15652
110.64000,1.01194,0.77294,0.22706
110.76000,1.01193,0.74983,0.25017
110.88000,1.01194,0.72072,0.27928
111.00000,1.01194,0.74811,0.25189
111.12000,1.01193,0.71786,0.28214
111.24000,1.01194,0.66464,0.33536
111.36000,1.01194,0.67488,0.32512
111.48000,1.01193,0.69280,0.30720
111.60000,1.01194,0.75577,0.24423
111.72000,1.01194,0.82738,0.17262
111.84000,1.01194,0.61857,0.38143
111.96000,1.01194,0.71869,0.28131
112.08000,1.01193,0.62313,0.37687
112.20000,1.01194,0.65897,0.34103
112.32000,1.01194,0.56386,0.43614
112.44000,1.01193,0.54056,0.45944
112.56000,1.01194,0.70533,0.29467
112.68000,1.01194,0.70382,0.29618
112.80000,1.01193,0.77318,0.22682
112.92000,1.01194,0.64549,0.35451
113.04000,1.01194,0.71093,0.28907
113.16000,1.01193,0.72677,0.27323
113.28000,1.01194,0.67625,0.32375
113.40000,1.01193,0.64262,0.35738
113.52000,1.01194,0.58975,0.41025
113.64000,1.01194,0.67091,0.32909
113.76000,1.01193,0.53558,0.46442
113.88000,1.01194,0.70963,0.29037
114.00000,1.01194,0.51268,0.48732
114.12000,1.01193,0.70201,0.29799
114.24000,1.01194,0.61879,0.38121
114.36000,1.01194,0.70724,0.29276
114.48000,1.01193,0.62418,0.37582
114.60000,1.01194,0.50889,0.49111
114.72000,1.01194,0.48539,0.51461
114.84000,1.01194,0.42235,0.57765
114.96000,1.01194,0.59080,0.40920
115.08000,1.01193,0.59900,0.40100
115.20000,1.01194,0.64981,0.35019
115.32000,1.01194,0.66479,0.33521
115.44000,1.01193,0.72015,0.27985
115.56000,1.01194,0.60161,0.39839
115.68000,1.01194,0.77374,0.22626
115.80000,1.01193,0.74714,0.25286
115.92000,1.01194,0.72890,0.27110
116.04000,1.01194,0.76846,0.23154
116.16000,1.01193,0.75074,0.24926
116.28000,1.01194,0.73823,0.26177
116.40000,1.01193,0.75761,0.24239
116.52000,1.01194,0.75863,0.24137
116.64000,1.01194,0.79070,0.20930
116.76000,1.01193,0.73674,0.26326
116.88000,1.01194,0.73274,0.26726
117.00000,1.01194,0.70150,0.29850
117.12000,1.01193,0.81019,0.18981
117.24000,1.01194,0.69091,0.30909
117.36000,1.01194,0.71054,0.28946
117.48000,1.01193,0.70003,0.29997
117.60000,1.01194,0.77296,0.22704
117.72000,1.01194,0.71277,0.28723
117.84000,1.01194,0.67850,0.32150
117.96000,1.01194,0.78702,0.21298
118.08000,1.01193,0.58447,0.41553
118.20000,1.01194,0.84046,0.15954
118.32000,1.01194,0.73136,0.26864
118.44000,1.01193,0.75798,0.24202
118.56000,1.01194,0.73427,0.26573
118.68000,1.01194,0.78765,0.21235
118.80000,1.01193,0.81116,0.18884
118.92000,1.01194,0.81834,0.18166
119.04000,1.01194,0.82309,0.17691
119.16000,1.01193,0.75687,0.24313
119.28000,1.01194,0.80177,0.19823
119.40000,1.01193,0.77254,0.22746
119.52000,1.01194,0.80511,0.19489
119.64000,1.01194,0.73186,0.26814
119.76000,1.01193,0.72199,0.27801
119.88000,1.01194,0.69822,0.30178
120.00000,1.01194,0.70281,0.29719
120.12000,1.01193,0.72236,0.27764
120.24000,1.01194,0.74271,0.25729
120.36000,1.01194,0.76691,0.23309
120.48000,1.01193,0.73715,0.26285
120.60000,1.01194,0.75285,0.24715
120.72000,1.01194,0.72264,0.27736
120.84000,1.01194,0.66577,0.33423
120.96000,1.01194,0.75816,0.24184
121.08000,1.01193,0.74203,0.25797
121.20000,1.01194,0.75626,0.24374
121.32000,1.01194,0.68254,0.31746
121.44000,1.01193,0.67562,0.32438
121.56000,1.01194,0.73090,0.26910
121.68000,1.01194,0.62281,0.37719
121.80000,1.01193,0.74071,0.25929
121.92000,1.01194,0.75368,0.24632
122.04000,1.01194,0.76236,0.23764
122.16000,1.01193,0.71621,0.28379
122.28000,1.01194,0.60741,0.39259
122.40000,1.01193,0.72297,0.27703
122.52000,1.01194,0.53025,0.46975
122.64000,1.01194,0.73547,0.26453
122.76000,1.01193,0.49046,0.50954
122.88000,1.01194,0.62835,0.37165
123.00000,1.01194,0.47871,0.52129
123.12000,1.01193,0.71451,0.28549
123.24000,1.01194,0.67153,0.32847
123.36000,1.01194,0.70666,0.29334
123.48000,1.01193,0.72200,0.27800
123.60000,1.01194,0.61406,0.38594
123.72000,1.01194,0.78439,0.21561
123.84000,1.01194,0.71423,0.28577
123.96000,1.01194,0.80852,0.19148
124.08000,1.01193,0.66763,0.33237
124.20000,1.01194,0.76038,0.23962
124.32000,1.01194,0.68099,0.31901
124.44000,1.01193,0.69206,0.30794
124.56000,1.01194,0.68005,0.31995
124.68000,1.01194,0.59219,0.40781
124.80000,1.01193,0.77453,0.22547
124.92000,1.01194,0.65355,0.34645
125.04000,1.01194,0.71618,0.28382
125.16000,1.01193,0.67642,0.32358
125.28000,1.01194,0.73348,0.26652
125.40000,1.01193,0.69490,0.30510
125.52000,1.01194,0.70959,0.29041
125.64000,1.01194,0.66396,0.33604
125.76000,1.01193,0.76766,0.23234
125.88000,1.01194,0.62621,0.37379
126.00000,1.01194,0.74211,0.25789
126.12000,1.01193,0.75914,0.24086
126.24000,1.01194,0.67804,0.32196
126.36000,1.01194,0.59600,0.40400
126.48000,1.01193,0.47081,0.52919
126.60000,1.01194,0.62387,0.37613
126.72000,1.01194,0.51327,0.48673
126.84000,1.01194,0.75755,0.24245
126.96000,1.01194,0.61189,0.38811
127.08000,1.01193,0.58131,0.41869
127.20000,1.01195,0.60215,0.39785
127.32000,1.01194,0.61566,0.38434
127.44000,1.01193,0.65305,0.34695
127.56000,1.01193,0.59163,0.40837
127.68000,1.01194,0.68866,0.31134
127.80000,1.01193,0.69090,0.30910
127.92000,1.01193,0.50751,0.49249
128.03999,1.01195,0.64124,0.35876
128.16000,1.01193,0.50693,0.49307
128.28000,1.01193,0.66078,0.33922
128.39999,1.01195,0.59527,0.40473
128.52000,1.01193,0.69508,0.30492
128.64000,1.01193,0.70637,0.29363
128.75999,1.01195,0.76245,0.23755
128.88000,1.01193,0.74887,0.25113
129.00000,1.01193,0.72750,0.27250
129.12000,1.01195,0.70942,0.29058
129.24001,1.01193,0.67975,0.32025
129.36000,1.01193,0.73967,0.26033
129.48000,1.01195,0.74020,0.25980
129.60001,1.01193,0.75927,0.24073
129.72000,1.01193,0.79267,0.20733
129.84000,1.01195,0.69837,0.30163
129.96001,1.01193,0.71910,0.28090
130.08000,1.01193,0.74685,0.25315
130.20000,1.01195,0.77730,0.22270
130.32001,1.01193,0.69295,0.30705
130.44000,1.01193,0.77095,0.22905
130.56000,1.01193,0.77975,0.22025
130.67999,1.01195,0.71992,0.28008
130.80000,1.01193,0.78646,0.21354
130.92000,1.01193,0.73843,0.26157
131.03999,1.01195,0.76178,0.23822
131.16000,1.01193,0.79262,0.20738
131.28000,1.01193,0.79139,0.20861
131.39999,1.01195,0.79095,0.20905
131.52000,1.01193,0.78104,0.21896
131.64000,1.01193,0.81091,0.18909
131.75999,1.01195,0.72225,0.27775
131.88000,1.01193,0.73799,0.26201
132.00000,1.01193,0.81691,0.18309
132.12000,1.01195,0.76591,0.23409
132.24001,1.01193,0.80163,0.19837
132.36000,1.01193,0.79833,0.20167
132.48000,1.01195,0.80999,0.19001
132.60001,1.01193,0.74806,0.25194
132.72000,1.01193,0.76297,0.23703
132.84000,1.01195,0.77371,0.22629
132.96001,1.01193,0.76199,0.23801
133.08000,1.01193,0.81632,0.18368
133.20000,1.01195,0.77160,0.22840
133.32001,1.01193,0.72086,0.27914
133.44000,1.01193,0.77141,0.22859
133.56000,1.01193,0.66040,0.33960
133.67999,1.01195,0.81852,0.18148
133.80000,1.01193,0.70113,0.29887
133.92000,1.01193,0.68570,0.31430
134.03999,1.01195,0.75482,0.24518
134.16000,1.01193,0.74508,0.25492
134.28000,1.01193,0.72214,0.27786
134.39999,1.01195,0.67054,0.32946
134.52000,1.01193,0.70774,0.29226
134.64000,1.01193,0.53857,0.46143
134.75999,1.01195,0.56281,0.43719
134.88000,1.01193,0.71258,0.28742
135.00000,1.01193,0.77770,0.22230
135.12000,1.01195,0.79023,0.20977
135.24001,1.01193,0.69774,0.30226
135.36000,1.01193,0.81773,0.18227
135.48000,1.01195,0.75002,0.24998
135.60001,1.01193,0.78411,0.21589
135.72000,1.01193,0.80054,0.19946
135.84000,1.01195,0.71894,0.28106
135.96001,1.01193,0.71501,0.28499
136.08000,1.01193,0.64033,0.35967
136.20000,1.01195,0.69460,0.30540
136.32001,1.01193,0.65782,0.34218
136.44000,1.01193,0.63921,0.36079
136.56000,1.01193,0.73979,0.26021
136.67999,1.01195,0.65536,0.34464
136.80000,1.01193,0.73874,0.26126
136.92000,1.01193,0.66413,0.33587
137.03999,1.01195,0.66525,0.33475
137.16000,1.01193,0.69524,0.30476
137.28000,1.01193,0.75725,0.24275
137.39999,1.01195,0.73203,0.26797
137.52000,1.01193,0.67956,0.32044
137.64000,1.01193,0.77653,0.22347
137.75999,1.01195,0.67275,0.32725
137.88000,1.01193,0.73099,0.26901
138.00000,1.01193,0.79581,0.20419
138.12000,1.01195,0.61685,0.38315
138.24001,1.01193,0.67857,0.32143
138.36000,1.01193,0.73011,0.26989
138.48000,1.01195,0.66387,0.33613
138.60001,1.01193,0.78524,0.21476
138.72000,1.01193,0.71256,0.28744
138.84000,1.01195,0.70018,0.29982
138.96001,1.01193,0.72262,0.27738
139.08000,1.01193,0.70227,0.29773
139.20000,1.01195,0.64884,0.35116
139.32001,1.01193,0.65407,0.34593
139.44000,1.01193,0.66001,0.33999
139.56000,1.01193,0.64940,0.35060
139.67999,1.01195,0.59487,0.40513
139.80000,1.01193,0.52539,0.47461
139.92000,1.01193,0.40170,0.59830
140.03999,1.01195,0.34781,0.65219
140.16000,1.01193,0.38570,0.61430
140.28000,1.01193,0.29014,0.70986
140.39999,1.01195,0.36157,0.63843
140.52000,1.01193,0.34525,0.65475
140.64000,1.01193,0.32900,0.67100
140.75999,1.01195,0.34417,0.65583
140.88000,1.01193,0.47074,0.52926
141.00000,1.01193,0.43115,0.56885
141.12000,1.01195,0.43040,0.56960
141.24001,1.01193,0.37113,0.62887
141.36000,1.01193,0.57897,0.42103
141.48000,1.01195,0.55274,0.44726
141.60001,1.01193,0.42873,0.57127
141.72000,1.01193,0.70867,0.29133
141.84000,1.01195,0.61522,0.38478
141.96001,1.01193,0.53867,0.46133
142.08000,1.01193,0.45596,0.54404
142.20000,1.01195,0.45817,0.54183
142.32001,1.01193,0.38165,0.61835
142.44000,1.01193,0.47104,0.52896
142.56000,1.01193,0.52959,0.47041
142.67999,1.01195,0.43026,0.56974
142.80000,1.01193,0.59157,0.40843
142.92000,1.01193,0.51493,0.48507
143.03999,1.01195,0.71517,0.28483
143.16000,1.01193,0.69671,0.30329
143.28000,1.01193,0.60861,0.39139
143.39999,1.01195,0.69807,0.30193
143.52000,1.01193,0.63871,0.36129
143.64000,1.01193,0.67192,0.32808
143.75999,1.01195,0.66788,0.33212
143.88000,1.01193,0.70433,0.29567
144.00000,1.01193,0.65167,0.34833
144.12000,1.01195,0.69807,0.30193
144.24001,1.01193,0.35269,0.64731
144.36000,1.01193,0.54727,0.45273
144.48000,1.01195,0.39759,0.60241
144.60001,1.01193,0.50283,0.49717
144.72000,1.01193,0.41617,0.58383
144.84000,1.01195,0.22948,0.77052
144.96001,1.01193,0.40485,0.59515
145.08000,1.01193,0.13791,0.86209
145.20000,1.01195,0.59680,0.40320
145.32001,1.01193,0.22431,0.77569
145.44000,1.01193,0.40523,0.59477
145.56000,1.01193,0.35682,0.64318
145.67999,1.01195,0.48063,0.51937
145.80000,1.01193,0.47520,0.52480
145.92000,1.01193,0.63675,0.36325
146.03999,1.01195,0.54995,0.45005
146.16000,1.01193,0.51649,0.48351
146.28000,1.01193,0.56680,0.43320
146.39999,1.01195,0.60392,0.39608
146.52000,1.01193,0.47706,0.52294
146.64000,1.01193,0.25595,0.74405
146.75999,1.01195,0.25495,0.74505
146.88000,1.01193,0.21836,0.78164
147.00000,1.01193,0.27672,0.72328
147.12000,1.01195,0.16753,0.83247
147.24001,1.01193,0.35092,0.64908
147.36000,1.01193,0.24660,0.75340
147.48000,1.01195,0.24676,0.75324
147.60001,1.01193,0.21010,0.78990
147.72000,1.01193,0.22395,0.77605
147.84000,1.01195,0.19434,0.80566
147.96001,1.01193,0.19143,0.80857
148.08000,1.01193,0.33055,0.66945
148.20000,1.01195,0.29210,0.70790
148.32001,1.01193,0.53928,0.46072
148.44000,1.01193,0.44150,0.55849
148.56000,1.01193,0.57433,0.42567
148.67999,1.01195,0.47829,0.52171
148.80000,1.01193,0.47615,0.52385
148.92000,1.01193,0.53006,0.46994
149.03999,1.01195,0.41675,0.58325
149.16000,1.01193,0.46884,0.53116
149.28000,1.01193,0.60823,0.39177
149.39999,1.01195,0.52313,0.47687
149.52000,1.01193,0.48072,0.51928
149.64000,1.01193,0.55492,0.44508
149.75999,1.01195,0.53292,0.46708
149.88000,1.01193,0.30000,0.70000
150.00000,1.01193,0.30169,0.69831
150.12000,1.01195,0.22119,0.77881
150.24001,1.01193,0.13498,0.86502
150.36000,1.01193,0.10245,0.89755
150.48000,1.01195,0.11708,0.88292
150.60001,1.01193,0.12887,0.87113
150.72000,1.01193,0.08811,0.91189
150.84000,1.01195,0.07030,0.92970
150.96001,1.01193,0.10092,0.89908
151.08000,1.01193,0.11283,0.88717
151.20000,1.01195,0.06880,0.93120
151.32001,1.01193,0.10019,0.89980
151.44000,1.01193,0.09808,0.90192
151.56000,1.01193,0.07114,0.92886
151.67999,1.01195,0.12247,0.87753
151.80000,1.01193,0.08006,0.91994
151.92000,1.01193,0.19419,0.80581
152.03999,1.01195,0.09784,0.90216
152.16000,1.01193,0.08551,0.91449
152.28000,1.01193,0.09129,0.90871
152.39999,1.01195,0.11435,0.88565
152.52000,1.01193,0.09152,0.90848
152.64000,1.01193,0.12343,0.87657
152.75999,1.01195,0.21697,0.78303
152.88000,1.01193,0.07146,0.92854
153.00000,1.01193,0.16432,0.83568
153.12000,1.01195,0.12053,0.87947
153.24001,1.01193,0.11126,0.88874
153.36000,1.01193,0.20823,0.79177
153.48000,1.01195,0.15065,0.84935
153.60001,1.01193,0.40281,0.59719
153.72000,1.01193,0.31992,0.68008
153.84000,1.01195,0.42681,0.57319
153.96001,1.01193,0.39040,0.60960
154.08000,1.01193,0.48440,0.51560
154.20000,1.01195,0.66791,0.33209
154.32001,1.01193,0.48952,0.51048
154.44000,1.01193,0.63671,0.36329
154.56000,1.01193,0.35437,0.64563
154.67999,1.01195,0.60810,0.39190
154.80000,1.01193,0.62023,0.37977
154.92000,1.01193,0.40585,0.59415
155.03999,1.01195,0.65436,0.34564
155.16000,1.01193,0.63795,0.36205
155.28000,1.01193,0.32418,0.67582
155.39999,1.01195,0.33496,0.66504
155.52000,1.01193,0.21604,0.78396
155.64000,1.01193,0.09716,0.90284
155.75999,1.01195,0.04652,0.95348
155.88000,1.01193,0.06101,0.93899
156.00000,1.01193,0.03899,0.96101
156.12000,1.01195,0.05536,0.94464
156.24001,1.01193,0.04338,0.95662
156.36000,1.01193,0.10497,0.89503
156.48000,1.01195,0.24204,0.75796
156.60001,1.01193,0.21457,0.78543
156.72000,1.01193,0.21638,0.78362
156.84000,1.01195,0.12706,0.87294
156.96001,1.01193,0.06903,0.93097
157.08000,1.01193,0.11833,0.88167
157.20000,1.01195,0.10615,0.89385
157.32001,1.01193,0.05022,0.94978
157.44000,1.01193,0.08815,0.91185
157.56000,1.01193,0.03277,0.96723
157.67999,1.01195,0.07826,0.92174
157.80000,1.01193,0.03716,0.96284
157.92000,1.01193,0.05109,0.94891
158.03999,1.01195,0.02840,0.97160
158.16000,1.01193,0.04553,0.95447
158.28000,1.01193,0.01726,0.98274
158.39999,1.01195,0.05906,0.94094
158.52000,1.01193,0.04461,0.95539
158.64000,1.01193,0.08519,0.91481
158.75999,1.01195,0.05895,0.94105
158.88000,1.01193,0.19617,0.80383
159.00000,1.01193,0.43197,0.56803
159.12000,1.01195,0.67176,0.32824
159.24001,1.01193,0.63172,0.36828
159.36000,1.01193,0.71407,0.28593
159.48000,1.01195,0.75441,0.24559
159.60001,1.01193,0.59316,0.40684
159.72000,1.01193,0.83116,0.16884
159.84000,1.01195,0.72307,0.27693
159.96001,1.01193,0.52806,0.47194
160.08000,1.01193,0.16465,0.83535
160.20000,1.01195,0.45380,0.54620
160.32001,1.01193,0.26911,0.73089
160.44000,1.01193,0.12617,0.87383
160.56000,1.01193,0.09834,0.90166
160.67999,1.01195,0.05636,0.94364
160.80000,1.01193,0.08271,0.91729
160.92000,1.01193,0.04057,0.95943
161.03999,1.01195,0.03786,0.96214
161.16000,1.01193,0.01326,0.98674
161.28000,1.01193,0.01923,0.98077
161.39999,1.01195,0.00445,0.99555
161.52000,1.01193,0.01632,0.98368
161.64000,1.01193,0.00496,0.99504
161.75999,1.01195,0.02667,0.97333
161.88000,1.01193,0.01262,0.98738
162.00000,1.01193,0.04011,0.95989
162.12000,1.01195,0.01140,0.98860
162.24001,1.01193,0.01724,0.98276
162.36000,1.01193,0.02256,0.97744
162.48000,1.01195,0.08732,0.91268
162.60001,1.01193,0.06799,0.93201
162.72000,1.01193,0.10776,0.89224
162.84000,1.01195,0.07640,0.92360
162.96001,1.01193,0.04965,0.95035
163.08000,1.01193,0.05113,0.94887
163.20000,1.01195,0.03691,0.96309
163.32001,1.01193,0.11482,0.88518
163.44000,1.01193,0.04775,0.95225
163.56000,1.01193,0.10311,0.89689
163.67999,1.01195,0.02925,0.97075
163.80000,1.01193,0.06249,0.93751
163.92000,1.01193,0.03917,0.96083
164.03999,1.01195,0.04565,0.95435
164.16000,1.01193,0.04507,0.95493
164.28000,1.01193,0.04692,0.95308
164.39999,1.01195,0.08419,0.91581
164.52000,1.01193,0.09369,0.90631
164.64000,1.01193,0.14010,0.85990
164.75999,1.01195,0.16303,0.83697
164.88000,1.01193,0.47432,0.52568
165.00000,1.01193,0.24434,0.75566
165.12000,1.01195,0.65169,0.34831
165.24001,1.01193,0.56461,0.43539
165.36000,1.01193,0.64573,0.35427
165.48000,1.01195,0.61689,0.38311
165.60001,1.01193,0.56762,0.43238
165.72000,1.01193,0.50591,0.49409
165.84000,1.01195,0.32867,0.67133
165.96001,1.01193,0.36613,0.63387
166.08000,1.01193,0.22013,0.77987
166.20000,1.01195,0.11417,0.88583
166.32001,1.01193,0.08051,0.91949
166.44000,1.01193,0.05102,0.94898
166.56000,1.01193,0.02722,0.97278
166.67999,1.01195,0.01884,0.98116
166.80000,1.01193,0.01677,0.98323
166.92000,1.01193,0.02141,0.97859
167.03999,1.01195,0.01383,0.98617
167.16000,1.01193,0.08631,0.91369
167.28000,1.01193,0.02568,0.97432
167.39999,1.01195,0.09495,0.90505
167.52000,1.01193,0.04277,0.95723
167.64000,1.01193,0.18871,0.81129
167.75999,1.01195,0.04795,0.95205
167.88000,1.01193,0.11969,0.88031
168.00000,1.01193,0.06973,0.93027
168.12000,1.01195,0.09524,0.90476
168.24001,1.01193,0.08508,0.91492
168.36000,1.01193,0.08284,0.91716
168.48000,1.01195,0.09021,0.90979
168.60001,1.01193,0.07592,0.92408
168.72000,1.01193,0.11801,0.88199
168.84000,1.01195,0.10177,0.89823
168.96001,1.01193,0.15930,0.84070
169.08000,1.01193,0.06179,0.93821
169.20000,1.01195,0.05765,0.94235
169.32001,1.01193,0.05157,0.94843
169.44000,1.01193,0.11364,0.88636
169.56000,1.01193,0.04479,0.95521
169.67999,1.01195,0.14020,0.85980
169.80000,1.01193,0.15190,0.84810
169.92000,1.01193,0.24730,0.75270
170.03999,1.01195,0.26996,0.73004
170.16000,1.01193,0.28837,0.71163
170.28000,1.01193,0.47474,0.52526
170.39999,1.01195,0.41142,0.58858
170.52000,1.01193,0.54817,0.45183
170.64000,1.01193,0.72307,0.27693
170.75999,1.01195,0.66033,0.33967
170.88000,1.01193,0.84605,0.15395
171.00000,1.01193,0.60597,0.39403
171.12000,1.01195,0.69048,0.30952
171.24001,1.01193,0.56503,0.43497
171.36000,1.01193,0.43853,0.56147
171.48000,1.01195,0.22171,0.77829
171.60001,1.01193,0.20290,0.79710
171.72000,1.01193,0.13758,0.86242
171.84000,1.01195,0.11674,0.88326
171.96001,1.01193,0.05531,0.94469
172.08000,1.01193,0.04131,0.95869
172.20000,1.01195,0.04208,0.95792
172.32001,1.01193,0.03076,0.96924
172.44000,1.01193,0.04039,0.95961
172.56000,1.01193,0.14734,0.85266
172.67999,1.01195,0.23587,0.76413
172.80000,1.01193,0.17017,0.82983
172.92000,1.01193,0.35486,0.64514
173.03999,1.01195,0.13215,0.86785
173.16000,1.01193,0.18500,0.81500
173.28000,1.01193,0.36699,0.63301
173.39999,1.01195,0.15960,0.84040
173.52000,1.01193,0.09210,0.90790
173.64000,1.01193,0.09080,0.90920
173.75999,1.01195,0.07974,0.92026
173.88000,1.01193,0.08251,0.91749
174.00000,1.01193,0.38695,0.61305
174.12000,1.01195,0.23902,0.76098
174.24001,1.01193,0.60554,0.39446
174.36000,1.01193,0.67102,0.32898
174.48000,1.01195,0.57262,0.42738
174.60001,1.01193,0.57947,0.42053
174.72000,1.01193,0.66930,0.33070
174.84000,1.01195,0.51811,0.48189
174.96001,1.01193,0.66584,0.33416
175.08000,1.01193,0.53326,0.46674
175.20000,1.01195,0.63741,0.36259
175.32001,1.01193,0.61317,0.38683
175.44000,1.01193,0.59425,0.40575
175.56000,1.01193,0.67733,0.32267
175.67999,1.01195,0.71264,0.28736
175.80000,1.01193,0.68722,0.31278
175.92000,1.01193,0.65066,0.34934
176.03999,1.01195,0.69938,0.30062
176.16000,1.01193,0.66358,0.33642
176.28000,1.01193,0.75111,0.24889
176.39999,1.01195,0.71380,0.28620
176.52000,1.01193,0.76336,0.23664
176.64000,1.01193,0.73438,0.26562
176.75999,1.01195,0.73044,0.26956
176.88000,1.01193,0.77713,0.22287
177.00000,1.01193,0.79508,0.20492
177.12000,1.01195,0.72632,0.27368
177.24001,1.01193,0.78062,0.21938
177.36000,1.01193,0.71058,0.28942
177.48000,1.01195,0.64331,0.35669
177.60001,1.01193,0.68652,0.31348
177.72000,1.01193,0.61393,0.38607
177.84000,1.01195,0.74581,0.25419
177.96001,1.01193,0.73812,0.26188
178.08000,1.01193,0.67525,0.32475
178.20000,1.01195,0.72739,0.27261
178.32001,1.01193,0.70075,0.29925
178.44000,1.01193,0.63903,0.36097
178.56000,1.01193,0.68135,0.31864
178.67999,1.01195,0.64254,0.35746
178.80000,1.01193,0.74998,0.25002
178.92000,1.01193,0.74451,0.25549
179.03999,1.01195,0.59620,0.40380
179.16000,1.01193,0.63738,0.36262
179.28000,1.01193,0.69494,0.30506
179.39999,1.01195,0.63590,0.36410
179.52000,1.01193,0.68004,0.31996
179.64000,1.01193,0.53312,0.46688
179.75999,1.01195,0.62389,0.37611
179.88000,1.01193,0.42418,0.57582
180.00000,1.01193,0.57805,0.42195
180.12000,1.01195,0.50409,0.49591
180.24001,1.01193,0.58452,0.41548
180.36000,1.01193,0.59947,0.40053
180.48000,1.01195,0.42445,0.57555
180.60001,1.01193,0.58788,0.41212
180.72000,1.01193,0.62027,0.37973
180.84000,1.01195,0.56069,0.43931
180.96001,1.01193,0.96862,0.03138
181.08000,1.01193,0.99751,0.00249
181.20000,1.01195,0.99812,0.00188
181.32001,1.01193,0.99758,0.00242
181.44000,1.01193,0.99929,0.00071
181.56000,1.01193,0.99964,0.00036
181.67999,1.01195,0.99792,0.00208
181.80000,1.01193,0.99767,0.00233
