Time (seconds), Duration (seconds),pred_unlabeled,pred_East,pred_Nord,pred_South,pred_West
0.00000,0.50594,0.81731,0.02211,0.06004,0.08040,0.02014
0.06000,0.50594,0.79223,0.01940,0.09735,0.02514,0.06588
0.12000,0.50594,0.06167,0.09275,0.54084,0.10664,0.19811
0.18000,0.50594,0.05303,0.10356,0.54793,0.07297,0.22251
0.24000,0.50594,0.05057,0.09000,0.57406,0.06516,0.22021
0.30000,0.50594,0.04861,0.07980,0.64084,0.11194,0.11881
0.36000,0.50594,0.04815,0.08293,0.61747,0.08969,0.16176
0.42000,0.50594,0.04723,0.09383,0.51955,0.12508,0.21430
0.48000,0.50594,0.04766,0.09995,0.59566,0.08786,0.16886
0.54000,0.50594,0.04921,0.11785,0.51281,0.07376,0.24638
0.60000,0.50594,0.05630,0.11917,0.55598,0.10331,0.16524
0.66000,0.50594,0.06429,0.12366,0.49651,0.08645,0.22909
0.72000,0.50594,0.05838,0.12465,0.56719,0.11151,0.13827
0.78000,0.50594,0.05100,0.12001,0.48295,0.09511,0.25093
0.84000,0.50594,0.03813,0.09095,0.67490,0.10010,0.09592
0.90000,0.50594,0.05588,0.07839,0.63195,0.14444,0.08934
0.96000,0.50594,0.04420,0.07869,0.63533,0.18814,0.05365
1.02000,0.50594,0.04137,0.05089,0.67642,0.17907,0.05225
1.08000,0.50594,0.03131,0.04299,0.74326,0.14834,0.03409
1.14000,0.50594,0.04028,0.05346,0.65190,0.21476,0.03960
1.20000,0.50594,0.03588,0.04185,0.69175,0.19351,0.03701
1.26000,0.50594,0.03653,0.05445,0.67638,0.18984,0.04281
1.32000,0.50594,0.03427,0.05262,0.70903,0.16693,0.03716
1.38000,0.50594,0.03546,0.05753,0.68534,0.17892,0.04275
1.44000,0.50594,0.03730,0.08151,0.67920,0.14921,0.05278
1.50000,0.50594,0.04047,0.08262,0.67709,0.14597,0.05384
1.56000,0.50594,0.03595,0.10887,0.66267,0.13065,0.06186
1.62000,0.50594,0.04021,0.09390,0.67016,0.14024,0.05549
1.68000,0.50594,0.04211,0.09489,0.68884,0.12202,0.05213
1.74000,0.50594,0.04363,0.11416,0.63702,0.13770,0.06749
1.80000,0.50594,0.04003,0.10425,0.65971,0.13360,0.06241
1.86000,0.50594,0.04077,0.11769,0.61500,0.15252,0.07402
1.92000,0.50594,0.04234,0.08382,0.69399,0.13555,0.04429
1.98000,0.50594,0.04650,0.09388,0.64672,0.15742,0.05549
2.04000,0.50594,0.03679,0.05720,0.72815,0.14481,0.03306
2.10000,0.50594,0.05150,0.08507,0.61902,0.17282,0.07158
2.16000,0.50594,0.04570,0.05978,0.70622,0.15182,0.03648
2.22000,0.50594,0.04362,0.08117,0.66309,0.15701,0.05510
2.28000,0.50594,0.03947,0.05375,0.72871,0.14412,0.03396
2.34000,0.50594,0.03547,0.05912,0.72882,0.13830,0.03828
2.40000,0.50594,0.03426,0.05961,0.73347,0.13465,0.03802
2.46000,0.50594,0.03593,0.07407,0.73021,0.12901,0.03078
2.52000,0.50594,0.04526,0.10000,0.66806,0.16401,0.02266
2.58000,0.50594,0.05940,0.07852,0.62810,0.21568,0.01829
2.64000,0.50594,0.04020,0.06446,0.64311,0.23791,0.01432
2.70000,0.50594,0.04220,0.05315,0.59333,0.30051,0.01081
2.76000,0.50594,0.03770,0.06234,0.64932,0.23456,0.01608
2.82000,0.50594,0.03780,0.03794,0.62077,0.29582,0.00766
2.88000,0.50594,0.04542,0.05839,0.52202,0.35478,0.01939
2.94000,0.50594,0.03600,0.04306,0.62147,0.28245,0.01703
3.00000,0.50594,0.03031,0.06256,0.58923,0.27894,0.03896
3.06000,0.50594,0.04157,0.06173,0.60718,0.24278,0.04674
3.12000,0.50594,0.03809,0.08892,0.58988,0.21909,0.06402
3.18000,0.50594,0.03222,0.08023,0.60718,0.17798,0.10239
3.24000,0.50594,0.04041,0.09980,0.54267,0.24030,0.07681
3.30000,0.50594,0.03366,0.10961,0.59327,0.18346,0.08000
3.36000,0.50594,0.04071,0.10281,0.59559,0.18012,0.08077
3.42000,0.50594,0.03816,0.07905,0.59813,0.22465,0.06001
3.48000,0.50594,0.04308,0.09478,0.55837,0.23713,0.06663
3.54000,0.50594,0.04077,0.06884,0.54426,0.29224,0.05388
3.60000,0.50594,0.04892,0.06756,0.52499,0.26746,0.09108
3.66000,0.50594,0.05563,0.10303,0.42213,0.32011,0.09910
3.72000,0.50594,0.07176,0.13910,0.45967,0.22268,0.10679
3.78000,0.50594,0.10035,0.07798,0.42179,0.18772,0.21216
3.84000,0.50594,0.09120,0.09007,0.36608,0.20885,0.24379
3.90000,0.50594,0.08078,0.07594,0.42089,0.19419,0.22820
3.96000,0.50594,0.05650,0.10582,0.55927,0.14041,0.13801
4.02000,0.50594,0.07008,0.06229,0.60327,0.11663,0.14773
4.08000,0.50594,0.04901,0.10305,0.58118,0.15532,0.11143
4.14000,0.50594,0.04755,0.05421,0.65142,0.16116,0.08566
4.20000,0.50594,0.03525,0.09557,0.54049,0.27465,0.05403
4.26000,0.50594,0.03390,0.07662,0.66488,0.18392,0.04068
4.32000,0.50594,0.03305,0.06117,0.63913,0.21921,0.04744
4.38000,0.50594,0.04118,0.05541,0.67946,0.19214,0.03181
4.44000,0.50594,0.04167,0.04038,0.53996,0.34856,0.02943
4.50000,0.50594,0.04061,0.05885,0.53790,0.33060,0.03205
4.56000,0.50594,0.04892,0.04148,0.46716,0.40615,0.03630
4.62000,0.50594,0.03985,0.04240,0.49272,0.37831,0.04673
4.68000,0.50594,0.04054,0.02768,0.56162,0.33057,0.03959
4.74000,0.50594,0.04057,0.03280,0.51345,0.36649,0.04669
4.80000,0.50594,0.04381,0.02809,0.50373,0.38376,0.04060
4.86000,0.50594,0.03378,0.02748,0.47497,0.43474,0.02904
4.92000,0.50594,0.03945,0.02753,0.52275,0.38063,0.02965
4.98000,0.50594,0.03995,0.02758,0.48242,0.42256,0.02750
5.04000,0.50594,0.04092,0.02329,0.46769,0.44451,0.02358
5.10000,0.50594,0.04082,0.03016,0.40630,0.49344,0.02928
5.16000,0.50594,0.04465,0.02424,0.45986,0.44962,0.02162
5.22000,0.50594,0.05008,0.04005,0.37710,0.50558,0.02719
5.28000,0.50594,0.03907,0.03059,0.58515,0.32918,0.01601
5.34000,0.50594,0.04858,0.03729,0.42691,0.45944,0.02778
5.40000,0.50594,0.05418,0.03661,0.40153,0.49192,0.01577
5.46000,0.50594,0.06038,0.05370,0.51428,0.33596,0.03568
5.52000,0.50594,0.05456,0.05500,0.43358,0.43565,0.02121
5.58000,0.50594,0.04185,0.04727,0.60661,0.28087,0.02341
5.64000,0.50594,0.05263,0.06235,0.46129,0.40262,0.02111
5.70000,0.50594,0.03897,0.05133,0.71918,0.16370,0.02682
5.76000,0.50594,0.05677,0.07559,0.56308,0.27164,0.03293
5.82000,0.50594,0.02912,0.05626,0.77288,0.11487,0.02687
5.88000,0.50594,0.05105,0.06814,0.63109,0.19784,0.05188
5.94000,0.50594,0.06292,0.04533,0.69267,0.17508,0.02400
6.00000,0.50594,0.28846,0.04868,0.40222,0.23067,0.02998
6.06000,0.50594,0.29783,0.06452,0.42052,0.19517,0.02196
6.12000,0.50594,0.50653,0.03414,0.19858,0.23338,0.02737
6.18000,0.50594,0.58651,0.03515,0.19168,0.16758,0.01908
6.24000,0.50594,0.77984,0.01540,0.08839,0.11124,0.00512
6.30000,0.50594,0.85090,0.01151,0.06376,0.07141,0.00242
6.36000,0.50594,0.90061,0.01272,0.03268,0.05087,0.00312
6.42000,0.50594,0.85847,0.02094,0.05880,0.05737,0.00441
6.48000,0.50594,0.85686,0.02571,0.04643,0.06483,0.00617
6.54000,0.50594,0.80760,0.05642,0.06804,0.05733,0.01062
6.60000,0.50594,0.75221,0.06837,0.08304,0.07099,0.02539
6.66000,0.50594,0.76075,0.08456,0.07582,0.04805,0.03081
6.72000,0.50594,0.56189,0.17124,0.10217,0.08550,0.07921
6.78000,0.50594,0.47903,0.20353,0.17145,0.08034,0.06564
6.84000,0.50594,0.50217,0.21150,0.12357,0.07838,0.08438
6.90000,0.50594,0.50437,0.16547,0.16805,0.09996,0.06216
6.96000,0.50594,0.34330,0.18453,0.22925,0.10782,0.13509
7.02000,0.50594,0.33890,0.17793,0.31203,0.11350,0.05764
7.08000,0.50594,0.39388,0.13892,0.26232,0.10374,0.10114
7.14000,0.50594,0.40990,0.20827,0.22873,0.09171,0.06140
7.20000,0.50594,0.37641,0.12282,0.24479,0.11843,0.13756
7.26000,0.50594,0.35959,0.20063,0.24005,0.10380,0.09593
7.32000,0.50594,0.43855,0.08002,0.19794,0.18266,0.10084
7.38000,0.50594,0.40625,0.16680,0.18143,0.13375,0.11176
7.44000,0.50594,0.57656,0.05095,0.15055,0.16018,0.06176
7.50000,0.50594,0.46162,0.12127,0.11000,0.15228,0.15484
7.56000,0.50594,0.52959,0.09901,0.12769,0.16665,0.07706
7.62000,0.50594,0.36193,0.12640,0.14417,0.15316,0.21433
7.68000,0.50594,0.62197,0.11889,0.09201,0.10926,0.05787
7.74000,0.50594,0.58639,0.11046,0.09939,0.11218,0.09158
7.80000,0.50594,0.48579,0.15066,0.18241,0.10912,0.07202
7.86000,0.50594,0.46240,0.13513,0.19520,0.13718,0.07008
7.92000,0.50594,0.36452,0.17072,0.23682,0.16553,0.06241
7.98000,0.50594,0.20525,0.18599,0.30189,0.25225,0.05462
8.04000,0.50594,0.11613,0.11077,0.35481,0.38154,0.03675
8.10000,0.50594,0.04483,0.07426,0.45160,0.41259,0.01672
8.16000,0.50594,0.03125,0.06839,0.45784,0.42291,0.01961
8.22000,0.50594,0.03112,0.06282,0.45917,0.43155,0.01533
8.28000,0.50594,0.02808,0.06520,0.41863,0.46924,0.01884
8.34000,0.50594,0.03084,0.07032,0.49600,0.38204,0.02080
8.40000,0.50594,0.02835,0.08209,0.52310,0.34132,0.02515
8.46000,0.50594,0.02992,0.10537,0.61232,0.21867,0.03372
8.52000,0.50594,0.03003,0.11234,0.59741,0.23305,0.02717
8.58000,0.50594,0.02959,0.13114,0.59515,0.19839,0.04573
8.64000,0.50594,0.04530,0.14307,0.55359,0.21269,0.04535
8.70000,0.50594,0.07394,0.19453,0.43672,0.21680,0.07801
8.76000,0.50594,0.08630,0.17026,0.51876,0.15325,0.07143
8.82000,0.50594,0.06979,0.18111,0.49538,0.17161,0.08210
8.88000,0.50594,0.08299,0.17687,0.45779,0.20183,0.08051
8.94000,0.50594,0.08724,0.24302,0.38368,0.18467,0.10139
9.00000,0.50594,0.11527,0.28126,0.34185,0.14281,0.11881
9.06000,0.50594,0.09493,0.25593,0.38264,0.14002,0.12649
9.12000,0.50594,0.08002,0.31158,0.32214,0.13854,0.14772
9.18000,0.50594,0.06235,0.26700,0.45233,0.10048,0.11784
9.24000,0.50594,0.06703,0.26014,0.44354,0.10266,0.12663
9.30000,0.50594,0.05227,0.18897,0.56732,0.06681,0.12462
9.36000,0.50594,0.05664,0.19391,0.51959,0.07860,0.15126
9.42000,0.50594,0.06162,0.24523,0.47292,0.05998,0.16026
9.48000,0.50594,0.04583,0.15837,0.56222,0.05644,0.17713
9.54000,0.50594,0.04328,0.14190,0.62120,0.06208,0.13154
9.60000,0.50594,0.03722,0.11556,0.60205,0.07218,0.17298
9.66000,0.50594,0.03775,0.16426,0.60082,0.06754,0.12962
9.72000,0.50594,0.03979,0.13368,0.55069,0.08509,0.19074
9.78000,0.50594,0.04101,0.14463,0.53954,0.08934,0.18548
9.84000,0.50594,0.03382,0.12799,0.56007,0.08223,0.19588
9.90000,0.50594,0.03795,0.11900,0.54616,0.08488,0.21201
9.96000,0.50594,0.04672,0.15697,0.37886,0.07664,0.34081
10.02000,0.50594,0.05049,0.14747,0.39955,0.06384,0.33864
10.08000,0.50594,0.05171,0.16372,0.34113,0.05849,0.38495
10.14000,0.50594,0.04828,0.12808,0.46849,0.06268,0.29247
10.20000,0.50594,0.05601,0.13714,0.30665,0.04463,0.45556
10.26000,0.50594,0.05179,0.14906,0.36880,0.04614,0.38420
10.32000,0.50594,0.06094,0.15951,0.32469,0.04744,0.40742
10.38000,0.50594,0.05441,0.14118,0.40426,0.05186,0.34829
10.44000,0.50594,0.05124,0.14162,0.38390,0.04759,0.37565
10.50000,0.50594,0.05553,0.15461,0.46553,0.06807,0.25626
10.56000,0.50594,0.05182,0.18365,0.42325,0.05947,0.28181
10.62000,0.50594,0.04935,0.16535,0.48360,0.06558,0.23613
10.68000,0.50594,0.04110,0.15353,0.49939,0.05683,0.24914
10.74000,0.50594,0.04561,0.13352,0.53803,0.07000,0.21285
10.80000,0.50594,0.04234,0.12539,0.54263,0.06502,0.22461
10.86000,0.50594,0.04268,0.11842,0.59613,0.06654,0.17623
10.92000,0.50594,0.04137,0.10043,0.60603,0.07920,0.17298
10.98000,0.50594,0.03740,0.09469,0.60747,0.08128,0.17917
11.04000,0.50594,0.03540,0.09082,0.61216,0.07329,0.18833
11.10000,0.50594,0.03956,0.07507,0.65055,0.10133,0.13349
11.16000,0.50594,0.04867,0.09246,0.59446,0.18242,0.08199
11.22000,0.50594,0.04500,0.09830,0.58514,0.16390,0.10767
11.28000,0.50594,0.05199,0.08730,0.63040,0.17104,0.05927
11.34000,0.50594,0.04311,0.08632,0.67442,0.13553,0.06062
11.40000,0.50594,0.03955,0.05846,0.70342,0.16173,0.03683
11.46000,0.50594,0.04943,0.12111,0.65875,0.12512,0.04559
11.52000,0.50594,0.04739,0.07996,0.66990,0.16972,0.03304
11.58000,0.50594,0.04561,0.12671,0.64439,0.12256,0.06073
11.64000,0.50594,0.03324,0.13812,0.69144,0.08712,0.05007
11.70000,0.50594,0.03863,0.15201,0.63213,0.09605,0.08118
11.76000,0.50594,0.04078,0.20001,0.61163,0.07850,0.06909
11.82000,0.50594,0.04726,0.13868,0.66007,0.09569,0.05830
11.88000,0.50594,0.03722,0.13237,0.68417,0.10429,0.04195
11.94000,0.50594,0.03393,0.10543,0.62991,0.19290,0.03783
12.00000,0.50594,0.03182,0.10712,0.62779,0.17886,0.05442
12.06000,0.50594,0.04193,0.08788,0.62260,0.20370,0.04388
12.12000,0.50594,0.03986,0.08220,0.65779,0.18002,0.04013
12.18000,0.50594,0.05347,0.08688,0.57872,0.20719,0.07373
12.24000,0.50594,0.04335,0.09508,0.62779,0.15878,0.07499
12.30000,0.50594,0.05588,0.08194,0.57513,0.20650,0.08054
12.36000,0.50594,0.05081,0.10450,0.61932,0.13773,0.08764
12.42000,0.50594,0.07263,0.10292,0.54931,0.15213,0.12301
12.48000,0.50594,0.04454,0.10397,0.63917,0.10971,0.10261
12.54000,0.50594,0.04187,0.06330,0.67751,0.15405,0.06327
12.60000,0.50594,0.02943,0.05769,0.72267,0.14330,0.04691
12.66000,0.50594,0.03144,0.05152,0.72325,0.15886,0.03492
12.72000,0.50594,0.02710,0.04660,0.76589,0.11873,0.04168
12.78000,0.50594,0.03667,0.06135,0.66754,0.17419,0.06025
12.84000,0.50594,0.03272,0.07514,0.61279,0.24390,0.03545
12.90000,0.50594,0.02820,0.04096,0.67744,0.21078,0.04262
12.96000,0.50594,0.03365,0.08326,0.55165,0.29297,0.03847
13.02000,0.50594,0.04092,0.05163,0.64179,0.20873,0.05693
13.08000,0.50594,0.04002,0.08356,0.59222,0.24279,0.04141
13.14000,0.50594,0.04199,0.04608,0.66936,0.19783,0.04474
13.20000,0.50594,0.03743,0.06820,0.58077,0.27730,0.03629
13.26000,0.50594,0.04027,0.04574,0.69991,0.17493,0.03915
13.32000,0.50594,0.03355,0.03791,0.72935,0.16764,0.03156
13.38000,0.50594,0.03232,0.03154,0.75909,0.15651,0.02055
13.44000,0.50594,0.03310,0.03299,0.71469,0.19897,0.02025
13.50000,0.50594,0.04224,0.03140,0.69107,0.20978,0.02551
13.56000,0.50594,0.03802,0.03370,0.67711,0.22982,0.02135
13.62000,0.50594,0.04983,0.03593,0.69630,0.18709,0.03086
13.68000,0.50594,0.04124,0.03314,0.69116,0.21603,0.01844
13.74000,0.50594,0.04450,0.03423,0.70167,0.19704,0.02257
13.80000,0.50594,0.05531,0.03877,0.65269,0.23420,0.01902
13.86000,0.50594,0.05117,0.04183,0.68029,0.20144,0.02526
13.92000,0.50594,0.05219,0.04275,0.70626,0.18488,0.01392
13.98000,0.50594,0.05234,0.04889,0.69451,0.17849,0.02577
14.04000,0.50594,0.05208,0.04147,0.72378,0.16665,0.01603
14.10000,0.50594,0.05745,0.05574,0.66368,0.20094,0.02219
14.16000,0.50594,0.05326,0.04597,0.72342,0.16134,0.01601
14.22000,0.50594,0.04886,0.04952,0.72399,0.15975,0.01788
14.28000,0.50594,0.04832,0.05313,0.73453,0.14479,0.01923
14.34000,0.50594,0.04556,0.06013,0.70666,0.16317,0.02449
14.40000,0.50594,0.04422,0.05480,0.71013,0.17107,0.01979
