Time (seconds), Duration (seconds),pred_unlabeled,pred_sirens
0.00000,1.01194,0.99984,0.00016
0.12000,1.01194,0.96724,0.03276
0.24000,1.01194,0.99222,0.00778
0.36000,1.01194,0.58729,0.41271
0.48000,1.01194,0.99973,0.00027
0.60000,1.01194,0.99517,0.00483
0.72000,1.01194,0.99999,0.00001
0.84000,1.01194,0.99995,0.00005
0.96000,1.01194,0.99998,0.00002
1.08000,1.01194,0.99996,0.00004
1.20000,1.01194,0.99985,0.00015
1.32000,1.01194,0.99999,0.00001
1.44000,1.01194,0.99892,0.00108
1.56000,1.01194,0.99990,0.00010
1.68000,1.01194,0.99995,0.00005
1.80000,1.01194,0.99993,0.00007
1.92000,1.01194,0.99965,0.00035
2.04000,1.01194,0.99943,0.00057
2.16000,1.01194,0.99879,0.00121
2.28000,1.01194,0.98091,0.01909
2.40000,1.01194,0.57354,0.42646
2.52000,1.01194,0.14160,0.85840
2.64000,1.01194,0.11583,0.88417
2.76000,1.01194,0.16493,0.83507
2.88000,1.01194,0.34564,0.65436
3.00000,1.01194,0.94891,0.05109
3.12000,1.01194,0.98473,0.01527
3.24000,1.01194,0.99479,0.00521
3.36000,1.01194,0.99422,0.00578
3.48000,1.01194,0.99678,0.00322
3.60000,1.01194,0.99048,0.00952
3.72000,1.01194,0.98494,0.01506
3.84000,1.01194,0.98418,0.01582
3.96000,1.01194,0.98368,0.01632
4.08000,1.01194,0.98397,0.01603
4.20000,1.01194,0.99041,0.00959
4.32000,1.01194,0.98219,0.01781
4.44000,1.01194,0.98713,0.01287
4.56000,1.01194,0.97818,0.02182
4.68000,1.01194,0.99835,0.00165
4.80000,1.01194,0.99859,0.00141
4.92000,1.01194,0.99928,0.00072
5.04000,1.01194,0.99919,0.00081
5.16000,1.01194,0.99855,0.00145
5.28000,1.01194,0.98673,0.01327
5.40000,1.01194,0.99622,0.00378
5.52000,1.01194,0.98804,0.01196
5.64000,1.01194,0.99350,0.00650
5.76000,1.01194,0.99819,0.00181
5.88000,1.01194,0.99939,0.00061
6.00000,1.01194,0.99416,0.00584
6.12000,1.01194,0.99893,0.00107
6.24000,1.01194,0.99566,0.00434
6.36000,1.01194,0.97386,0.02614
6.48000,1.01194,0.63830,0.36170
6.60000,1.01194,0.22264,0.77736
6.72000,1.01194,0.97299,0.02701
6.84000,1.01194,0.89403,0.10597
6.96000,1.01194,0.99731,0.00269
7.08000,1.01194,0.90713,0.09287
7.20000,1.01194,0.99465,0.00535
7.32000,1.01194,0.78904,0.21096
7.44000,1.01194,0.92405,0.07595
7.56000,1.01194,0.30266,0.69734
7.68000,1.01194,0.61257,0.38743
7.80000,1.01194,0.07757,0.92243
7.92000,1.01194,0.30314,0.69686
8.04000,1.01194,0.04627,0.95373
8.16000,1.01194,0.07978,0.92022
8.28000,1.01194,0.08141,0.91859
8.40000,1.01194,0.07148,0.92852
8.52000,1.01194,0.06551,0.93449
8.64000,1.01194,0.36855,0.63145
8.76000,1.01194,0.88393,0.11607
8.88000,1.01194,0.98651,0.01349
9.00000,1.01194,0.99653,0.00347
9.12000,1.01194,0.99723,0.00277
9.24000,1.01194,0.99975,0.00025
9.36000,1.01194,0.99900,0.00100
9.48000,1.01194,0.99670,0.00330
9.60000,1.01194,0.99842,0.00158
9.72000,1.01194,0.99966,0.00034
9.84000,1.01194,0.99562,0.00438
9.96000,1.01194,0.99976,0.00024
10.08000,1.01194,0.99659,0.00341
10.20000,1.01194,0.99921,0.00079
10.32000,1.01194,0.99785,0.00215
10.44000,1.01194,0.99984,0.00016
10.56000,1.01194,0.91995,0.08005
10.68000,1.01194,0.97652,0.02348
10.80000,1.01194,0.16415,0.83585
10.92000,1.01194,0.00623,0.99377
11.04000,1.01194,0.00866,0.99134
11.16000,1.01194,0.00218,0.99782
11.28000,1.01194,0.01323,0.98677
11.40000,1.01194,0.01680,0.98320
11.52000,1.01194,0.01150,0.98850
11.64000,1.01194,0.08946,0.91054
11.76000,1.01194,0.02605,0.97395
11.88000,1.01194,0.00466,0.99534
12.00000,1.01194,0.06611,0.93389
12.12000,1.01194,0.03024,0.96976
12.24000,1.01194,0.00746,0.99254
12.36000,1.01194,0.00311,0.99689
12.48000,1.01194,0.06204,0.93796
12.60000,1.01194,0.06232,0.93768
12.72000,1.01194,0.02041,0.97959
12.84000,1.01194,0.00721,0.99279
12.96000,1.01194,0.00546,0.99454
13.08000,1.01194,0.00891,0.99109
13.20000,1.01194,0.05029,0.94971
13.32000,1.01194,0.00590,0.99410
13.44000,1.01194,0.11040,0.88960
13.56000,1.01194,0.13824,0.86176
13.68000,1.01194,0.07144,0.92856
13.80000,1.01194,0.25261,0.74739
13.92000,1.01194,0.07446,0.92554
14.04000,1.01194,0.18456,0.81544
14.16000,1.01194,0.05145,0.94855
14.28000,1.01194,0.04966,0.95034
14.40000,1.01194,0.06383,0.93617
14.52000,1.01194,0.03777,0.96223
14.64000,1.01194,0.03184,0.96816
14.76000,1.01194,0.02986,0.97014
14.88000,1.01194,0.09040,0.90960
15.00000,1.01194,0.01572,0.98428
15.12000,1.01194,0.02336,0.97663
15.24000,1.01194,0.02978,0.97022
15.36000,1.01194,0.01968,0.98032
15.48000,1.01194,0.03686,0.96314
15.60000,1.01194,0.00458,0.99542
15.72000,1.01194,0.00101,0.99899
15.84000,1.01194,0.00025,0.99975
15.96000,1.01194,0.00071,0.99929
16.08000,1.01194,0.00089,0.99911
16.20000,1.01194,0.00113,0.99887
16.32000,1.01194,0.00249,0.99751
16.44000,1.01194,0.00538,0.99462
16.56000,1.01194,0.00607,0.99393
16.68000,1.01194,0.00474,0.99526
16.80000,1.01194,0.01020,0.98980
16.92000,1.01194,0.00144,0.99856
17.04000,1.01194,0.00342,0.99658
17.16000,1.01194,0.01177,0.98823
17.28000,1.01194,0.03074,0.96925
17.40000,1.01194,0.02522,0.97478
17.52000,1.01194,0.00788,0.99212
17.64000,1.01194,0.00457,0.99543
17.76000,1.01194,0.00673,0.99327
17.88000,1.01194,0.00180,0.99820
18.00000,1.01194,0.00036,0.99964
18.12000,1.01194,0.00038,0.99962
18.24000,1.01194,0.00014,0.99986
18.36000,1.01194,0.00009,0.99991
18.48000,1.01194,0.00026,0.99974
18.60000,1.01194,0.00075,0.99925
18.72000,1.01194,0.00372,0.99628
18.84000,1.01194,0.01075,0.98925
18.96000,1.01194,0.01049,0.98951
19.08000,1.01194,0.00974,0.99026
19.20000,1.01194,0.01247,0.98753
19.32000,1.01194,0.01448,0.98552
19.44000,1.01194,0.00586,0.99414
19.56000,1.01194,0.01618,0.98382
19.68000,1.01194,0.01014,0.98986
19.80000,1.01194,0.00835,0.99165
19.92000,1.01194,0.00471,0.99529
20.04000,1.01194,0.16239,0.83761
