Time (seconds), Duration (seconds),pred_unlabeled,pred_sirens
0.00000,1.01194,0.12509,0.87491
0.12000,1.01194,0.14016,0.85984
0.24000,1.01194,0.21535,0.78465
0.36000,1.01194,0.23097,0.76903
0.48000,1.01194,0.38069,0.61931
0.60000,1.01194,0.12406,0.87594
0.72000,1.01194,0.54212,0.45788
0.84000,1.01194,0.25212,0.74788
0.96000,1.01194,0.73456,0.26544
1.08000,1.01194,0.14530,0.85470
1.20000,1.01194,0.43133,0.56867
1.32000,1.01194,0.26444,0.73556
1.44000,1.01194,0.11560,0.88440
1.56000,1.01194,0.25770,0.74230
1.68000,1.01194,0.10867,0.89133
1.80000,1.01194,0.09877,0.90123
1.92000,1.01194,0.22210,0.77790
2.04000,1.01194,0.07465,0.92535
2.16000,1.01194,0.16632,0.83368
2.28000,1.01194,0.13409,0.86591
2.40000,1.01194,0.44842,0.55158
2.52000,1.01194,0.18531,0.81469
2.64000,1.01194,0.23598,0.76402
2.76000,1.01194,0.11445,0.88555
2.88000,1.01194,0.44363,0.55637
3.00000,1.01194,0.09108,0.90892
3.12000,1.01194,0.30827,0.69173
3.24000,1.01194,0.09988,0.90012
3.36000,1.01194,0.32783,0.67217
3.48000,1.01194,0.19822,0.80178
3.60000,1.01194,0.25547,0.74453
3.72000,1.01194,0.32802,0.67198
3.84000,1.01194,0.11051,0.88949
3.96000,1.01194,0.40956,0.59044
4.08000,1.01194,0.13810,0.86190
4.20000,1.01194,0.33356,0.66644
4.32000,1.01194,0.18114,0.81886
4.44000,1.01194,0.33519,0.66481
4.56000,1.01194,0.29222,0.70778
4.68000,1.01194,0.26008,0.73992
4.80000,1.01194,0.16082,0.83918
4.92000,1.01194,0.20535,0.79465
5.04000,1.01194,0.17006,0.82994
5.16000,1.01194,0.26836,0.73164
5.28000,1.01194,0.07835,0.92165
5.40000,1.01194,0.21379,0.78621
5.52000,1.01194,0.18700,0.81300
5.64000,1.01194,0.39876,0.60124
5.76000,1.01194,0.11363,0.88637
5.88000,1.01194,0.20714,0.79286
6.00000,1.01194,0.08664,0.91336
6.12000,1.01194,0.17325,0.82675
6.24000,1.01194,0.11549,0.88451
6.36000,1.01194,0.24477,0.75523
6.48000,1.01194,0.04190,0.95810
6.60000,1.01194,0.12820,0.87180
6.72000,1.01194,0.03240,0.96760
6.84000,1.01194,0.04971,0.95029
6.96000,1.01194,0.02404,0.97596
7.08000,1.01194,0.07757,0.92243
7.20000,1.01194,0.01598,0.98402
7.32000,1.01194,0.02422,0.97578
7.44000,1.01194,0.00809,0.99191
7.56000,1.01194,0.02638,0.97362
7.68000,1.01194,0.00542,0.99458
7.80000,1.01194,0.03812,0.96188
7.92000,1.01194,0.00630,0.99370
8.04000,1.01194,0.02513,0.97487
8.16000,1.01194,0.00806,0.99194
8.28000,1.01194,0.01766,0.98234
8.40000,1.01194,0.00423,0.99577
8.52000,1.01194,0.01600,0.98400
8.64000,1.01194,0.01316,0.98684
8.76000,1.01194,0.08033,0.91967
8.88000,1.01194,0.00989,0.99011
9.00000,1.01194,0.08635,0.91365
9.12000,1.01194,0.03719,0.96281
9.24000,1.01194,0.22408,0.77592
9.36000,1.01194,0.09716,0.90284
9.48000,1.01194,0.30318,0.69682
9.60000,1.01194,0.10029,0.89971
9.72000,1.01194,0.30417,0.69583
9.84000,1.01194,0.23891,0.76109
9.96000,1.01194,0.60395,0.39605
10.08000,1.01194,0.20414,0.79586
10.20000,1.01194,0.60820,0.39180
10.32000,1.01194,0.27385,0.72615
10.44000,1.01194,0.58838,0.41162
10.56000,1.01194,0.23921,0.76079
10.68000,1.01194,0.52001,0.47999
10.80000,1.01194,0.15070,0.84930
10.92000,1.01194,0.35110,0.64890
11.04000,1.01194,0.10405,0.89595
11.16000,1.01194,0.53059,0.46941
11.28000,1.01194,0.22252,0.77748
11.40000,1.01194,0.47667,0.52333
11.52000,1.01194,0.38976,0.61024
11.64000,1.01194,0.69217,0.30783
11.76000,1.01194,0.31079,0.68921
11.88000,1.01194,0.60787,0.39213
12.00000,1.01194,0.36653,0.63347
12.12000,1.01194,0.63457,0.36543
12.24000,1.01194,0.35454,0.64546
12.36000,1.01194,0.64179,0.35821
12.48000,1.01194,0.47834,0.52166
12.60000,1.01194,0.68688,0.31312
12.72000,1.01194,0.60898,0.39102
12.84000,1.01194,0.64029,0.35971
12.96000,1.01194,0.62012,0.37988
13.08000,1.01194,0.42706,0.57294
13.20000,1.01194,0.36761,0.63239
13.32000,1.01194,0.31292,0.68708
13.44000,1.01194,0.09136,0.90864
13.56000,1.01194,0.12697,0.87303
13.68000,1.01194,0.15550,0.84450
13.80000,1.01194,0.18829,0.81171
13.92000,1.01194,0.13945,0.86055
14.04000,1.01194,0.11123,0.88877
14.16000,1.01194,0.46660,0.53340
14.28000,1.01194,0.37563,0.62437
14.40000,1.01194,0.44880,0.55120
14.52000,1.01194,0.60899,0.39101
14.64000,1.01194,0.19996,0.80004
14.76000,1.01194,0.66505,0.33495
14.88000,1.01194,0.09887,0.90113
15.00000,1.01194,0.56046,0.43954
15.12000,1.01194,0.16217,0.83783
15.24000,1.01194,0.44125,0.55875
15.36000,1.01194,0.19405,0.80595
15.48000,1.01194,0.20397,0.79603
15.60000,1.01194,0.19528,0.80472
15.72000,1.01194,0.21085,0.78915
15.84000,1.01194,0.15718,0.84282
15.96000,1.01194,0.42581,0.57419
16.08000,1.01194,0.16229,0.83771
16.20000,1.01194,0.40443,0.59557
16.32000,1.01194,0.17926,0.82074
16.44000,1.01194,0.24223,0.75777
16.56000,1.01194,0.32572,0.67428
16.68000,1.01194,0.11535,0.88465
16.80000,1.01194,0.33504,0.66496
16.92000,1.01194,0.08411,0.91589
17.04000,1.01194,0.22962,0.77038
17.16000,1.01194,0.06173,0.93827
17.28000,1.01194,0.23053,0.76947
17.40000,1.01194,0.11430,0.88570
17.52000,1.01194,0.40003,0.59997
17.64000,1.01194,0.12275,0.87725
17.76000,1.01194,0.17654,0.82346
17.88000,1.01194,0.13483,0.86517
18.00000,1.01194,0.26027,0.73973
18.12000,1.01194,0.15173,0.84827
18.24000,1.01194,0.24708,0.75292
18.36000,1.01194,0.08959,0.91041
18.48000,1.01194,0.23366,0.76634
18.60000,1.01194,0.16007,0.83993
18.72000,1.01194,0.42912,0.57088
18.84000,1.01194,0.28307,0.71693
18.96000,1.01194,0.37219,0.62781
19.08000,1.01194,0.29521,0.70479
19.20000,1.01194,0.25466,0.74534
19.32000,1.01194,0.32740,0.67260
19.44000,1.01194,0.39480,0.60520
19.56000,1.01194,0.16342,0.83658
19.68000,1.01194,0.12624,0.87376
19.80000,1.01194,0.20295,0.79705
19.92000,1.01194,0.18263,0.81737
20.04000,1.01194,0.24856,0.75144
20.16000,1.01194,0.13239,0.86761
20.28000,1.01194,0.16569,0.83431
20.40000,1.01194,0.06127,0.93873
20.52000,1.01194,0.09355,0.90645
20.64000,1.01194,0.02990,0.97010
20.76000,1.01194,0.04634,0.95366
20.88000,1.01194,0.02513,0.97487
21.00000,1.01194,0.02663,0.97337
21.12000,1.01194,0.00817,0.99183
21.24000,1.01194,0.02503,0.97497
21.36000,1.01194,0.00855,0.99145
21.48000,1.01194,0.03541,0.96459
21.60000,1.01194,0.00777,0.99223
21.72000,1.01194,0.02303,0.97697
21.84000,1.01194,0.00534,0.99466
21.96000,1.01194,0.00898,0.99102
22.08000,1.01194,0.00850,0.99150
22.20000,1.01194,0.02172,0.97828
22.32000,1.01194,0.01244,0.98756
22.44000,1.01194,0.10637,0.89363
22.56000,1.01194,0.02727,0.97273
22.68000,1.01194,0.08653,0.91347
22.80000,1.01194,0.06607,0.93393
22.92000,1.01194,0.33957,0.66043
23.04000,1.01194,0.06302,0.93698
23.16000,1.01194,0.22583,0.77417
23.28000,1.01194,0.13623,0.86377
23.40000,1.01194,0.49774,0.50226
23.52000,1.01194,0.21275,0.78725
23.64000,1.01194,0.64258,0.35742
23.76000,1.01194,0.20022,0.79978
23.88000,1.01194,0.70976,0.29024
24.00000,1.01194,0.24648,0.75352
24.12000,1.01194,0.70568,0.29432
24.24000,1.01194,0.31172,0.68828
24.36000,1.01194,0.65095,0.34905
24.48000,1.01194,0.20607,0.79393
24.60000,1.01194,0.68879,0.31121
24.72000,1.01194,0.16402,0.83598
24.84000,1.01194,0.63051,0.36949
24.96000,1.01194,0.17586,0.82414
25.08000,1.01194,0.70261,0.29739
25.20000,1.01194,0.31349,0.68651
25.32000,1.01194,0.66345,0.33655
25.44000,1.01194,0.50031,0.49969
25.56000,1.01194,0.73255,0.26745
25.68000,1.01194,0.35914,0.64086
25.80000,1.01194,0.60598,0.39402
25.92000,1.01194,0.56403,0.43597
26.04000,1.01194,0.65525,0.34475
26.16000,1.01194,0.39036,0.60964
