Time (seconds), Duration (seconds),pred_unlabeled,pred_sirens
0.00000,1.01194,0.97037,0.02963
0.12000,1.01194,0.95793,0.04207
0.24000,1.01194,0.94581,0.05419
0.36000,1.01194,0.84176,0.15824
0.48000,1.01194,0.94553,0.05447
0.60000,1.01194,0.81773,0.18227
0.72000,1.01194,0.93900,0.06100
0.84000,1.01194,0.83483,0.16517
0.96000,1.01194,0.94658,0.05342
1.08000,1.01194,0.92260,0.07740
1.20000,1.01194,0.90892,0.09108
1.32000,1.01194,0.90064,0.09936
1.44000,1.01194,0.90301,0.09699
1.56000,1.01194,0.91323,0.08677
1.68000,1.01194,0.83330,0.16670
1.80000,1.01194,0.91460,0.08540
1.92000,1.01194,0.86089,0.13911
2.04000,1.01194,0.81129,0.18871
2.16000,1.01194,0.85472,0.14528
2.28000,1.01194,0.82881,0.17119
2.40000,1.01194,0.80318,0.19682
2.52000,1.01194,0.61157,0.38843
2.64000,1.01194,0.63928,0.36072
2.76000,1.01194,0.78959,0.21041
2.88000,1.01194,0.87134,0.12866
3.00000,1.01194,0.96157,0.03843
3.12000,1.01194,0.98070,0.01930
3.24000,1.01194,0.99189,0.00811
3.36000,1.01194,0.99567,0.00433
3.48000,1.01194,0.99011,0.00989
3.60000,1.01194,0.99540,0.00460
3.72000,1.01194,0.99412,0.00588
3.84000,1.01194,0.99251,0.00749
3.96000,1.01194,0.97772,0.02228
4.08000,1.01194,0.99255,0.00745
4.20000,1.01194,0.99033,0.00967
4.32000,1.01194,0.97805,0.02195
4.44000,1.01194,0.98768,0.01232
4.56000,1.01194,0.99400,0.00600
4.68000,1.01194,0.98134,0.01866
4.80000,1.01194,0.98380,0.01620
4.92000,1.01194,0.95074,0.04926
5.04000,1.01194,0.98590,0.01410
5.16000,1.01194,0.97419,0.02581
5.28000,1.01194,0.97960,0.02040
5.40000,1.01194,0.97232,0.02768
5.52000,1.01194,0.97539,0.02461
5.64000,1.01194,0.98884,0.01116
5.76000,1.01194,0.97666,0.02334
5.88000,1.01194,0.97172,0.02828
6.00000,1.01194,0.96694,0.03306
6.12000,1.01194,0.98670,0.01330
6.24000,1.01194,0.98913,0.01087
6.36000,1.01194,0.98781,0.01219
6.48000,1.01194,0.98891,0.01109
6.60000,1.01194,0.98674,0.01326
6.72000,1.01194,0.97514,0.02486
6.84000,1.01194,0.98136,0.01864
6.96000,1.01194,0.98229,0.01771
7.08000,1.01194,0.98727,0.01273
7.20000,1.01194,0.98618,0.01382
7.32000,1.01194,0.96376,0.03624
7.44000,1.01194,0.99217,0.00783
7.56000,1.01194,0.99236,0.00764
7.68000,1.01194,0.98675,0.01325
7.80000,1.01194,0.98573,0.01427
7.92000,1.01194,0.98470,0.01530
8.04000,1.01194,0.99111,0.00889
8.16000,1.01194,0.97683,0.02317
8.28000,1.01194,0.98765,0.01235
8.40000,1.01194,0.99648,0.00352
8.52000,1.01194,0.99805,0.00195
8.64000,1.01194,0.99734,0.00266
8.76000,1.01194,0.99718,0.00282
8.88000,1.01194,0.99669,0.00331
9.00000,1.01194,0.98777,0.01223
9.12000,1.01194,0.93882,0.06118
9.24000,1.01194,0.83439,0.16561
9.36000,1.01194,0.52019,0.47981
9.48000,1.01194,0.47900,0.52100
9.60000,1.01194,0.22580,0.77420
9.72000,1.01194,0.10331,0.89669
9.84000,1.01194,0.06598,0.93402
9.96000,1.01194,0.11347,0.88653
10.08000,1.01194,0.06839,0.93161
10.20000,1.01194,0.42780,0.57220
10.32000,1.01194,0.10452,0.89548
10.44000,1.01194,0.42459,0.57541
10.56000,1.01194,0.32439,0.67561
10.68000,1.01194,0.34572,0.65428
10.80000,1.01194,0.28798,0.71202
10.92000,1.01194,0.10357,0.89643
11.04000,1.01194,0.28153,0.71847
11.16000,1.01194,0.14461,0.85539
11.28000,1.01194,0.22515,0.77485
11.40000,1.01194,0.30300,0.69700
11.52000,1.01194,0.14065,0.85935
11.64000,1.01194,0.48280,0.51720
11.76000,1.01194,0.43752,0.56248
11.88000,1.01194,0.71775,0.28225
12.00000,1.01194,0.61287,0.38713
12.12000,1.01194,0.74798,0.25202
12.24000,1.01194,0.35653,0.64347
12.36000,1.01194,0.83448,0.16552
12.48000,1.01194,0.66523,0.33477
12.60000,1.01194,0.88270,0.11730
12.72000,1.01194,0.86725,0.13275
12.84000,1.01194,0.97364,0.02636
12.96000,1.01194,0.98330,0.01670
13.08000,1.01194,0.99152,0.00848
13.20000,1.01194,0.98673,0.01327
13.32000,1.01194,0.98903,0.01097
13.44000,1.01194,0.96159,0.03841
13.56000,1.01194,0.95551,0.04449
13.68000,1.01194,0.93441,0.06559
13.80000,1.01194,0.91337,0.08663
13.92000,1.01194,0.91065,0.08935
14.04000,1.01194,0.97063,0.02937
14.16000,1.01194,0.95472,0.04528
14.28000,1.01194,0.97316,0.02684
14.40000,1.01194,0.89445,0.10555
14.52000,1.01194,0.96644,0.03356
14.64000,1.01194,0.90330,0.09670
14.76000,1.01194,0.97975,0.02025
14.88000,1.01194,0.98010,0.01990
15.00000,1.01194,0.97656,0.02344
15.12000,1.01194,0.98833,0.01167
15.24000,1.01194,0.98563,0.01437
15.36000,1.01194,0.99265,0.00735
15.48000,1.01194,0.93541,0.06459
15.60000,1.01194,0.95884,0.04116
15.72000,1.01194,0.85984,0.14016
15.84000,1.01194,0.85255,0.14745
15.96000,1.01194,0.51585,0.48415
16.08000,1.01194,0.47271,0.52729
16.20000,1.01194,0.44407,0.55593
16.32000,1.01194,0.12852,0.87148
16.44000,1.01194,0.04609,0.95391
16.56000,1.01194,0.18157,0.81843
16.68000,1.01194,0.23717,0.76283
16.80000,1.01194,0.59256,0.40744
16.92000,1.01194,0.54145,0.45855
17.04000,1.01194,0.51371,0.48629
17.16000,1.01194,0.62525,0.37475
17.28000,1.01194,0.37879,0.62121
17.40000,1.01194,0.73564,0.26436
17.52000,1.01194,0.82124,0.17876
17.64000,1.01194,0.78105,0.21895
17.76000,1.01194,0.81313,0.18687
17.88000,1.01194,0.82339,0.17661
18.00000,1.01194,0.81256,0.18744
18.12000,1.01194,0.80568,0.19432
18.24000,1.01194,0.78004,0.21996
18.36000,1.01194,0.85013,0.14987
18.48000,1.01194,0.82115,0.17885
18.60000,1.01194,0.77898,0.22102
18.72000,1.01194,0.92904,0.07096
18.84000,1.01194,0.84649,0.15351
18.96000,1.01194,0.96895,0.03105
19.08000,1.01194,0.90359,0.09641
19.20000,1.01194,0.97675,0.02325
19.32000,1.01194,0.62486,0.37514
19.44000,1.01194,0.96293,0.03707
19.56000,1.01194,0.72848,0.27152
19.68000,1.01194,0.79697,0.20303
19.80000,1.01194,0.42850,0.57150
19.92000,1.01194,0.73697,0.26303
20.04000,1.01194,0.52703,0.47297
20.16000,1.01194,0.21454,0.78546
20.28000,1.01194,0.54303,0.45697
20.40000,1.01194,0.40642,0.59358
20.52000,1.01194,0.58074,0.41926
20.64000,1.01194,0.70880,0.29120
20.76000,1.01194,0.81630,0.18370
20.88000,1.01194,0.83288,0.16712
21.00000,1.01194,0.67042,0.32958
21.12000,1.01194,0.66789,0.33211
21.24000,1.01194,0.74401,0.25599
21.36000,1.01194,0.54855,0.45145
21.48000,1.01194,0.55249,0.44751
21.60000,1.01194,0.63358,0.36642
21.72000,1.01194,0.79739,0.20261
21.84000,1.01194,0.72064,0.27936
21.96000,1.01194,0.80806,0.19194
22.08000,1.01194,0.84948,0.15052
22.20000,1.01194,0.72299,0.27701
22.32000,1.01194,0.81023,0.18977
22.44000,1.01194,0.69784,0.30216
22.56000,1.01194,0.70811,0.29189
22.68000,1.01194,0.91121,0.08879
22.80000,1.01194,0.89660,0.10340
22.92000,1.01194,0.93822,0.06178
23.04000,1.01194,0.96133,0.03867
23.16000,1.01194,0.97801,0.02199
23.28000,1.01194,0.97628,0.02372
23.40000,1.01194,0.98351,0.01649
23.52000,1.01194,0.98823,0.01177
23.64000,1.01194,0.99054,0.00946
23.76000,1.01194,0.98876,0.01124
23.88000,1.01194,0.99271,0.00729
24.00000,1.01194,0.98728,0.01272
24.12000,1.01194,0.98852,0.01148
24.24000,1.01194,0.98422,0.01578
24.36000,1.01194,0.98089,0.01911
24.48000,1.01194,0.97658,0.02342
24.60000,1.01194,0.98751,0.01249
24.72000,1.01194,0.97220,0.02780
24.84000,1.01194,0.97188,0.02812
24.96000,1.01194,0.98029,0.01971
25.08000,1.01194,0.96263,0.03737
25.20000,1.01194,0.98714,0.01286
25.32000,1.01194,0.96019,0.03981
25.44000,1.01194,0.98266,0.01734
25.56000,1.01194,0.98691,0.01309
25.68000,1.01194,0.98795,0.01205
25.80000,1.01194,0.99564,0.00436
25.92000,1.01194,0.99417,0.00583
26.04000,1.01194,0.99340,0.00660
26.16000,1.01194,0.98434,0.01566
26.28000,1.01194,0.98916,0.01084
26.40000,1.01194,0.96281,0.03719
26.52000,1.01194,0.96684,0.03316
26.64000,1.01194,0.89789,0.10211
26.76000,1.01194,0.94953,0.05047
26.88000,1.01194,0.92917,0.07083
27.00000,1.01194,0.96684,0.03316
27.12000,1.01194,0.96633,0.03367
27.24000,1.01194,0.97895,0.02105
27.36000,1.01194,0.98762,0.01238
27.48000,1.01194,0.97687,0.02313
27.60000,1.01194,0.99077,0.00923
27.72000,1.01194,0.99260,0.00740
27.84000,1.01194,0.98538,0.01462
27.96000,1.01194,0.98384,0.01616
28.08000,1.01194,0.97924,0.02076
28.20000,1.01194,0.96073,0.03927
28.32000,1.01194,0.94907,0.05093
28.44000,1.01194,0.95838,0.04162
28.56000,1.01194,0.95455,0.04545
28.68000,1.01194,0.87482,0.12518
28.80000,1.01194,0.96652,0.03348
28.92000,1.01194,0.93951,0.06049
29.04000,1.01194,0.98544,0.01456
29.16000,1.01194,0.96102,0.03898
29.28000,1.01194,0.98269,0.01731
29.40000,1.01194,0.98239,0.01761
29.52000,1.01194,0.97673,0.02327
29.64000,1.01194,0.97223,0.02777
29.76000,1.01194,0.96631,0.03369
29.88000,1.01194,0.96233,0.03767
30.00000,1.01194,0.98075,0.01925
30.12000,1.01194,0.96504,0.03496
30.24000,1.01194,0.98619,0.01381
30.36000,1.01194,0.97868,0.02132
30.48000,1.01194,0.98713,0.01287
30.60000,1.01194,0.96305,0.03695
30.72000,1.01194,0.97126,0.02874
30.84000,1.01194,0.93867,0.06133
30.96000,1.01194,0.95295,0.04705
31.08000,1.01194,0.95516,0.04484
31.20000,1.01194,0.98012,0.01988
31.32000,1.01194,0.98321,0.01679
31.44000,1.01194,0.98632,0.01368
31.56000,1.01194,0.98729,0.01271
31.68000,1.01194,0.97968,0.02032
31.80000,1.01194,0.98646,0.01354
31.92000,1.01194,0.97158,0.02842
32.04000,1.01194,0.99712,0.00288
32.16000,1.01194,0.99172,0.00828
32.28000,1.01194,0.99698,0.00302
32.40000,1.01194,0.99608,0.00392
32.52000,1.01194,0.99873,0.00127
32.64000,1.01194,0.99811,0.00189
32.76000,1.01194,0.99765,0.00235
32.88000,1.01194,0.99778,0.00222
33.00000,1.01194,0.99446,0.00554
33.12000,1.01194,0.99701,0.00299
33.24000,1.01194,0.99683,0.00317
33.36000,1.01194,0.99403,0.00597
33.48000,1.01194,0.98825,0.01175
33.60000,1.01194,0.99260,0.00740
33.72000,1.01194,0.98590,0.01410
33.84000,1.01194,0.98886,0.01114
33.96000,1.01194,0.98320,0.01680
34.08000,1.01194,0.98999,0.01001
34.20000,1.01194,0.96539,0.03461
34.32000,1.01194,0.97886,0.02114
34.44000,1.01194,0.97908,0.02092
34.56000,1.01194,0.98982,0.01018
34.68000,1.01194,0.98269,0.01731
34.80000,1.01194,0.99313,0.00687
34.92000,1.01194,0.99266,0.00734
35.04000,1.01194,0.99333,0.00667
35.16000,1.01194,0.99003,0.00996
35.28000,1.01194,0.99319,0.00681
35.40000,1.01194,0.98514,0.01486
35.52000,1.01194,0.99478,0.00522
35.64000,1.01194,0.98244,0.01756
35.76000,1.01194,0.99252,0.00748
35.88000,1.01194,0.99567,0.00433
36.00000,1.01194,0.98685,0.01315
36.12000,1.01194,0.99096,0.00904
36.24000,1.01194,0.97890,0.02110
36.36000,1.01194,0.97963,0.02037
36.48000,1.01194,0.94023,0.05977
36.60000,1.01194,0.95575,0.04425
36.72000,1.01194,0.92158,0.07842
36.84000,1.01194,0.94379,0.05621
36.96000,1.01194,0.94122,0.05878
37.08000,1.01194,0.96214,0.03786
37.20000,1.01194,0.96925,0.03075
37.32000,1.01194,0.98536,0.01464
37.44000,1.01194,0.99493,0.00507
37.56000,1.01194,0.99320,0.00680
37.68000,1.01194,0.99478,0.00522
37.80000,1.01194,0.99124,0.00876
37.92000,1.01194,0.99318,0.00682
38.04000,1.01194,0.99702,0.00298
38.16000,1.01194,0.99023,0.00977
38.28000,1.01194,0.99544,0.00456
38.40000,1.01194,0.98715,0.01285
38.52000,1.01194,0.99489,0.00511
38.64000,1.01194,0.99036,0.00964
38.76000,1.01194,0.99083,0.00917
38.88000,1.01194,0.98947,0.01053
39.00000,1.01194,0.99169,0.00831
39.12000,1.01194,0.99310,0.00690
39.24000,1.01194,0.99011,0.00989
39.36000,1.01194,0.99077,0.00923
39.48000,1.01194,0.99285,0.00715
39.60000,1.01194,0.99416,0.00584
39.72000,1.01194,0.98107,0.01893
39.84000,1.01194,0.99421,0.00579
39.96000,1.01194,0.98781,0.01219
40.08000,1.01194,0.98544,0.01456
40.20000,1.01194,0.97216,0.02784
40.32000,1.01194,0.99064,0.00936
40.44000,1.01194,0.96764,0.03236
40.56000,1.01194,0.98800,0.01200
40.68000,1.01194,0.96459,0.03541
40.80000,1.01194,0.97688,0.02312
40.92000,1.01194,0.97356,0.02644
41.04000,1.01194,0.98145,0.01855
41.16000,1.01194,0.90601,0.09399
41.28000,1.01194,0.96728,0.03272
41.40000,1.01194,0.95604,0.04396
41.52000,1.01194,0.96490,0.03510
41.64000,1.01194,0.97506,0.02494
41.76000,1.01194,0.96346,0.03654
41.88000,1.01194,0.93818,0.06182
42.00000,1.01194,0.97456,0.02544
42.12000,1.01194,0.93412,0.06588
42.24000,1.01194,0.95909,0.04091
42.36000,1.01194,0.92587,0.07413
42.48000,1.01194,0.93575,0.06425
42.60000,1.01194,0.91932,0.08068
42.72000,1.01194,0.94400,0.05600
42.84000,1.01194,0.97041,0.02959
42.96000,1.01194,0.95148,0.04852
43.08000,1.01194,0.97481,0.02519
43.20000,1.01194,0.96169,0.03831
43.32000,1.01194,0.94278,0.05722
43.44000,1.01194,0.98332,0.01668
43.56000,1.01194,0.89859,0.10141
43.68000,1.01194,0.97627,0.02373
43.80000,1.01194,0.94506,0.05494
43.92000,1.01194,0.99145,0.00855
44.04000,1.01194,0.99028,0.00972
44.16000,1.01194,0.95433,0.04567
44.28000,1.01194,0.97285,0.02715
44.40000,1.01194,0.95737,0.04263
44.52000,1.01194,0.94965,0.05035
44.64000,1.01194,0.98254,0.01746
44.76000,1.01194,0.97425,0.02575
44.88000,1.01194,0.96942,0.03058
45.00000,1.01194,0.97578,0.02422
45.12000,1.01194,0.94295,0.05705
45.24000,1.01194,0.97770,0.02230
45.36000,1.01194,0.98057,0.01943
45.48000,1.01194,0.87914,0.12086
45.60000,1.01194,0.92117,0.07883
45.72000,1.01194,0.89429,0.10571
45.84000,1.01194,0.91200,0.08800
45.96000,1.01194,0.95970,0.04030
46.08000,1.01194,0.98055,0.01945
46.20000,1.01194,0.94914,0.05086
46.32000,1.01194,0.98510,0.01490
46.44000,1.01194,0.96743,0.03257
46.56000,1.01194,0.97667,0.02333
46.68000,1.01194,0.94683,0.05317
46.80000,1.01194,0.94931,0.05069
46.92000,1.01194,0.85024,0.14976
47.04000,1.01194,0.81329,0.18671
47.16000,1.01194,0.88906,0.11094
47.28000,1.01194,0.95491,0.04509
47.40000,1.01194,0.96116,0.03884
47.52000,1.01194,0.98556,0.01444
47.64000,1.01194,0.99104,0.00896
47.76000,1.01194,0.99446,0.00554
47.88000,1.01194,0.99592,0.00408
48.00000,1.01194,0.97880,0.02120
48.12000,1.01194,0.98748,0.01252
48.24000,1.01194,0.94176,0.05824
48.36000,1.01194,0.88788,0.11212
48.48000,1.01194,0.89344,0.10656
48.60000,1.01194,0.86936,0.13064
48.72000,1.01194,0.95304,0.04696
48.84000,1.01194,0.88796,0.11204
48.96000,1.01194,0.93664,0.06336
49.08000,1.01194,0.94148,0.05852
49.20000,1.01194,0.91315,0.08685
49.32000,1.01194,0.97769,0.02231
49.44000,1.01194,0.93070,0.06930
49.56000,1.01194,0.99093,0.00907
49.68000,1.01194,0.98006,0.01994
49.80000,1.01194,0.99390,0.00610
49.92000,1.01194,0.98635,0.01365
50.04000,1.01194,0.99422,0.00578
50.16000,1.01194,0.98289,0.01711
50.28000,1.01194,0.99057,0.00943
50.40000,1.01194,0.97742,0.02258
50.52000,1.01194,0.98795,0.01205
50.64000,1.01194,0.98824,0.01176
50.76000,1.01194,0.98408,0.01592
50.88000,1.01194,0.98743,0.01257
51.00000,1.01194,0.98142,0.01858
51.12000,1.01194,0.99501,0.00499
51.24000,1.01194,0.99259,0.00741
51.36000,1.01194,0.98443,0.01557
51.48000,1.01194,0.99283,0.00717
51.60000,1.01194,0.98495,0.01505
51.72000,1.01194,0.99349,0.00651
51.84000,1.01194,0.99308,0.00692
51.96000,1.01194,0.98875,0.01125
52.08000,1.01194,0.99343,0.00657
52.20000,1.01194,0.98545,0.01455
52.32000,1.01194,0.98056,0.01944
52.44000,1.01194,0.97419,0.02581
52.56000,1.01194,0.94692,0.05308
52.68000,1.01194,0.95680,0.04320
52.80000,1.01194,0.96381,0.03619
52.92000,1.01194,0.93535,0.06465
53.04000,1.01194,0.95917,0.04083
53.16000,1.01194,0.92178,0.07822
53.28000,1.01194,0.98982,0.01018
53.40000,1.01194,0.92381,0.07619
53.52000,1.01194,0.97644,0.02356
53.64000,1.01194,0.98122,0.01878
53.76000,1.01194,0.97075,0.02925
53.88000,1.01194,0.98919,0.01081
54.00000,1.01194,0.98158,0.01842
54.12000,1.01194,0.99033,0.00967
54.24000,1.01194,0.93449,0.06551
54.36000,1.01194,0.98979,0.01021
54.48000,1.01194,0.93315,0.06685
54.60000,1.01194,0.98627,0.01373
54.72000,1.01194,0.97199,0.02801
54.84000,1.01194,0.96275,0.03725
54.96000,1.01194,0.96200,0.03800
55.08000,1.01194,0.96544,0.03456
55.20000,1.01194,0.94104,0.05896
55.32000,1.01194,0.95468,0.04532
55.44000,1.01194,0.94172,0.05828
55.56000,1.01194,0.92480,0.07520
55.68000,1.01194,0.92878,0.07122
55.80000,1.01194,0.91411,0.08589
55.92000,1.01194,0.94361,0.05639
56.04000,1.01194,0.91140,0.08860
56.16000,1.01194,0.93220,0.06780
56.28000,1.01194,0.94570,0.05430
56.40000,1.01194,0.92381,0.07619
56.52000,1.01194,0.97670,0.02330
56.64000,1.01194,0.92732,0.07268
56.76000,1.01194,0.96834,0.03166
56.88000,1.01194,0.96624,0.03376
57.00000,1.01194,0.95660,0.04340
57.12000,1.01194,0.97349,0.02651
57.24000,1.01194,0.94619,0.05381
57.36000,1.01194,0.97573,0.02427
57.48000,1.01194,0.95436,0.04564
57.60000,1.01194,0.96471,0.03529
57.72000,1.01194,0.97154,0.02846
57.84000,1.01194,0.97283,0.02717
57.96000,1.01194,0.96791,0.03209
58.08000,1.01194,0.97767,0.02233
58.20000,1.01194,0.98042,0.01958
58.32000,1.01194,0.98263,0.01737
58.44000,1.01194,0.98391,0.01609
58.56000,1.01194,0.98579,0.01421
58.68000,1.01194,0.99072,0.00928
58.80000,1.01194,0.98486,0.01514
58.92000,1.01194,0.99284,0.00716
59.04000,1.01194,0.98984,0.01016
59.16000,1.01194,0.99433,0.00567
59.28000,1.01194,0.98492,0.01508
59.40000,1.01194,0.99600,0.00400
59.52000,1.01194,0.99006,0.00994
59.64000,1.01194,0.99344,0.00656
59.76000,1.01194,0.99079,0.00921
59.88000,1.01194,0.99650,0.00350
60.00000,1.01194,0.99526,0.00474
60.12000,1.01194,0.99257,0.00743
60.24000,1.01194,0.98927,0.01073
60.36000,1.01194,0.98311,0.01689
60.48000,1.01194,0.98953,0.01047
60.60000,1.01194,0.98510,0.01490
60.72000,1.01194,0.95852,0.04148
60.84000,1.01194,0.96885,0.03115
60.96000,1.01194,0.96304,0.03696
61.08000,1.01194,0.97971,0.02029
61.20000,1.01194,0.98642,0.01358
61.32000,1.01194,0.98884,0.01116
61.44000,1.01194,0.98840,0.01160
61.56000,1.01194,0.98794,0.01206
61.68000,1.01194,0.98677,0.01323
61.80000,1.01194,0.99045,0.00955
61.92000,1.01194,0.98921,0.01079
62.04000,1.01194,0.98580,0.01420
62.16000,1.01194,0.99484,0.00516
62.28000,1.01194,0.99197,0.00803
62.40000,1.01194,0.99473,0.00527
62.52000,1.01194,0.98954,0.01046
62.64000,1.01194,0.99213,0.00787
62.76000,1.01194,0.96435,0.03565
62.88000,1.01194,0.97017,0.02983
63.00000,1.01194,0.91858,0.08142
63.12000,1.01194,0.96778,0.03222
63.24000,1.01194,0.94603,0.05397
63.36000,1.01194,0.92555,0.07445
63.48000,1.01194,0.92712,0.07288
63.60000,1.01194,0.96136,0.03864
63.72000,1.01194,0.94613,0.05387
63.84000,1.01194,0.95297,0.04703
63.96000,1.01194,0.96714,0.03286
64.08000,1.01193,0.96296,0.03704
64.20000,1.01194,0.98107,0.01893
64.32000,1.01194,0.97882,0.02118
64.44000,1.01193,0.99107,0.00893
64.56000,1.01194,0.96694,0.03306
64.68000,1.01194,0.98128,0.01872
64.80000,1.01193,0.98323,0.01677
64.92000,1.01194,0.98085,0.01915
65.04000,1.01194,0.96788,0.03212
65.16000,1.01193,0.98313,0.01687
65.28000,1.01194,0.98296,0.01704
65.40000,1.01193,0.99143,0.00857
65.52000,1.01194,0.98566,0.01434
65.64000,1.01194,0.98759,0.01241
65.76000,1.01193,0.98367,0.01633
65.88000,1.01194,0.98292,0.01708
66.00000,1.01194,0.98804,0.01196
66.12000,1.01193,0.98448,0.01552
66.24000,1.01194,0.96836,0.03164
66.36000,1.01194,0.98820,0.01180
66.48000,1.01193,0.97325,0.02675
66.60000,1.01194,0.99073,0.00927
66.72000,1.01194,0.99037,0.00963
66.84000,1.01194,0.98768,0.01232
66.96000,1.01194,0.99605,0.00395
67.08000,1.01193,0.98037,0.01963
67.20000,1.01194,0.99584,0.00416
67.32000,1.01194,0.95146,0.04854
67.44000,1.01193,0.97110,0.02890
67.56000,1.01194,0.92669,0.07331
67.68000,1.01194,0.97681,0.02319
67.80000,1.01193,0.93085,0.06915
67.92000,1.01194,0.97509,0.02491
68.04000,1.01194,0.98156,0.01844
68.16000,1.01193,0.97881,0.02119
68.28000,1.01194,0.98438,0.01562
68.40000,1.01193,0.94983,0.05017
68.52000,1.01194,0.98680,0.01320
68.64000,1.01194,0.97715,0.02285
68.76000,1.01193,0.99302,0.00698
68.88000,1.01194,0.98328,0.01672
69.00000,1.01194,0.99766,0.00234
69.12000,1.01193,0.99517,0.00483
69.24000,1.01194,0.99607,0.00393
69.36000,1.01194,0.99666,0.00334
69.48000,1.01193,0.99310,0.00690
69.60000,1.01194,0.99613,0.00387
69.72000,1.01194,0.99413,0.00587
69.84000,1.01194,0.99348,0.00652
69.96000,1.01194,0.99405,0.00595
70.08000,1.01193,0.98517,0.01483
70.20000,1.01194,0.97730,0.02270
70.32000,1.01194,0.98894,0.01106
70.44000,1.01193,0.97585,0.02415
70.56000,1.01194,0.99032,0.00968
70.68000,1.01194,0.98762,0.01238
70.80000,1.01193,0.98739,0.01261
70.92000,1.01194,0.98605,0.01395
71.04000,1.01194,0.97765,0.02235
71.16000,1.01193,0.97667,0.02333
71.28000,1.01194,0.93176,0.06824
71.40000,1.01193,0.94830,0.05170
71.52000,1.01194,0.93674,0.06326
71.64000,1.01194,0.97571,0.02429
71.76000,1.01193,0.95287,0.04713
71.88000,1.01194,0.97378,0.02622
72.00000,1.01194,0.95766,0.04234
72.12000,1.01193,0.96018,0.03982
72.24000,1.01194,0.94222,0.05778
72.36000,1.01194,0.98328,0.01672
72.48000,1.01193,0.87347,0.12653
72.60000,1.01194,0.95624,0.04376
72.72000,1.01194,0.95599,0.04401
72.84000,1.01194,0.98330,0.01670
72.96000,1.01194,0.97670,0.02330
73.08000,1.01193,0.98409,0.01591
73.20000,1.01194,0.95820,0.04180
73.32000,1.01194,0.97950,0.02050
73.44000,1.01193,0.97193,0.02807
73.56000,1.01194,0.95142,0.04858
73.68000,1.01194,0.97317,0.02683
73.80000,1.01193,0.97591,0.02409
73.92000,1.01194,0.97103,0.02897
74.04000,1.01194,0.98608,0.01392
74.16000,1.01193,0.98407,0.01593
74.28000,1.01194,0.98403,0.01597
74.40000,1.01193,0.99487,0.00513
74.52000,1.01194,0.98941,0.01059
74.64000,1.01194,0.99400,0.00600
74.76000,1.01193,0.99585,0.00415
74.88000,1.01194,0.99822,0.00178
75.00000,1.01194,0.99762,0.00238
75.12000,1.01193,0.99480,0.00520
75.24000,1.01194,0.99655,0.00345
75.36000,1.01194,0.99645,0.00355
75.48000,1.01193,0.99585,0.00415
75.60000,1.01194,0.98994,0.01006
75.72000,1.01194,0.99279,0.00721
75.84000,1.01194,0.95313,0.04687
75.96000,1.01194,0.98647,0.01353
76.08000,1.01193,0.94527,0.05473
76.20000,1.01194,0.98338,0.01662
76.32000,1.01194,0.95350,0.04650
76.44000,1.01193,0.97604,0.02396
76.56000,1.01194,0.97240,0.02760
76.68000,1.01194,0.94801,0.05199
76.80000,1.01193,0.96500,0.03500
76.92000,1.01194,0.94127,0.05873
77.04000,1.01194,0.96320,0.03680
77.16000,1.01193,0.98442,0.01558
77.28000,1.01194,0.98400,0.01600
77.40000,1.01193,0.99555,0.00445
77.52000,1.01194,0.99434,0.00566
77.64000,1.01194,0.99313,0.00687
77.76000,1.01193,0.98784,0.01216
77.88000,1.01194,0.98451,0.01549
78.00000,1.01194,0.97405,0.02595
78.12000,1.01193,0.94285,0.05715
78.24000,1.01194,0.94145,0.05855
78.36000,1.01194,0.96601,0.03399
78.48000,1.01193,0.97949,0.02051
78.60000,1.01194,0.99221,0.00779
78.72000,1.01194,0.99274,0.00726
78.84000,1.01194,0.99749,0.00251
78.96000,1.01194,0.99769,0.00231
79.08000,1.01193,0.99868,0.00132
79.20000,1.01194,0.99760,0.00240
79.32000,1.01194,0.99896,0.00104
79.44000,1.01193,0.99861,0.00139
79.56000,1.01194,0.99836,0.00164
79.68000,1.01194,0.99439,0.00561
79.80000,1.01193,0.99754,0.00246
79.92000,1.01194,0.99444,0.00556
80.04000,1.01194,0.99494,0.00506
80.16000,1.01193,0.98507,0.01493
80.28000,1.01194,0.98580,0.01420
80.40000,1.01193,0.98077,0.01923
80.52000,1.01194,0.97572,0.02428
80.64000,1.01194,0.97503,0.02497
80.76000,1.01193,0.97343,0.02657
80.88000,1.01194,0.98034,0.01966
81.00000,1.01194,0.98057,0.01943
81.12000,1.01193,0.98222,0.01778
81.24000,1.01194,0.98542,0.01458
81.36000,1.01194,0.99304,0.00696
81.48000,1.01193,0.99230,0.00770
81.60000,1.01194,0.99736,0.00264
81.72000,1.01194,0.99461,0.00539
81.84000,1.01194,0.99823,0.00177
81.96000,1.01194,0.99729,0.00271
82.08000,1.01193,0.99830,0.00170
82.20000,1.01194,0.99778,0.00222
82.32000,1.01194,0.99826,0.00174
82.44000,1.01193,0.99641,0.00359
82.56000,1.01194,0.99676,0.00324
82.68000,1.01194,0.99668,0.00332
82.80000,1.01193,0.99137,0.00863
82.92000,1.01194,0.99287,0.00713
83.04000,1.01194,0.99265,0.00735
83.16000,1.01193,0.98307,0.01693
83.28000,1.01194,0.99182,0.00818
83.40000,1.01193,0.98340,0.01660
83.52000,1.01194,0.98762,0.01238
83.64000,1.01194,0.99065,0.00935
83.76000,1.01193,0.98006,0.01994
83.88000,1.01194,0.98834,0.01166
84.00000,1.01194,0.97661,0.02339
84.12000,1.01193,0.95247,0.04753
84.24000,1.01194,0.97602,0.02398
84.36000,1.01194,0.92501,0.07499
84.48000,1.01193,0.95083,0.04917
84.60000,1.01194,0.92552,0.07448
84.72000,1.01194,0.93207,0.06793
84.84000,1.01194,0.94335,0.05665
84.96000,1.01194,0.92387,0.07613
85.08000,1.01193,0.93789,0.06211
85.20000,1.01194,0.57667,0.42333
85.32000,1.01194,0.91045,0.08955
85.44000,1.01193,0.37795,0.62205
85.56000,1.01194,0.69684,0.30316
85.68000,1.01194,0.39112,0.60888
85.80000,1.01193,0.65013,0.34987
85.92000,1.01194,0.31590,0.68410
86.04000,1.01194,0.29589,0.70411
86.16000,1.01193,0.36532,0.63468
86.28000,1.01194,0.21466,0.78534
86.40000,1.01193,0.13832,0.86168
86.52000,1.01194,0.47130,0.52870
86.64000,1.01194,0.24483,0.75517
86.76000,1.01193,0.29372,0.70628
86.88000,1.01194,0.31028,0.68972
87.00000,1.01194,0.23265,0.76735
87.12000,1.01193,0.36224,0.63776
87.24000,1.01194,0.19526,0.80474
87.36000,1.01194,0.32821,0.67179
87.48000,1.01193,0.28567,0.71433
87.60000,1.01194,0.20252,0.79748
87.72000,1.01194,0.13410,0.86590
87.84000,1.01194,0.05020,0.94980
87.96000,1.01194,0.04180,0.95820
88.08000,1.01193,0.02567,0.97433
88.20000,1.01194,0.02088,0.97912
88.32000,1.01194,0.02993,0.97007
88.44000,1.01193,0.03638,0.96362
88.56000,1.01194,0.04507,0.95493
88.68000,1.01194,0.01564,0.98436
88.80000,1.01193,0.01915,0.98085
88.92000,1.01194,0.01045,0.98955
89.04000,1.01194,0.02172,0.97828
89.16000,1.01193,0.00874,0.99126
89.28000,1.01194,0.01706,0.98294
89.40000,1.01193,0.03015,0.96985
89.52000,1.01194,0.05917,0.94083
89.64000,1.01194,0.04845,0.95155
89.76000,1.01193,0.10261,0.89739
89.88000,1.01194,0.06479,0.93521
90.00000,1.01194,0.08023,0.91977
90.12000,1.01193,0.18705,0.81295
90.24000,1.01194,0.31445,0.68555
90.36000,1.01194,0.56398,0.43602
90.48000,1.01193,0.36850,0.63150
90.60000,1.01194,0.80520,0.19480
90.72000,1.01194,0.34943,0.65057
90.84000,1.01194,0.77092,0.22908
90.96000,1.01194,0.55676,0.44324
91.08000,1.01193,0.68371,0.31629
91.20000,1.01194,0.62493,0.37507
91.32000,1.01194,0.75039,0.24961
91.44000,1.01193,0.68030,0.31970
91.56000,1.01194,0.75639,0.24361
91.68000,1.01194,0.80896,0.19104
91.80000,1.01193,0.88635,0.11365
91.92000,1.01194,0.93423,0.06577
92.04000,1.01194,0.97860,0.02140
92.16000,1.01193,0.96910,0.03090
92.28000,1.01194,0.98837,0.01163
92.40000,1.01193,0.98592,0.01408
92.52000,1.01194,0.99602,0.00398
92.64000,1.01194,0.99630,0.00370
92.76000,1.01193,0.99812,0.00188
92.88000,1.01194,0.99598,0.00402
93.00000,1.01194,0.99677,0.00323
93.12000,1.01193,0.99673,0.00327
93.24000,1.01194,0.99640,0.00360
93.36000,1.01194,0.99763,0.00237
93.48000,1.01193,0.98870,0.01130
93.60000,1.01194,0.99589,0.00411
93.72000,1.01194,0.99409,0.00591
93.84000,1.01194,0.98880,0.01120
93.96000,1.01194,0.98079,0.01921
94.08000,1.01193,0.98190,0.01810
94.20000,1.01194,0.97777,0.02223
94.32000,1.01194,0.96454,0.03546
94.44000,1.01193,0.98757,0.01243
94.56000,1.01194,0.98090,0.01910
94.68000,1.01194,0.98924,0.01076
94.80000,1.01193,0.96539,0.03461
94.92000,1.01194,0.99479,0.00521
95.04000,1.01194,0.99303,0.00697
95.16000,1.01193,0.99524,0.00476
95.28000,1.01194,0.99578,0.00422
95.40000,1.01193,0.99599,0.00401
95.52000,1.01194,0.99610,0.00390
95.64000,1.01194,0.99674,0.00326
95.76000,1.01193,0.99389,0.00611
95.88000,1.01194,0.99605,0.00395
96.00000,1.01194,0.99363,0.00637
96.12000,1.01193,0.99677,0.00323
96.24000,1.01194,0.99170,0.00830
96.36000,1.01194,0.99715,0.00285
96.48000,1.01193,0.99369,0.00631
96.60000,1.01194,0.99476,0.00524
96.72000,1.01194,0.99240,0.00760
96.84000,1.01194,0.99493,0.00507
96.96000,1.01194,0.98652,0.01348
97.08000,1.01193,0.99364,0.00636
97.20000,1.01194,0.99238,0.00762
97.32000,1.01194,0.99468,0.00532
97.44000,1.01193,0.99549,0.00451
97.56000,1.01194,0.99502,0.00498
97.68000,1.01194,0.99236,0.00764
97.80000,1.01193,0.98760,0.01240
97.92000,1.01194,0.98847,0.01153
98.04000,1.01194,0.99030,0.00970
98.16000,1.01193,0.99533,0.00467
98.28000,1.01194,0.98371,0.01629
98.40000,1.01193,0.99466,0.00534
98.52000,1.01194,0.99481,0.00519
98.64000,1.01194,0.99516,0.00484
98.76000,1.01193,0.99142,0.00858
98.88000,1.01194,0.98993,0.01007
99.00000,1.01194,0.98097,0.01903
99.12000,1.01193,0.99393,0.00607
99.24000,1.01194,0.99667,0.00333
99.36000,1.01194,0.98428,0.01572
99.48000,1.01193,0.99360,0.00640
99.60000,1.01194,0.99247,0.00752
99.72000,1.01194,0.99852,0.00148
99.84000,1.01194,0.98172,0.01828
99.96000,1.01194,0.97647,0.02353
100.08000,1.01193,0.94011,0.05989
100.20000,1.01194,0.97788,0.02212
100.32000,1.01194,0.94082,0.05918
100.44000,1.01193,0.88494,0.11506
100.56000,1.01194,0.88329,0.11671
100.68000,1.01194,0.95073,0.04927
100.80000,1.01193,0.97185,0.02815
100.92000,1.01194,0.98275,0.01725
101.04000,1.01194,0.96639,0.03361
101.16000,1.01193,0.99698,0.00302
101.28000,1.01194,0.98286,0.01714
101.40000,1.01193,0.99536,0.00464
101.52000,1.01194,0.99650,0.00350
101.64000,1.01194,0.99567,0.00433
101.76000,1.01193,0.99413,0.00587
101.88000,1.01194,0.99677,0.00323
102.00000,1.01194,0.99674,0.00326
102.12000,1.01193,0.99377,0.00623
102.24000,1.01194,0.99763,0.00237
102.36000,1.01194,0.99688,0.00312
102.48000,1.01193,0.99466,0.00534
102.60000,1.01194,0.99570,0.00430
102.72000,1.01194,0.99311,0.00689
102.84000,1.01194,0.99345,0.00655
102.96000,1.01194,0.99454,0.00546
103.08000,1.01193,0.98462,0.01538
103.20000,1.01194,0.99075,0.00925
103.32000,1.01194,0.99533,0.00467
103.44000,1.01193,0.99564,0.00436
103.56000,1.01194,0.99279,0.00721
103.68000,1.01194,0.98882,0.01118
103.80000,1.01193,0.98527,0.01473
103.92000,1.01194,0.98229,0.01771
104.04000,1.01194,0.94283,0.05717
104.16000,1.01193,0.92026,0.07974
104.28000,1.01194,0.90994,0.09006
104.40000,1.01193,0.90940,0.09060
104.52000,1.01194,0.90023,0.09977
104.64000,1.01194,0.92715,0.07285
104.76000,1.01193,0.94532,0.05468
104.88000,1.01194,0.95819,0.04181
105.00000,1.01194,0.98147,0.01853
105.12000,1.01193,0.97505,0.02495
105.24000,1.01194,0.99390,0.00610
105.36000,1.01194,0.98392,0.01608
105.48000,1.01193,0.98879,0.01121
105.60000,1.01194,0.98896,0.01104
105.72000,1.01194,0.99145,0.00855
105.84000,1.01194,0.97588,0.02412
105.96000,1.01194,0.98237,0.01763
106.08000,1.01193,0.97856,0.02144
106.20000,1.01194,0.97658,0.02342
106.32000,1.01194,0.97474,0.02526
106.44000,1.01193,0.98217,0.01783
106.56000,1.01194,0.98866,0.01134
106.68000,1.01194,0.97773,0.02227
106.80000,1.01193,0.98785,0.01215
106.92000,1.01194,0.97448,0.02552
107.04000,1.01194,0.97234,0.02766
107.16000,1.01193,0.93884,0.06116
107.28000,1.01194,0.96852,0.03148
107.40000,1.01193,0.95713,0.04287
107.52000,1.01194,0.95940,0.04060
107.64000,1.01194,0.96617,0.03383
107.76000,1.01193,0.98196,0.01804
107.88000,1.01194,0.98093,0.01908
108.00000,1.01194,0.98426,0.01574
108.12000,1.01193,0.99016,0.00984
108.24000,1.01194,0.99166,0.00834
108.36000,1.01194,0.99123,0.00877
108.48000,1.01193,0.98938,0.01062
108.60000,1.01194,0.99391,0.00609
108.72000,1.01194,0.99260,0.00740
108.84000,1.01194,0.99338,0.00662
108.96000,1.01194,0.99357,0.00643
109.08000,1.01193,0.99627,0.00373
109.20000,1.01194,0.99235,0.00765
109.32000,1.01194,0.99351,0.00649
109.44000,1.01193,0.98995,0.01005
109.56000,1.01194,0.99050,0.00950
109.68000,1.01194,0.99386,0.00614
109.80000,1.01193,0.99095,0.00905
109.92000,1.01194,0.99258,0.00742
110.04000,1.01194,0.99278,0.00722
110.16000,1.01193,0.99533,0.00467
110.28000,1.01194,0.99278,0.00722
110.40000,1.01193,0.99356,0.00644
110.52000,1.01194,0.99118,0.00882
110.64000,1.01194,0.97553,0.02447
110.76000,1.01193,0.97893,0.02107
110.88000,1.01194,0.98424,0.01576
111.00000,1.01194,0.97322,0.02678
111.12000,1.01193,0.96609,0.03391
111.24000,1.01194,0.98589,0.01411
111.36000,1.01194,0.99176,0.00824
111.48000,1.01193,0.99101,0.00899
111.60000,1.01194,0.98753,0.01247
111.72000,1.01194,0.99180,0.00820
111.84000,1.01194,0.98316,0.01684
111.96000,1.01194,0.98984,0.01016
112.08000,1.01193,0.98385,0.01615
112.20000,1.01194,0.99066,0.00934
112.32000,1.01194,0.99044,0.00956
112.44000,1.01193,0.99275,0.00725
112.56000,1.01194,0.98640,0.01360
112.68000,1.01194,0.99430,0.00570
112.80000,1.01193,0.99547,0.00453
112.92000,1.01194,0.99253,0.00747
113.04000,1.01194,0.99562,0.00438
113.16000,1.01193,0.99408,0.00592
113.28000,1.01194,0.99397,0.00603
113.40000,1.01193,0.98646,0.01354
113.52000,1.01194,0.98804,0.01196
113.64000,1.01194,0.99224,0.00776
113.76000,1.01193,0.98647,0.01353
113.88000,1.01194,0.98137,0.01863
114.00000,1.01194,0.97903,0.02097
114.12000,1.01193,0.96708,0.03292
114.24000,1.01194,0.96216,0.03784
114.36000,1.01194,0.94595,0.05405
114.48000,1.01193,0.96232,0.03768
114.60000,1.01194,0.96401,0.03599
114.72000,1.01194,0.95057,0.04943
114.84000,1.01194,0.95254,0.04746
114.96000,1.01194,0.95523,0.04477
115.08000,1.01193,0.94061,0.05939
115.20000,1.01194,0.96856,0.03144
115.32000,1.01194,0.93608,0.06392
115.44000,1.01193,0.95133,0.04867
115.56000,1.01194,0.91917,0.08083
115.68000,1.01194,0.96233,0.03767
115.80000,1.01193,0.97668,0.02332
115.92000,1.01194,0.96627,0.03373
116.04000,1.01194,0.97838,0.02162
116.16000,1.01193,0.98307,0.01693
116.28000,1.01194,0.98300,0.01700
116.40000,1.01193,0.96782,0.03218
116.52000,1.01194,0.97670,0.02330
116.64000,1.01194,0.95467,0.04533
116.76000,1.01193,0.92390,0.07610
116.88000,1.01194,0.93657,0.06343
117.00000,1.01194,0.85476,0.14524
117.12000,1.01193,0.86234,0.13766
117.24000,1.01194,0.87970,0.12030
117.36000,1.01194,0.97777,0.02223
117.48000,1.01193,0.96159,0.03841
117.60000,1.01194,0.99427,0.00573
117.72000,1.01194,0.98083,0.01917
117.84000,1.01194,0.99101,0.00899
117.96000,1.01194,0.99216,0.00784
118.08000,1.01193,0.99643,0.00357
118.20000,1.01194,0.99359,0.00641
118.32000,1.01194,0.96575,0.03425
118.44000,1.01193,0.94889,0.05111
118.56000,1.01194,0.88575,0.11425
118.68000,1.01194,0.91604,0.08396
118.80000,1.01193,0.59991,0.40009
118.92000,1.01194,0.74469,0.25531
119.04000,1.01194,0.83805,0.16195
119.16000,1.01193,0.92118,0.07882
119.28000,1.01194,0.82835,0.17165
119.40000,1.01193,0.94916,0.05084
119.52000,1.01194,0.94366,0.05634
119.64000,1.01194,0.98117,0.01883
119.76000,1.01193,0.94654,0.05346
119.88000,1.01194,0.94115,0.05885
120.00000,1.01194,0.97487,0.02513
120.12000,1.01193,0.91130,0.08870
120.24000,1.01194,0.95569,0.04431
120.36000,1.01194,0.75495,0.24505
120.48000,1.01193,0.90876,0.09124
120.60000,1.01194,0.83259,0.16741
120.72000,1.01194,0.95778,0.04222
120.84000,1.01194,0.96061,0.03939
120.96000,1.01194,0.98018,0.01982
121.08000,1.01193,0.98989,0.01011
121.20000,1.01194,0.98722,0.01278
121.32000,1.01194,0.99250,0.00750
121.44000,1.01193,0.98619,0.01381
121.56000,1.01194,0.98661,0.01339
121.68000,1.01194,0.98272,0.01728
121.80000,1.01193,0.96577,0.03423
121.92000,1.01194,0.97787,0.02213
122.04000,1.01194,0.98438,0.01562
122.16000,1.01193,0.97713,0.02287
122.28000,1.01194,0.97468,0.02532
122.40000,1.01193,0.98158,0.01842
122.52000,1.01194,0.97859,0.02141
122.64000,1.01194,0.99008,0.00992
122.76000,1.01193,0.99048,0.00952
122.88000,1.01194,0.99574,0.00426
123.00000,1.01194,0.99648,0.00352
123.12000,1.01193,0.99566,0.00434
123.24000,1.01194,0.99660,0.00340
123.36000,1.01194,0.99732,0.00268
123.48000,1.01193,0.99655,0.00345
123.60000,1.01194,0.99751,0.00249
123.72000,1.01194,0.99791,0.00209
123.84000,1.01194,0.99712,0.00288
123.96000,1.01194,0.99645,0.00355
124.08000,1.01193,0.99725,0.00275
124.20000,1.01194,0.99621,0.00379
124.32000,1.01194,0.99645,0.00355
124.44000,1.01193,0.99463,0.00537
124.56000,1.01194,0.99512,0.00488
124.68000,1.01194,0.99639,0.00361
124.80000,1.01193,0.99167,0.00833
124.92000,1.01194,0.99477,0.00523
125.04000,1.01194,0.97596,0.02404
125.16000,1.01193,0.97515,0.02485
125.28000,1.01194,0.95615,0.04385
125.40000,1.01193,0.92444,0.07556
125.52000,1.01194,0.88719,0.11281
125.64000,1.01194,0.94374,0.05626
125.76000,1.01193,0.91286,0.08714
125.88000,1.01194,0.94098,0.05902
126.00000,1.01194,0.96899,0.03101
126.12000,1.01193,0.96671,0.03329
126.24000,1.01194,0.96175,0.03825
126.36000,1.01194,0.96341,0.03659
126.48000,1.01193,0.96867,0.03133
126.60000,1.01194,0.98284,0.01716
126.72000,1.01194,0.97954,0.02046
126.84000,1.01194,0.99014,0.00986
126.96000,1.01194,0.98479,0.01521
127.08000,1.01193,0.99228,0.00772
127.20000,1.01195,0.99270,0.00730
127.32000,1.01194,0.99440,0.00560
127.44000,1.01193,0.99218,0.00782
127.56000,1.01193,0.99374,0.00626
127.68000,1.01194,0.99135,0.00865
127.80000,1.01193,0.99221,0.00779
127.92000,1.01193,0.99547,0.00453
128.03999,1.01195,0.99102,0.00898
128.16000,1.01193,0.99689,0.00311
128.28000,1.01193,0.99375,0.00625
128.39999,1.01195,0.99631,0.00369
128.52000,1.01193,0.99123,0.00877
128.64000,1.01193,0.99149,0.00851
128.75999,1.01195,0.99285,0.00715
128.88000,1.01193,0.98268,0.01732
129.00000,1.01193,0.97837,0.02163
129.12000,1.01195,0.92045,0.07955
129.24001,1.01193,0.90306,0.09694
129.36000,1.01193,0.96534,0.03466
129.48000,1.01195,0.94093,0.05907
129.60001,1.01193,0.95248,0.04752
129.72000,1.01193,0.97353,0.02647
129.84000,1.01195,0.98606,0.01394
129.96001,1.01193,0.98751,0.01249
130.08000,1.01193,0.99335,0.00665
130.20000,1.01195,0.99522,0.00478
130.32001,1.01193,0.99589,0.00411
130.44000,1.01193,0.99460,0.00540
130.56000,1.01193,0.99790,0.00210
130.67999,1.01195,0.99715,0.00285
130.80000,1.01193,0.99375,0.00625
130.92000,1.01193,0.99773,0.00227
131.03999,1.01195,0.99654,0.00346
131.16000,1.01193,0.99830,0.00170
131.28000,1.01193,0.99686,0.00314
131.39999,1.01195,0.99523,0.00477
131.52000,1.01193,0.99660,0.00340
131.64000,1.01193,0.99633,0.00367
131.75999,1.01195,0.99775,0.00225
131.88000,1.01193,0.99554,0.00446
132.00000,1.01193,0.99849,0.00151
132.12000,1.01195,0.99582,0.00418
132.24001,1.01193,0.99601,0.00399
132.36000,1.01193,0.99597,0.00403
132.48000,1.01195,0.99133,0.00867
132.60001,1.01193,0.99509,0.00491
132.72000,1.01193,0.99106,0.00894
132.84000,1.01195,0.98803,0.01197
132.96001,1.01193,0.98232,0.01768
133.08000,1.01193,0.98876,0.01124
133.20000,1.01195,0.99380,0.00620
133.32001,1.01193,0.99359,0.00641
133.44000,1.01193,0.99285,0.00715
133.56000,1.01193,0.99300,0.00700
133.67999,1.01195,0.99757,0.00244
133.80000,1.01193,0.99505,0.00495
133.92000,1.01193,0.99817,0.00183
134.03999,1.01195,0.99784,0.00216
134.16000,1.01193,0.99686,0.00314
134.28000,1.01193,0.99701,0.00299
134.39999,1.01195,0.99368,0.00632
134.52000,1.01193,0.99597,0.00403
134.64000,1.01193,0.98738,0.01262
134.75999,1.01195,0.99488,0.00512
134.88000,1.01193,0.98138,0.01862
135.00000,1.01193,0.99183,0.00817
135.12000,1.01195,0.97511,0.02489
135.24001,1.01193,0.99089,0.00911
135.36000,1.01193,0.99024,0.00976
135.48000,1.01195,0.98532,0.01468
135.60001,1.01193,0.98092,0.01908
135.72000,1.01193,0.97802,0.02198
135.84000,1.01195,0.98079,0.01921
135.96001,1.01193,0.90509,0.09491
136.08000,1.01193,0.90340,0.09660
136.20000,1.01195,0.89581,0.10419
136.32001,1.01193,0.97199,0.02801
136.44000,1.01193,0.91115,0.08885
136.56000,1.01193,0.97542,0.02458
136.67999,1.01195,0.94854,0.05146
136.80000,1.01193,0.98889,0.01111
136.92000,1.01193,0.96460,0.03540
137.03999,1.01195,0.98226,0.01774
137.16000,1.01193,0.93900,0.06100
137.28000,1.01193,0.98768,0.01232
137.39999,1.01195,0.95221,0.04779
137.52000,1.01193,0.94994,0.05006
137.64000,1.01193,0.94788,0.05212
137.75999,1.01195,0.97255,0.02745
137.88000,1.01193,0.95068,0.04932
138.00000,1.01193,0.95979,0.04021
138.12000,1.01195,0.93626,0.06374
138.24001,1.01193,0.93801,0.06199
138.36000,1.01193,0.90904,0.09096
138.48000,1.01195,0.87232,0.12768
138.60001,1.01193,0.91159,0.08841
138.72000,1.01193,0.85053,0.14947
138.84000,1.01195,0.80429,0.19571
138.96001,1.01193,0.85018,0.14982
139.08000,1.01193,0.72650,0.27350
139.20000,1.01195,0.77737,0.22263
139.32001,1.01193,0.82511,0.17489
139.44000,1.01193,0.89041,0.10959
139.56000,1.01193,0.78657,0.21343
139.67999,1.01195,0.89484,0.10516
139.80000,1.01193,0.84784,0.15216
139.92000,1.01193,0.90903,0.09097
140.03999,1.01195,0.89732,0.10268
140.16000,1.01193,0.86862,0.13138
140.28000,1.01193,0.85886,0.14114
140.39999,1.01195,0.87336,0.12664
140.52000,1.01193,0.86381,0.13619
140.64000,1.01193,0.88314,0.11686
140.75999,1.01195,0.91422,0.08578
140.88000,1.01193,0.91995,0.08005
141.00000,1.01193,0.81485,0.18515
141.12000,1.01195,0.88071,0.11929
141.24001,1.01193,0.88448,0.11552
141.36000,1.01193,0.90458,0.09542
141.48000,1.01195,0.80870,0.19130
141.60001,1.01193,0.81998,0.18002
141.72000,1.01193,0.88763,0.11237
141.84000,1.01195,0.87679,0.12321
141.96001,1.01193,0.95034,0.04966
142.08000,1.01193,0.94800,0.05200
142.20000,1.01195,0.95300,0.04700
142.32001,1.01193,0.86277,0.13723
142.44000,1.01193,0.80065,0.19935
142.56000,1.01193,0.79012,0.20988
142.67999,1.01195,0.60717,0.39283
142.80000,1.01193,0.77108,0.22892
142.92000,1.01193,0.60121,0.39879
143.03999,1.01195,0.69416,0.30584
143.16000,1.01193,0.81800,0.18200
143.28000,1.01193,0.89156,0.10844
143.39999,1.01195,0.87214,0.12786
143.52000,1.01193,0.94752,0.05248
143.64000,1.01193,0.92228,0.07772
143.75999,1.01195,0.90409,0.09591
143.88000,1.01193,0.93461,0.06539
144.00000,1.01193,0.92234,0.07766
144.12000,1.01195,0.93588,0.06412
144.24001,1.01193,0.94929,0.05071
144.36000,1.01193,0.94142,0.05858
144.48000,1.01195,0.93667,0.06333
144.60001,1.01193,0.91813,0.08187
144.72000,1.01193,0.94045,0.05955
144.84000,1.01195,0.95374,0.04626
144.96001,1.01193,0.94854,0.05146
145.08000,1.01193,0.95405,0.04595
145.20000,1.01195,0.92425,0.07575
145.32001,1.01193,0.98879,0.01121
145.44000,1.01193,0.95229,0.04771
145.56000,1.01193,0.95322,0.04678
145.67999,1.01195,0.94254,0.05746
145.80000,1.01193,0.82288,0.17712
145.92000,1.01193,0.43703,0.56297
146.03999,1.01195,0.86876,0.13124
146.16000,1.01193,0.40258,0.59742
146.28000,1.01193,0.46496,0.53504
146.39999,1.01195,0.45340,0.54660
146.52000,1.01193,0.51759,0.48241
146.64000,1.01193,0.55989,0.44011
146.75999,1.01195,0.78273,0.21727
146.88000,1.01193,0.62431,0.37569
147.00000,1.01193,0.68737,0.31263
147.12000,1.01195,0.26644,0.73356
147.24001,1.01193,0.26159,0.73841
147.36000,1.01193,0.26173,0.73827
147.48000,1.01195,0.29606,0.70394
147.60001,1.01193,0.32330,0.67670
147.72000,1.01193,0.40278,0.59722
147.84000,1.01195,0.38315,0.61685
147.96001,1.01193,0.33922,0.66078
148.08000,1.01193,0.46115,0.53885
148.20000,1.01195,0.15113,0.84887
148.32001,1.01193,0.36723,0.63277
148.44000,1.01193,0.39503,0.60497
148.56000,1.01193,0.22799,0.77201
148.67999,1.01195,0.12105,0.87895
148.80000,1.01193,0.07838,0.92162
148.92000,1.01193,0.08220,0.91780
149.03999,1.01195,0.26627,0.73373
149.16000,1.01193,0.16965,0.83035
149.28000,1.01193,0.14210,0.85790
149.39999,1.01195,0.08784,0.91216
149.52000,1.01193,0.17716,0.82284
149.64000,1.01193,0.16725,0.83275
149.75999,1.01195,0.33392,0.66608
149.88000,1.01193,0.32964,0.67036
150.00000,1.01193,0.31232,0.68768
150.12000,1.01195,0.41297,0.58703
150.24001,1.01193,0.45518,0.54482
150.36000,1.01193,0.28434,0.71566
150.48000,1.01195,0.44859,0.55141
150.60001,1.01193,0.35667,0.64333
150.72000,1.01193,0.38243,0.61757
150.84000,1.01195,0.46236,0.53764
150.96001,1.01193,0.34842,0.65158
151.08000,1.01193,0.31868,0.68132
151.20000,1.01195,0.28712,0.71288
151.32001,1.01193,0.20141,0.79859
151.44000,1.01193,0.16736,0.83264
151.56000,1.01193,0.07010,0.92990
151.67999,1.01195,0.07659,0.92341
151.80000,1.01193,0.03449,0.96551
151.92000,1.01193,0.02189,0.97811
152.03999,1.01195,0.05322,0.94678
152.16000,1.01193,0.03839,0.96161
152.28000,1.01193,0.02904,0.97096
152.39999,1.01195,0.04060,0.95940
152.52000,1.01193,0.03185,0.96815
152.64000,1.01193,0.04785,0.95215
152.75999,1.01195,0.02145,0.97855
152.88000,1.01193,0.05215,0.94785
153.00000,1.01193,0.05279,0.94721
153.12000,1.01195,0.08573,0.91427
153.24001,1.01193,0.12176,0.87824
153.36000,1.01193,0.20783,0.79217
153.48000,1.01195,0.14569,0.85431
153.60001,1.01193,0.19490,0.80510
153.72000,1.01193,0.31074,0.68926
153.84000,1.01195,0.14906,0.85094
153.96001,1.01193,0.15832,0.84168
154.08000,1.01193,0.23043,0.76957
154.20000,1.01195,0.12162,0.87838
154.32001,1.01193,0.19060,0.80940
154.44000,1.01193,0.27804,0.72196
154.56000,1.01193,0.33463,0.66537
154.67999,1.01195,0.39391,0.60609
154.80000,1.01193,0.45374,0.54626
154.92000,1.01193,0.37236,0.62764
155.03999,1.01195,0.25803,0.74197
155.16000,1.01193,0.27428,0.72572
155.28000,1.01193,0.29977,0.70023
155.39999,1.01195,0.33073,0.66927
155.52000,1.01193,0.24501,0.75499
155.64000,1.01193,0.34408,0.65592
155.75999,1.01195,0.33816,0.66184
155.88000,1.01193,0.31006,0.68994
156.00000,1.01193,0.38698,0.61302
156.12000,1.01195,0.27300,0.72700
156.24001,1.01193,0.48656,0.51344
156.36000,1.01193,0.21021,0.78979
156.48000,1.01195,0.17603,0.82397
156.60001,1.01193,0.13944,0.86056
156.72000,1.01193,0.32348,0.67652
156.84000,1.01195,0.14947,0.85053
156.96001,1.01193,0.14267,0.85733
157.08000,1.01193,0.20668,0.79332
157.20000,1.01195,0.14754,0.85246
157.32001,1.01193,0.24488,0.75512
157.44000,1.01193,0.15305,0.84695
157.56000,1.01193,0.32822,0.67178
157.67999,1.01195,0.30672,0.69328
157.80000,1.01193,0.34411,0.65589
157.92000,1.01193,0.20580,0.79420
158.03999,1.01195,0.33495,0.66505
158.16000,1.01193,0.24933,0.75067
158.28000,1.01193,0.18226,0.81774
158.39999,1.01195,0.17593,0.82407
158.52000,1.01193,0.22492,0.77508
158.64000,1.01193,0.26225,0.73775
158.75999,1.01195,0.23549,0.76451
158.88000,1.01193,0.33884,0.66116
159.00000,1.01193,0.37644,0.62356
159.12000,1.01195,0.17517,0.82483
159.24001,1.01193,0.19280,0.80720
159.36000,1.01193,0.06941,0.93059
159.48000,1.01195,0.15841,0.84159
159.60001,1.01193,0.04925,0.95075
159.72000,1.01193,0.07670,0.92330
159.84000,1.01195,0.05238,0.94762
159.96001,1.01193,0.06553,0.93447
160.08000,1.01193,0.04642,0.95358
160.20000,1.01195,0.07664,0.92336
160.32001,1.01193,0.04522,0.95478
160.44000,1.01193,0.03055,0.96945
160.56000,1.01193,0.04058,0.95942
160.67999,1.01195,0.02732,0.97268
160.80000,1.01193,0.03318,0.96682
160.92000,1.01193,0.04065,0.95935
161.03999,1.01195,0.10940,0.89060
161.16000,1.01193,0.08823,0.91177
161.28000,1.01193,0.12553,0.87447
161.39999,1.01195,0.07075,0.92925
161.52000,1.01193,0.08643,0.91357
161.64000,1.01193,0.14888,0.85112
161.75999,1.01195,0.14044,0.85956
161.88000,1.01193,0.07450,0.92550
162.00000,1.01193,0.03067,0.96933
162.12000,1.01195,0.05437,0.94563
162.24001,1.01193,0.05451,0.94549
162.36000,1.01193,0.03563,0.96437
162.48000,1.01195,0.04204,0.95796
162.60001,1.01193,0.04136,0.95864
162.72000,1.01193,0.04906,0.95094
162.84000,1.01195,0.07864,0.92136
162.96001,1.01193,0.06596,0.93404
163.08000,1.01193,0.02923,0.97077
163.20000,1.01195,0.05504,0.94496
163.32001,1.01193,0.05552,0.94448
163.44000,1.01193,0.04345,0.95655
163.56000,1.01193,0.05130,0.94870
163.67999,1.01195,0.03893,0.96107
163.80000,1.01193,0.09515,0.90485
163.92000,1.01193,0.10091,0.89909
164.03999,1.01195,0.06387,0.93613
164.16000,1.01193,0.11964,0.88036
164.28000,1.01193,0.11894,0.88106
164.39999,1.01195,0.11682,0.88318
164.52000,1.01193,0.19315,0.80685
164.64000,1.01193,0.06496,0.93504
164.75999,1.01195,0.08793,0.91207
164.88000,1.01193,0.22224,0.77776
165.00000,1.01193,0.07668,0.92332
165.12000,1.01195,0.04714,0.95286
165.24001,1.01193,0.05053,0.94947
165.36000,1.01193,0.03371,0.96629
165.48000,1.01195,0.03485,0.96515
165.60001,1.01193,0.03739,0.96261
165.72000,1.01193,0.00971,0.99029
165.84000,1.01195,0.03058,0.96942
165.96001,1.01193,0.03225,0.96775
166.08000,1.01193,0.08054,0.91946
166.20000,1.01195,0.08203,0.91797
166.32001,1.01193,0.03276,0.96724
166.44000,1.01193,0.03698,0.96302
166.56000,1.01193,0.03722,0.96278
166.67999,1.01195,0.02778,0.97222
166.80000,1.01193,0.02439,0.97561
166.92000,1.01193,0.01652,0.98348
167.03999,1.01195,0.05328,0.94672
167.16000,1.01193,0.03381,0.96619
167.28000,1.01193,0.03394,0.96606
167.39999,1.01195,0.02154,0.97846
167.52000,1.01193,0.03274,0.96726
167.64000,1.01193,0.03200,0.96800
167.75999,1.01195,0.03938,0.96062
167.88000,1.01193,0.04433,0.95567
168.00000,1.01193,0.02853,0.97147
168.12000,1.01195,0.06513,0.93487
168.24001,1.01193,0.10277,0.89723
168.36000,1.01193,0.04850,0.95150
168.48000,1.01195,0.07457,0.92543
168.60001,1.01193,0.04903,0.95097
168.72000,1.01193,0.02409,0.97591
168.84000,1.01195,0.07189,0.92811
168.96001,1.01193,0.01348,0.98652
169.08000,1.01193,0.05259,0.94741
169.20000,1.01195,0.06582,0.93418
169.32001,1.01193,0.06028,0.93972
169.44000,1.01193,0.05644,0.94356
169.56000,1.01193,0.12757,0.87243
169.67999,1.01195,0.22372,0.77628
169.80000,1.01193,0.15063,0.84937
169.92000,1.01193,0.44281,0.55719
170.03999,1.01195,0.11341,0.88659
170.16000,1.01193,0.10975,0.89025
170.28000,1.01193,0.22238,0.77762
170.39999,1.01195,0.04842,0.95158
170.52000,1.01193,0.10598,0.89402
170.64000,1.01193,0.03906,0.96094
170.75999,1.01195,0.12935,0.87065
170.88000,1.01193,0.07932,0.92068
171.00000,1.01193,0.24884,0.75116
171.12000,1.01195,0.09687,0.90313
171.24001,1.01193,0.28218,0.71782
171.36000,1.01193,0.22938,0.77062
171.48000,1.01195,0.17775,0.82225
171.60001,1.01193,0.15882,0.84118
171.72000,1.01193,0.08220,0.91780
171.84000,1.01195,0.20146,0.79854
171.96001,1.01193,0.12736,0.87264
172.08000,1.01193,0.21069,0.78931
172.20000,1.01195,0.14631,0.85369
172.32001,1.01193,0.16118,0.83882
172.44000,1.01193,0.18499,0.81501
172.56000,1.01193,0.20938,0.79062
172.67999,1.01195,0.11062,0.88938
172.80000,1.01193,0.05771,0.94229
172.92000,1.01193,0.05701,0.94299
173.03999,1.01195,0.08629,0.91371
173.16000,1.01193,0.08586,0.91414
173.28000,1.01193,0.10824,0.89176
173.39999,1.01195,0.04828,0.95172
173.52000,1.01193,0.13830,0.86170
173.64000,1.01193,0.06143,0.93857
173.75999,1.01195,0.26656,0.73344
173.88000,1.01193,0.07135,0.92865
174.00000,1.01193,0.13720,0.86280
174.12000,1.01195,0.30445,0.69555
174.24001,1.01193,0.19103,0.80897
174.36000,1.01193,0.34784,0.65216
174.48000,1.01195,0.05107,0.94893
174.60001,1.01193,0.31820,0.68180
174.72000,1.01193,0.17067,0.82933
174.84000,1.01195,0.11636,0.88364
174.96001,1.01193,0.08094,0.91906
175.08000,1.01193,0.08145,0.91855
175.20000,1.01195,0.02961,0.97039
175.32001,1.01193,0.02154,0.97846
175.44000,1.01193,0.01541,0.98459
175.56000,1.01193,0.01073,0.98927
175.67999,1.01195,0.01090,0.98910
175.80000,1.01193,0.01349,0.98651
175.92000,1.01193,0.01530,0.98470
176.03999,1.01195,0.03697,0.96303
176.16000,1.01193,0.02183,0.97817
176.28000,1.01193,0.02527,0.97473
176.39999,1.01195,0.02213,0.97787
176.52000,1.01193,0.02836,0.97164
176.64000,1.01193,0.01921,0.98079
176.75999,1.01195,0.03867,0.96133
176.88000,1.01193,0.02706,0.97294
177.00000,1.01193,0.08525,0.91475
177.12000,1.01195,0.16388,0.83612
177.24001,1.01193,0.20665,0.79335
177.36000,1.01193,0.28130,0.71870
177.48000,1.01195,0.68605,0.31395
177.60001,1.01193,0.52013,0.47987
177.72000,1.01193,0.59446,0.40554
177.84000,1.01195,0.51018,0.48982
177.96001,1.01193,0.71806,0.28194
178.08000,1.01193,0.73524,0.26476
178.20000,1.01195,0.80685,0.19315
178.32001,1.01193,0.85448,0.14552
178.44000,1.01193,0.88270,0.11730
178.56000,1.01193,0.82888,0.17112
178.67999,1.01195,0.63769,0.36231
178.80000,1.01193,0.68215,0.31785
178.92000,1.01193,0.44271,0.55729
179.03999,1.01195,0.33811,0.66189
179.16000,1.01193,0.05106,0.94894
179.28000,1.01193,0.47152,0.52848
179.39999,1.01195,0.02801,0.97199
179.52000,1.01193,0.13202,0.86798
179.64000,1.01193,0.10718,0.89282
179.75999,1.01195,0.13494,0.86506
179.88000,1.01193,0.06605,0.93395
180.00000,1.01193,0.05550,0.94450
180.12000,1.01195,0.09453,0.90547
180.24001,1.01193,0.14725,0.85275
180.36000,1.01193,0.15632,0.84368
180.48000,1.01195,0.31914,0.68086
180.60001,1.01193,0.36852,0.63148
180.72000,1.01193,0.42884,0.57116
180.84000,1.01195,0.22439,0.77561
180.96001,1.01193,0.68865,0.31135
181.08000,1.01193,0.27023,0.72977
181.20000,1.01195,0.40770,0.59230
181.32001,1.01193,0.16370,0.83630
181.44000,1.01193,0.31290,0.68710
181.56000,1.01193,0.31131,0.68869
181.67999,1.01195,0.50537,0.49463
181.80000,1.01193,0.50387,0.49613
181.92000,1.01193,0.83957,0.16043
182.03999,1.01195,0.54957,0.45043
182.16000,1.01193,0.89581,0.10419
182.28000,1.01193,0.93425,0.06575
182.39999,1.01195,0.84808,0.15192
182.52000,1.01193,0.89679,0.10321
182.64000,1.01193,0.79774,0.20226
182.75999,1.01195,0.90747,0.09253
182.88000,1.01193,0.80339,0.19661
183.00000,1.01193,0.85685,0.14315
183.12000,1.01195,0.74708,0.25292
183.24001,1.01193,0.87578,0.12422
183.36000,1.01193,0.92929,0.07071
183.48000,1.01195,0.89900,0.10100
183.60001,1.01193,0.89550,0.10450
183.72000,1.01193,0.95688,0.04312
183.84000,1.01195,0.92000,0.08000
183.96001,1.01193,0.92328,0.07672
184.08000,1.01193,0.85118,0.14882
184.20000,1.01195,0.82684,0.17316
184.32001,1.01193,0.60731,0.39269
184.44000,1.01193,0.60573,0.39427
184.56000,1.01193,0.74094,0.25906
184.67999,1.01195,0.81064,0.18936
184.80000,1.01193,0.75546,0.24454
184.92000,1.01193,0.67586,0.32414
185.03999,1.01195,0.75915,0.24085
185.16000,1.01193,0.92747,0.07253
185.28000,1.01193,0.82821,0.17179
185.39999,1.01195,0.88823,0.11177
185.52000,1.01193,0.85644,0.14356
185.64000,1.01193,0.87867,0.12133
185.75999,1.01195,0.95630,0.04370
185.88000,1.01193,0.88056,0.11944
186.00000,1.01193,0.92362,0.07638
186.12000,1.01195,0.86557,0.13443
186.24001,1.01193,0.92400,0.07600
186.36000,1.01193,0.90228,0.09772
186.48000,1.01195,0.84752,0.15248
186.60001,1.01193,0.77234,0.22766
186.72000,1.01193,0.86611,0.13389
186.84000,1.01195,0.88649,0.11351
186.96001,1.01193,0.83578,0.16422
187.08000,1.01193,0.78728,0.21272
187.20000,1.01195,0.75150,0.24850
187.32001,1.01193,0.84718,0.15282
187.44000,1.01193,0.76794,0.23206
187.56000,1.01193,0.83955,0.16045
187.67999,1.01195,0.81924,0.18076
187.80000,1.01193,0.79874,0.20126
187.92000,1.01193,0.86225,0.13775
188.03999,1.01195,0.93582,0.06418
188.16000,1.01193,0.94593,0.05407
188.28000,1.01193,0.88267,0.11733
188.39999,1.01195,0.93829,0.06171
188.52000,1.01193,0.88254,0.11746
188.64000,1.01193,0.85814,0.14186
188.75999,1.01195,0.91431,0.08569
188.88000,1.01193,0.83625,0.16375
189.00000,1.01193,0.78737,0.21263
189.12000,1.01195,0.67974,0.32026
189.24001,1.01193,0.73529,0.26471
189.36000,1.01193,0.52009,0.47991
189.48000,1.01195,0.61723,0.38277
189.60001,1.01193,0.30766,0.69234
189.72000,1.01193,0.54551,0.45449
189.84000,1.01195,0.40601,0.59399
189.96001,1.01193,0.48779,0.51221
190.08000,1.01193,0.39536,0.60464
190.20000,1.01195,0.56331,0.43669
190.32001,1.01193,0.48262,0.51738
190.44000,1.01193,0.49188,0.50812
190.56000,1.01193,0.48829,0.51171
190.67999,1.01195,0.65731,0.34269
190.80000,1.01193,0.65675,0.34325
190.92000,1.01193,0.76766,0.23234
191.03999,1.01195,0.70643,0.29357
191.16000,1.01193,0.79346,0.20654
191.28000,1.01193,0.72080,0.27920
191.39999,1.01195,0.70968,0.29032
191.52000,1.01193,0.57704,0.42296
191.64000,1.01193,0.57526,0.42474
191.75999,1.01195,0.79120,0.20880
191.88000,1.01193,0.73626,0.26374
192.00000,1.01193,0.85697,0.14303
192.12000,1.01195,0.95057,0.04943
192.24001,1.01193,0.96384,0.03616
192.36000,1.01193,0.97747,0.02253
192.48000,1.01195,0.93751,0.06249
192.60001,1.01193,0.98101,0.01899
192.72000,1.01193,0.97848,0.02152
192.84000,1.01195,0.97655,0.02345
192.96001,1.01193,0.97481,0.02519
193.08000,1.01193,0.97814,0.02186
193.20000,1.01195,0.96698,0.03302
193.32001,1.01193,0.97257,0.02743
193.44000,1.01193,0.91140,0.08860
193.56000,1.01193,0.94812,0.05188
193.67999,1.01195,0.94027,0.05973
193.80000,1.01193,0.95548,0.04452
193.92000,1.01193,0.95069,0.04931
194.03999,1.01195,0.90532,0.09468
194.16000,1.01193,0.84876,0.15124
194.28000,1.01193,0.87816,0.12184
194.39999,1.01195,0.87462,0.12538
194.52000,1.01193,0.83167,0.16833
194.64000,1.01193,0.72724,0.27276
194.75999,1.01195,0.88934,0.11066
194.88000,1.01193,0.82538,0.17462
195.00000,1.01193,0.95679,0.04321
195.12000,1.01195,0.93021,0.06979
195.24001,1.01193,0.88141,0.11859
195.36000,1.01193,0.96739,0.03261
195.48000,1.01195,0.97771,0.02229
195.60001,1.01193,0.98694,0.01306
195.72000,1.01193,0.97715,0.02285
195.84000,1.01195,0.99048,0.00952
195.96001,1.01193,0.97916,0.02084
196.08000,1.01193,0.98828,0.01172
196.20000,1.01195,0.96997,0.03003
196.32001,1.01193,0.99148,0.00852
196.44000,1.01193,0.95954,0.04046
196.56000,1.01193,0.97774,0.02226
196.67999,1.01195,0.97734,0.02266
196.80000,1.01193,0.98852,0.01148
196.92000,1.01193,0.95467,0.04533
197.03999,1.01195,0.98093,0.01907
197.16000,1.01193,0.96315,0.03685
197.28000,1.01193,0.98073,0.01927
197.39999,1.01195,0.93715,0.06285
197.52000,1.01193,0.92022,0.07978
197.64000,1.01193,0.96194,0.03806
197.75999,1.01195,0.97412,0.02588
197.88000,1.01193,0.99052,0.00948
198.00000,1.01193,0.96655,0.03345
198.12000,1.01195,0.97724,0.02276
198.24001,1.01193,0.99146,0.00854
198.36000,1.01193,0.98789,0.01211
198.48000,1.01195,0.97736,0.02264
198.60001,1.01193,0.96456,0.03544
198.72000,1.01193,0.94097,0.05903
198.84000,1.01195,0.92687,0.07313
198.96001,1.01193,0.92639,0.07361
199.08000,1.01193,0.97315,0.02685
199.20000,1.01195,0.89337,0.10663
199.32001,1.01193,0.93049,0.06951
199.44000,1.01193,0.97346,0.02654
199.56000,1.01193,0.98348,0.01652
199.67999,1.01195,0.98895,0.01105
199.80000,1.01193,0.98863,0.01137
199.92000,1.01193,0.99573,0.00427
200.03999,1.01195,0.98535,0.01465
200.16000,1.01193,0.99721,0.00279
200.28000,1.01193,0.98831,0.01169
200.39999,1.01195,0.99505,0.00495
200.52000,1.01193,0.99530,0.00470
200.64000,1.01193,0.99797,0.00203
200.75999,1.01195,0.99783,0.00217
200.88000,1.01193,0.99628,0.00372
201.00000,1.01193,0.99408,0.00592
201.12000,1.01195,0.99429,0.00571
201.24001,1.01193,0.99474,0.00526
201.36000,1.01193,0.99174,0.00826
201.48000,1.01195,0.99448,0.00552
201.60001,1.01193,0.95224,0.04776
201.72000,1.01193,0.93826,0.06174
201.84000,1.01195,0.95492,0.04508
201.96001,1.01193,0.96356,0.03644
202.08000,1.01193,0.94827,0.05173
202.20000,1.01195,0.98974,0.01026
202.32001,1.01193,0.99138,0.00862
202.44000,1.01193,0.99549,0.00451
202.56000,1.01193,0.99144,0.00856
202.67999,1.01195,0.99231,0.00769
202.80000,1.01193,0.99516,0.00484
202.92000,1.01193,0.99015,0.00985
203.03999,1.01195,0.98119,0.01881
203.16000,1.01193,0.96130,0.03870
203.28000,1.01193,0.97476,0.02524
203.39999,1.01195,0.98588,0.01412
203.52000,1.01193,0.97941,0.02059
203.64000,1.01193,0.99294,0.00706
203.75999,1.01195,0.98881,0.01119
203.88000,1.01193,0.99048,0.00952
204.00000,1.01193,0.97808,0.02192
204.12000,1.01195,0.95493,0.04507
204.24001,1.01193,0.85022,0.14978
204.36000,1.01193,0.75882,0.24118
204.48000,1.01195,0.66948,0.33052
204.60001,1.01193,0.94447,0.05553
204.72000,1.01193,0.64506,0.35494
204.84000,1.01195,0.93557,0.06443
204.96001,1.01193,0.93869,0.06131
205.08000,1.01193,0.99310,0.00690
205.20000,1.01195,0.98180,0.01820
205.32001,1.01193,0.99320,0.00680
205.44000,1.01193,0.99326,0.00674
205.56000,1.01193,0.99660,0.00340
205.67999,1.01195,0.99662,0.00338
205.80000,1.01193,0.99194,0.00806
205.92000,1.01193,0.98887,0.01113
206.03999,1.01195,0.98905,0.01095
206.16000,1.01193,0.98995,0.01005
206.28000,1.01193,0.98473,0.01527
206.39999,1.01195,0.97019,0.02981
206.52000,1.01193,0.97310,0.02690
206.64000,1.01193,0.98177,0.01823
206.75999,1.01195,0.96945,0.03055
206.88000,1.01193,0.96417,0.03583
207.00000,1.01193,0.95403,0.04597
207.12000,1.01195,0.95463,0.04537
207.24001,1.01193,0.94606,0.05394
207.36000,1.01193,0.90527,0.09473
207.48000,1.01195,0.88769,0.11231
207.60001,1.01193,0.84875,0.15125
207.72000,1.01193,0.95511,0.04489
207.84000,1.01195,0.95209,0.04791
207.96001,1.01193,0.98628,0.01372
208.08000,1.01193,0.97166,0.02834
208.20000,1.01195,0.98538,0.01462
208.32001,1.01193,0.92441,0.07559
208.44000,1.01193,0.98685,0.01315
208.56000,1.01193,0.95875,0.04125
208.67999,1.01195,0.91490,0.08510
208.80000,1.01193,0.96426,0.03574
208.92000,1.01193,0.93382,0.06618
209.03999,1.01195,0.98287,0.01713
209.16000,1.01193,0.95855,0.04145
209.28000,1.01193,0.98211,0.01789
209.39999,1.01195,0.97502,0.02498
209.52000,1.01193,0.97196,0.02804
209.64000,1.01193,0.97818,0.02182
209.75999,1.01195,0.94899,0.05101
209.88000,1.01193,0.97091,0.02909
210.00000,1.01193,0.97063,0.02937
210.12000,1.01195,0.91534,0.08466
210.24001,1.01193,0.96185,0.03815
210.36000,1.01193,0.95060,0.04940
210.48000,1.01195,0.89304,0.10696
210.60001,1.01193,0.96238,0.03762
210.72000,1.01193,0.93244,0.06756
210.84000,1.01195,0.91186,0.08814
210.96001,1.01193,0.90501,0.09499
211.08000,1.01193,0.83053,0.16947
211.20000,1.01195,0.88525,0.11475
211.32001,1.01193,0.92561,0.07439
211.44000,1.01193,0.97245,0.02755
211.56000,1.01193,0.95978,0.04022
211.67999,1.01195,0.96323,0.03677
211.80000,1.01193,0.95779,0.04221
211.92000,1.01193,0.77098,0.22902
212.03999,1.01195,0.86656,0.13344
212.16000,1.01193,0.82019,0.17981
212.28000,1.01193,0.94752,0.05248
212.39999,1.01195,0.96535,0.03465
212.52000,1.01193,0.98645,0.01355
212.64000,1.01193,0.99433,0.00567
212.75999,1.01195,0.99735,0.00265
212.88000,1.01193,0.99087,0.00913
213.00000,1.01193,0.99647,0.00353
213.12000,1.01195,0.99376,0.00624
213.24001,1.01193,0.99482,0.00518
213.36000,1.01193,0.99026,0.00974
213.48000,1.01195,0.99317,0.00683
213.60001,1.01193,0.99406,0.00594
213.72000,1.01193,0.99789,0.00211
213.84000,1.01195,0.99789,0.00211
213.96001,1.01193,0.99698,0.00302
214.08000,1.01193,0.99781,0.00219
214.20000,1.01195,0.99648,0.00352
214.32001,1.01193,0.98882,0.01118
214.44000,1.01193,0.99276,0.00724
214.56000,1.01193,0.94133,0.05867
214.67999,1.01195,0.97690,0.02310
214.80000,1.01193,0.97771,0.02229
214.92000,1.01193,0.97990,0.02010
215.03999,1.01195,0.97249,0.02751
215.16000,1.01193,0.98466,0.01534
215.28000,1.01193,0.95780,0.04220
215.39999,1.01195,0.95592,0.04408
215.52000,1.01193,0.94074,0.05926
215.64000,1.01193,0.95010,0.04990
215.75999,1.01195,0.95041,0.04959
215.88000,1.01193,0.95887,0.04113
216.00000,1.01193,0.98203,0.01797
216.12000,1.01195,0.98974,0.01026
216.24001,1.01193,0.98632,0.01368
216.36000,1.01193,0.97579,0.02421
216.48000,1.01195,0.96064,0.03936
216.60001,1.01193,0.99225,0.00775
216.72000,1.01193,0.95815,0.04185
216.84000,1.01195,0.96871,0.03129
216.96001,1.01193,0.97575,0.02425
217.08000,1.01193,0.89694,0.10306
217.20000,1.01195,0.99089,0.00911
217.32001,1.01193,0.96763,0.03237
217.44000,1.01193,0.99712,0.00288
217.56000,1.01193,0.98800,0.01200
217.67999,1.01195,0.99401,0.00599
217.80000,1.01193,0.96362,0.03638
217.92000,1.01193,0.97440,0.02560
218.03999,1.01195,0.88197,0.11803
218.16000,1.01193,0.94124,0.05876
218.28000,1.01193,0.83372,0.16628
218.39999,1.01195,0.80127,0.19873
218.52000,1.01193,0.89648,0.10352
218.64000,1.01193,0.90212,0.09788
218.75999,1.01195,0.90074,0.09926
218.88000,1.01193,0.96733,0.03267
219.00000,1.01193,0.98693,0.01307
219.12000,1.01195,0.97294,0.02706
219.24001,1.01193,0.97968,0.02032
219.36000,1.01193,0.95908,0.04092
219.48000,1.01195,0.96282,0.03718
219.60001,1.01193,0.99201,0.00799
219.72000,1.01193,0.99321,0.00679
219.84000,1.01195,0.98979,0.01021
219.96001,1.01193,0.99485,0.00515
220.08000,1.01193,0.98375,0.01625
220.20000,1.01195,0.98793,0.01207
220.32001,1.01193,0.83248,0.16752
220.44000,1.01193,0.78572,0.21428
220.56000,1.01193,0.88389,0.11611
220.67999,1.01195,0.91589,0.08411
220.80000,1.01193,0.94597,0.05403
220.92000,1.01193,0.66203,0.33797
221.03999,1.01195,0.94082,0.05918
221.16000,1.01193,0.87858,0.12142
221.28000,1.01193,0.90208,0.09792
221.39999,1.01195,0.80495,0.19505
221.52000,1.01193,0.94974,0.05026
221.64000,1.01193,0.91508,0.08492
221.75999,1.01195,0.98033,0.01967
221.88000,1.01193,0.96649,0.03351
222.00000,1.01193,0.98506,0.01494
222.12000,1.01195,0.97125,0.02875
222.24001,1.01193,0.96931,0.03069
222.36000,1.01193,0.96499,0.03501
222.48000,1.01195,0.95254,0.04746
222.60001,1.01193,0.97551,0.02449
222.72000,1.01193,0.94455,0.05545
222.84000,1.01195,0.98208,0.01792
222.96001,1.01193,0.92895,0.07105
223.08000,1.01193,0.97915,0.02085
223.20000,1.01195,0.91360,0.08640
223.32001,1.01193,0.87926,0.12074
223.44000,1.01193,0.96463,0.03537
223.56000,1.01193,0.93195,0.06805
223.67999,1.01195,0.96219,0.03781
223.80000,1.01193,0.90580,0.09420
223.92000,1.01193,0.92964,0.07036
224.03999,1.01195,0.56056,0.43944
224.16000,1.01193,0.77091,0.22909
224.28000,1.01193,0.65145,0.34855
224.39999,1.01195,0.85416,0.14584
224.52000,1.01193,0.88176,0.11824
224.64000,1.01193,0.92657,0.07343
224.75999,1.01195,0.93978,0.06022
224.88000,1.01193,0.98664,0.01336
225.00000,1.01193,0.99463,0.00537
225.12000,1.01195,0.99659,0.00341
225.24001,1.01193,0.98816,0.01184
225.36000,1.01193,0.99289,0.00711
225.48000,1.01195,0.99131,0.00869
225.60001,1.01193,0.98151,0.01849
225.72000,1.01193,0.98433,0.01567
225.84000,1.01195,0.98118,0.01882
225.96001,1.01193,0.97877,0.02123
226.08000,1.01193,0.98808,0.01192
226.20000,1.01195,0.97040,0.02960
226.32001,1.01193,0.99001,0.00999
226.44000,1.01193,0.97247,0.02753
226.56000,1.01193,0.99285,0.00715
226.67999,1.01195,0.98166,0.01834
226.80000,1.01193,0.99191,0.00809
226.92000,1.01193,0.98894,0.01106
227.03999,1.01195,0.99529,0.00471
227.16000,1.01193,0.99736,0.00264
227.28000,1.01193,0.99792,0.00208
227.39999,1.01195,0.99338,0.00662
227.52000,1.01193,0.99596,0.00404
227.64000,1.01193,0.99315,0.00685
227.75999,1.01195,0.97376,0.02624
227.88000,1.01193,0.98293,0.01707
228.00000,1.01193,0.97675,0.02325
228.12000,1.01195,0.98325,0.01675
228.24001,1.01193,0.89415,0.10585
228.36000,1.01193,0.93499,0.06501
228.48000,1.01195,0.81566,0.18434
228.60001,1.01193,0.81886,0.18114
228.72000,1.01193,0.61250,0.38750
228.84000,1.01195,0.53600,0.46400
228.96001,1.01193,0.57134,0.42866
229.08000,1.01193,0.77432,0.22568
229.20000,1.01195,0.86807,0.13193
229.32001,1.01193,0.58681,0.41319
229.44000,1.01193,0.62901,0.37099
229.56000,1.01193,0.81710,0.18290
229.67999,1.01195,0.93979,0.06021
229.80000,1.01193,0.91014,0.08986
229.92000,1.01193,0.88302,0.11698
230.03999,1.01195,0.92406,0.07594
230.16000,1.01193,0.86063,0.13937
230.28000,1.01193,0.91853,0.08147
230.39999,1.01195,0.86662,0.13338
230.52000,1.01193,0.90609,0.09391
230.64000,1.01193,0.83217,0.16783
230.75999,1.01195,0.87414,0.12586
230.88000,1.01193,0.83366,0.16634
231.00000,1.01193,0.93999,0.06001
231.12000,1.01195,0.85782,0.14218
231.24001,1.01193,0.94716,0.05284
231.36000,1.01193,0.87005,0.12995
231.48000,1.01195,0.95538,0.04462
231.60001,1.01193,0.89478,0.10522
231.72000,1.01193,0.89996,0.10004
231.84000,1.01195,0.78771,0.21229
231.96001,1.01193,0.94478,0.05522
232.08000,1.01193,0.90233,0.09767
232.20000,1.01195,0.92094,0.07906
232.32001,1.01193,0.83071,0.16929
232.44000,1.01193,0.93950,0.06050
232.56000,1.01193,0.97815,0.02185
232.67999,1.01195,0.92394,0.07606
232.80000,1.01193,0.87900,0.12100
232.92000,1.01193,0.95004,0.04996
233.03999,1.01195,0.89322,0.10678
233.16000,1.01193,0.83328,0.16672
233.28000,1.01193,0.82448,0.17552
233.39999,1.01195,0.76182,0.23818
233.52000,1.01193,0.82326,0.17674
233.64000,1.01193,0.70464,0.29536
233.75999,1.01195,0.80182,0.19818
233.88000,1.01193,0.87877,0.12123
234.00000,1.01193,0.94417,0.05583
234.12000,1.01195,0.91657,0.08343
234.24001,1.01193,0.95586,0.04414
234.36000,1.01193,0.90778,0.09222
234.48000,1.01195,0.93302,0.06698
234.60001,1.01193,0.88595,0.11405
234.72000,1.01193,0.87847,0.12153
234.84000,1.01195,0.79807,0.20193
234.96001,1.01193,0.76220,0.23780
235.08000,1.01193,0.75617,0.24383
235.20000,1.01195,0.83512,0.16488
235.32001,1.01193,0.70309,0.29691
235.44000,1.01193,0.77899,0.22101
235.56000,1.01193,0.88601,0.11399
235.67999,1.01195,0.87109,0.12891
235.80000,1.01193,0.91153,0.08847
235.92000,1.01193,0.93325,0.06675
236.03999,1.01195,0.94283,0.05717
236.16000,1.01193,0.95589,0.04411
236.28000,1.01193,0.91847,0.08153
236.39999,1.01195,0.92387,0.07613
236.52000,1.01193,0.94144,0.05856
236.64000,1.01193,0.89884,0.10116
236.75999,1.01195,0.87151,0.12849
236.88000,1.01193,0.83159,0.16841
237.00000,1.01193,0.93519,0.06481
237.12000,1.01195,0.82992,0.17008
237.24001,1.01193,0.90475,0.09525
237.36000,1.01193,0.82813,0.17187
237.48000,1.01195,0.88258,0.11742
237.60001,1.01193,0.88633,0.11367
237.72000,1.01193,0.87010,0.12990
237.84000,1.01195,0.92098,0.07902
237.96001,1.01193,0.88053,0.11947
238.08000,1.01193,0.92091,0.07909
238.20000,1.01195,0.87084,0.12916
238.32001,1.01193,0.93616,0.06384
238.44000,1.01193,0.95300,0.04700
238.56000,1.01193,0.94811,0.05189
238.67999,1.01195,0.92748,0.07252
238.80000,1.01193,0.90901,0.09099
238.92000,1.01193,0.97861,0.02139
239.03999,1.01195,0.93656,0.06344
239.16000,1.01193,0.97720,0.02280
239.28000,1.01193,0.95338,0.04662
239.39999,1.01195,0.95382,0.04618
239.52000,1.01193,0.94103,0.05897
239.64000,1.01193,0.94965,0.05035
239.75999,1.01195,0.90873,0.09127
239.88000,1.01193,0.97169,0.02831
240.00000,1.01193,0.91266,0.08734
240.12000,1.01195,0.97441,0.02559
240.24001,1.01193,0.96620,0.03380
240.36000,1.01193,0.97596,0.02404
240.48000,1.01195,0.98151,0.01849
240.60001,1.01193,0.93764,0.06236
240.72000,1.01193,0.98401,0.01599
240.84000,1.01195,0.92657,0.07343
240.96001,1.01193,0.95293,0.04707
241.08000,1.01193,0.87108,0.12892
241.20000,1.01195,0.94456,0.05544
241.32001,1.01193,0.90877,0.09123
241.44000,1.01193,0.95429,0.04571
241.56000,1.01193,0.91261,0.08739
241.67999,1.01195,0.89151,0.10849
241.80000,1.01193,0.92615,0.07385
241.92000,1.01193,0.89548,0.10452
242.03999,1.01195,0.93737,0.06263
242.16000,1.01193,0.91716,0.08284
242.28000,1.01193,0.86141,0.13859
242.39999,1.01195,0.97311,0.02689
242.52000,1.01193,0.91809,0.08191
242.64000,1.01193,0.93644,0.06356
242.75999,1.01195,0.95467,0.04533
242.88000,1.01193,0.96411,0.03589
243.00000,1.01193,0.92638,0.07362
243.12000,1.01195,0.95361,0.04639
243.24001,1.01193,0.90846,0.09155
243.36000,1.01193,0.94570,0.05430
243.48000,1.01195,0.90999,0.09001
243.60001,1.01193,0.92845,0.07155
243.72000,1.01193,0.93179,0.06821
243.84000,1.01195,0.93971,0.06029
243.96001,1.01193,0.94145,0.05855
244.08000,1.01193,0.96513,0.03487
244.20000,1.01195,0.90289,0.09711
244.32001,1.01193,0.94956,0.05044
244.44000,1.01193,0.91373,0.08627
244.56000,1.01193,0.96456,0.03544
244.67999,1.01195,0.94480,0.05520
244.80000,1.01193,0.95781,0.04219
244.92000,1.01193,0.89296,0.10704
245.03999,1.01195,0.96026,0.03974
245.16000,1.01193,0.85888,0.14112
245.28000,1.01193,0.95923,0.04077
245.39999,1.01195,0.94824,0.05176
245.52000,1.01193,0.94895,0.05105
245.64000,1.01193,0.91212,0.08788
245.75999,1.01195,0.97338,0.02662
245.88000,1.01193,0.95277,0.04723
246.00000,1.01193,0.95960,0.04040
246.12000,1.01195,0.97146,0.02854
246.24001,1.01193,0.97042,0.02958
246.36000,1.01193,0.98067,0.01933
246.48000,1.01195,0.97799,0.02201
246.60001,1.01193,0.94291,0.05709
246.72000,1.01193,0.95519,0.04481
246.84000,1.01195,0.96993,0.03007
246.96001,1.01193,0.91485,0.08515
247.08000,1.01193,0.94241,0.05759
247.20000,1.01195,0.96472,0.03528
247.32001,1.01193,0.95916,0.04084
247.44000,1.01193,0.95490,0.04510
247.56000,1.01193,0.97275,0.02725
247.67999,1.01195,0.96959,0.03041
247.80000,1.01193,0.95773,0.04227
247.92000,1.01193,0.93916,0.06084
248.03999,1.01195,0.92143,0.07857
248.16000,1.01193,0.95812,0.04188
248.28000,1.01193,0.93283,0.06717
248.39999,1.01195,0.96638,0.03362
248.52000,1.01193,0.95539,0.04461
248.64000,1.01193,0.93603,0.06397
248.75999,1.01195,0.96499,0.03501
248.88000,1.01193,0.97030,0.02970
249.00000,1.01193,0.95763,0.04237
249.12000,1.01195,0.94534,0.05466
249.24001,1.01193,0.97197,0.02803
249.36000,1.01193,0.94974,0.05026
249.48000,1.01195,0.93308,0.06692
249.60001,1.01193,0.93700,0.06300
249.72000,1.01193,0.86480,0.13520
249.84000,1.01195,0.91467,0.08533
249.96001,1.01193,0.92499,0.07501
250.08000,1.01193,0.92698,0.07302
250.20000,1.01195,0.94026,0.05974
250.32001,1.01193,0.79348,0.20652
250.44000,1.01193,0.90453,0.09547
250.56000,1.01193,0.83865,0.16135
250.67999,1.01195,0.83577,0.16423
250.80000,1.01193,0.88453,0.11547
250.92000,1.01193,0.86295,0.13705
251.03999,1.01195,0.96265,0.03735
251.16000,1.01193,0.86372,0.13628
251.28000,1.01193,0.94166,0.05834
251.39999,1.01195,0.91526,0.08474
251.52000,1.01193,0.93012,0.06988
251.64000,1.01193,0.94179,0.05821
251.75999,1.01195,0.94966,0.05034
251.88000,1.01193,0.90801,0.09199
252.00000,1.01193,0.92812,0.07188
252.12000,1.01195,0.87242,0.12758
252.24001,1.01193,0.96895,0.03105
252.36000,1.01193,0.89392,0.10608
252.48000,1.01195,0.95030,0.04970
252.60001,1.01193,0.90592,0.09409
252.72000,1.01193,0.95356,0.04644
252.84000,1.01195,0.91753,0.08247
252.96001,1.01193,0.89036,0.10964
253.08000,1.01193,0.91196,0.08804
253.20000,1.01195,0.95236,0.04764
253.32001,1.01193,0.94456,0.05544
253.44000,1.01193,0.97005,0.02995
253.56000,1.01193,0.94451,0.05549
253.67999,1.01195,0.96248,0.03752
253.80000,1.01193,0.94005,0.05995
253.92000,1.01193,0.95674,0.04326
254.03999,1.01195,0.93157,0.06843
254.16000,1.01193,0.87418,0.12582
254.28000,1.01193,0.93418,0.06582
254.39999,1.01195,0.90833,0.09167
254.52000,1.01193,0.96366,0.03634
254.64000,1.01193,0.95674,0.04326
254.75999,1.01195,0.90680,0.09320
254.88000,1.01193,0.96067,0.03933
255.00000,1.01193,0.95855,0.04145
255.12000,1.01193,0.96606,0.03394
255.24001,1.01192,0.94761,0.05239
255.36000,1.01195,0.95451,0.04549
255.48000,1.01195,0.92881,0.07119
255.60001,1.01193,0.94136,0.05864
255.72000,1.01193,0.94457,0.05543
255.84000,1.01193,0.95818,0.04182
255.96001,1.01192,0.93166,0.06834
256.07999,1.01196,0.96683,0.03317
256.20001,1.01193,0.92543,0.07457
256.32001,1.01193,0.96813,0.03187
256.44000,1.01193,0.95971,0.04029
256.56000,1.01193,0.98209,0.01791
256.67999,1.01193,0.95577,0.04423
256.79999,1.01196,0.96562,0.03438
256.92001,1.01193,0.92840,0.07160
257.04001,1.01193,0.93180,0.06820
257.16000,1.01193,0.94469,0.05531
257.28000,1.01193,0.91256,0.08744
257.39999,1.01193,0.91286,0.08714
257.51999,1.01196,0.91099,0.08901
257.64001,1.01193,0.89171,0.10829
257.76001,1.01193,0.93358,0.06642
257.88000,1.01193,0.82931,0.17069
258.00000,1.01193,0.92901,0.07099
258.12000,1.01193,0.88092,0.11908
258.23999,1.01193,0.89240,0.10760
258.35999,1.01196,0.90569,0.09431
258.48001,1.01193,0.94888,0.05112
258.60001,1.01193,0.95597,0.04403
258.72000,1.01193,0.95191,0.04809
258.84000,1.01193,0.96655,0.03345
258.95999,1.01193,0.95759,0.04241
259.07999,1.01196,0.96648,0.03352
259.20001,1.01193,0.94426,0.05574
259.32001,1.01193,0.97287,0.02713
259.44000,1.01193,0.98097,0.01903
259.56000,1.01193,0.96744,0.03256
259.67999,1.01193,0.98403,0.01597
259.79999,1.01196,0.96573,0.03427
259.92001,1.01193,0.95995,0.04005
260.04001,1.01193,0.94733,0.05267
260.16000,1.01193,0.92633,0.07367
260.28000,1.01193,0.92362,0.07638
260.39999,1.01193,0.91580,0.08420
260.51999,1.01196,0.90631,0.09369
260.64001,1.01193,0.95060,0.04940
260.76001,1.01193,0.97874,0.02126
260.88000,1.01193,0.97600,0.02400
261.00000,1.01193,0.97351,0.02649
261.12000,1.01193,0.95383,0.04617
261.23999,1.01193,0.97447,0.02553
261.35999,1.01196,0.96536,0.03464
261.48001,1.01193,0.96752,0.03248
261.60001,1.01193,0.96605,0.03395
261.72000,1.01193,0.98191,0.01809
261.84000,1.01193,0.98079,0.01921
261.95999,1.01193,0.97567,0.02433
262.07999,1.01196,0.97523,0.02477
262.20001,1.01193,0.96974,0.03026
262.32001,1.01193,0.96886,0.03114
262.44000,1.01193,0.96420,0.03580
262.56000,1.01193,0.96344,0.03656
262.67999,1.01193,0.97186,0.02814
262.79999,1.01196,0.97550,0.02450
262.92001,1.01193,0.97092,0.02908
263.04001,1.01193,0.96934,0.03066
263.16000,1.01193,0.96853,0.03147
263.28000,1.01193,0.97904,0.02096
263.39999,1.01193,0.97251,0.02749
263.51999,1.01196,0.96813,0.03187
263.64001,1.01193,0.96768,0.03232
263.76001,1.01193,0.94700,0.05300
263.88000,1.01193,0.95540,0.04460
264.00000,1.01193,0.94941,0.05059
264.12000,1.01193,0.94482,0.05518
264.23999,1.01193,0.95351,0.04649
264.35999,1.01196,0.95161,0.04839
264.48001,1.01193,0.96893,0.03107
264.60001,1.01193,0.97079,0.02921
264.72000,1.01193,0.96183,0.03817
264.84000,1.01193,0.97075,0.02925
264.95999,1.01193,0.96601,0.03399
265.07999,1.01196,0.96675,0.03325
265.20001,1.01193,0.97778,0.02222
265.32001,1.01193,0.97898,0.02102
265.44000,1.01193,0.97071,0.02929
265.56000,1.01193,0.97856,0.02144
265.67999,1.01193,0.97281,0.02719
265.79999,1.01196,0.97313,0.02687
265.92001,1.01193,0.97508,0.02492
266.04001,1.01193,0.95368,0.04632
266.16000,1.01193,0.97538,0.02462
266.28000,1.01193,0.94304,0.05696
266.39999,1.01193,0.97865,0.02135
266.51999,1.01196,0.96563,0.03437
266.64001,1.01193,0.97718,0.02282
266.76001,1.01193,0.96607,0.03393
266.88000,1.01193,0.98002,0.01998
267.00000,1.01193,0.93296,0.06704
267.12000,1.01193,0.97362,0.02638
267.23999,1.01193,0.96174,0.03826
267.35999,1.01196,0.97795,0.02205
267.48001,1.01193,0.95125,0.04875
267.60001,1.01193,0.97274,0.02726
267.72000,1.01193,0.97120,0.02880
267.84000,1.01193,0.98297,0.01703
267.95999,1.01193,0.94970,0.05030
268.07999,1.01196,0.97842,0.02158
268.20001,1.01193,0.96155,0.03845
268.32001,1.01193,0.96406,0.03594
268.44000,1.01193,0.96580,0.03420
268.56000,1.01193,0.93146,0.06854
268.67999,1.01193,0.96164,0.03836
268.79999,1.01196,0.91163,0.08837
268.92001,1.01193,0.92462,0.07538
269.04001,1.01193,0.95592,0.04408
269.16000,1.01193,0.95000,0.05000
269.28000,1.01193,0.93378,0.06622
269.39999,1.01193,0.96126,0.03874
269.51999,1.01196,0.94848,0.05152
269.64001,1.01193,0.95393,0.04607
269.76001,1.01193,0.90192,0.09808
269.88000,1.01193,0.94488,0.05512
270.00000,1.01193,0.84903,0.15097
270.12000,1.01193,0.93442,0.06558
270.23999,1.01193,0.90813,0.09187
270.35999,1.01196,0.88880,0.11120
270.48001,1.01193,0.91381,0.08619
270.60001,1.01193,0.87127,0.12873
270.72000,1.01193,0.89488,0.10512
270.84000,1.01193,0.86025,0.13975
270.95999,1.01193,0.85475,0.14525
271.07999,1.01196,0.90122,0.09878
271.20001,1.01193,0.90618,0.09382
271.32001,1.01193,0.95975,0.04025
271.44000,1.01193,0.89776,0.10224
271.56000,1.01193,0.97020,0.02980
271.67999,1.01193,0.96462,0.03538
271.79999,1.01196,0.95843,0.04157
271.92001,1.01193,0.95846,0.04154
272.04001,1.01193,0.94525,0.05475
272.16000,1.01193,0.93494,0.06506
272.28000,1.01193,0.94040,0.05960
272.39999,1.01193,0.93186,0.06814
272.51999,1.01196,0.94553,0.05447
272.64001,1.01193,0.95580,0.04420
272.76001,1.01193,0.94168,0.05832
272.88000,1.01193,0.94917,0.05083
273.00000,1.01193,0.92776,0.07224
273.12000,1.01193,0.93575,0.06425
273.23999,1.01193,0.95507,0.04493
273.35999,1.01196,0.94127,0.05873
273.48001,1.01193,0.95035,0.04965
273.60001,1.01193,0.94010,0.05990
273.72000,1.01193,0.93994,0.06006
273.84000,1.01193,0.95186,0.04814
273.95999,1.01193,0.90234,0.09766
274.07999,1.01196,0.90276,0.09724
274.20001,1.01193,0.91768,0.08232
274.32001,1.01193,0.90210,0.09790
274.44000,1.01193,0.93154,0.06846
274.56000,1.01193,0.94674,0.05326
274.67999,1.01193,0.91182,0.08818
274.79999,1.01196,0.95653,0.04347
274.92001,1.01193,0.92237,0.07763
275.04001,1.01193,0.96108,0.03892
275.16000,1.01193,0.92752,0.07248
275.28000,1.01193,0.96959,0.03041
275.39999,1.01193,0.93183,0.06817
275.51999,1.01196,0.95086,0.04914
275.64001,1.01193,0.94981,0.05019
275.76001,1.01193,0.96915,0.03085
275.88000,1.01193,0.94295,0.05705
276.00000,1.01193,0.94621,0.05379
276.12000,1.01193,0.91953,0.08047
276.23999,1.01193,0.96703,0.03297
276.35999,1.01196,0.93093,0.06907
276.48001,1.01193,0.93781,0.06219
276.60001,1.01193,0.96111,0.03889
276.72000,1.01193,0.94252,0.05748
276.84000,1.01193,0.91655,0.08345
276.95999,1.01193,0.80983,0.19017
277.07999,1.01196,0.94999,0.05001
277.20001,1.01193,0.95114,0.04886
277.32001,1.01193,0.92234,0.07766
277.44000,1.01193,0.97371,0.02629
277.56000,1.01193,0.94858,0.05142
277.67999,1.01193,0.95325,0.04675
277.79999,1.01196,0.95951,0.04049
277.92001,1.01193,0.92346,0.07654
278.04001,1.01193,0.91025,0.08975
278.16000,1.01193,0.91054,0.08946
278.28000,1.01193,0.93724,0.06276
278.39999,1.01193,0.95610,0.04390
278.51999,1.01196,0.92515,0.07485
278.64001,1.01193,0.96716,0.03284
278.76001,1.01193,0.94458,0.05542
278.88000,1.01193,0.96816,0.03184
279.00000,1.01193,0.96863,0.03137
279.12000,1.01193,0.96787,0.03213
279.23999,1.01193,0.95688,0.04312
279.35999,1.01196,0.93148,0.06852
279.48001,1.01193,0.95383,0.04617
279.60001,1.01193,0.94282,0.05718
279.72000,1.01193,0.93846,0.06154
279.84000,1.01193,0.94323,0.05677
279.95999,1.01193,0.95286,0.04714
280.07999,1.01196,0.91517,0.08483
280.20001,1.01193,0.96942,0.03058
280.32001,1.01193,0.94858,0.05142
280.44000,1.01193,0.94435,0.05565
280.56000,1.01193,0.92745,0.07255
280.67999,1.01193,0.94150,0.05850
280.79999,1.01196,0.94943,0.05057
280.92001,1.01193,0.89311,0.10689
281.04001,1.01193,0.95380,0.04620
281.16000,1.01193,0.95932,0.04068
281.28000,1.01193,0.96054,0.03946
281.39999,1.01193,0.95882,0.04118
281.51999,1.01196,0.96117,0.03883
281.64001,1.01193,0.96813,0.03187
281.76001,1.01193,0.96020,0.03980
281.88000,1.01193,0.95044,0.04956
282.00000,1.01193,0.95554,0.04446
282.12000,1.01193,0.93792,0.06208
282.23999,1.01193,0.92023,0.07977
282.35999,1.01196,0.96139,0.03861
282.48001,1.01193,0.91678,0.08322
282.60001,1.01193,0.95652,0.04348
282.72000,1.01193,0.92679,0.07321
282.84000,1.01193,0.97175,0.02825
282.95999,1.01193,0.92214,0.07786
283.07999,1.01196,0.94121,0.05879
283.20001,1.01193,0.93598,0.06402
283.32001,1.01193,0.94887,0.05113
283.44000,1.01193,0.85664,0.14336
283.56000,1.01193,0.90354,0.09646
283.67999,1.01193,0.86364,0.13636
283.79999,1.01196,0.86198,0.13802
283.92001,1.01193,0.79802,0.20198
284.04001,1.01193,0.74574,0.25426
284.16000,1.01193,0.83976,0.16024
284.28000,1.01193,0.85353,0.14647
284.39999,1.01193,0.93579,0.06421
284.51999,1.01196,0.87547,0.12453
284.64001,1.01193,0.92948,0.07052
284.76001,1.01193,0.81975,0.18025
284.88000,1.01193,0.84763,0.15237
285.00000,1.01193,0.79415,0.20585
285.12000,1.01193,0.86578,0.13422
285.23999,1.01193,0.79108,0.20892
285.35999,1.01196,0.89764,0.10236
285.48001,1.01193,0.81490,0.18510
285.60001,1.01193,0.88269,0.11731
285.72000,1.01193,0.92762,0.07238
285.84000,1.01193,0.81122,0.18878
285.95999,1.01193,0.94645,0.05355
286.07999,1.01196,0.92182,0.07818
286.20001,1.01193,0.94998,0.05002
286.32001,1.01193,0.90494,0.09506
286.44000,1.01193,0.91453,0.08547
286.56000,1.01193,0.87869,0.12131
286.67999,1.01193,0.85742,0.14258
286.79999,1.01196,0.89373,0.10627
286.92001,1.01193,0.93392,0.06608
287.04001,1.01193,0.92039,0.07961
287.16000,1.01193,0.89248,0.10752
287.28000,1.01193,0.95477,0.04523
287.39999,1.01193,0.94321,0.05679
287.51999,1.01196,0.89962,0.10038
287.64001,1.01193,0.93583,0.06417
287.76001,1.01193,0.92030,0.07970
287.88000,1.01193,0.90475,0.09525
288.00000,1.01193,0.88309,0.11691
288.12000,1.01193,0.88308,0.11692
288.23999,1.01193,0.84600,0.15400
288.35999,1.01196,0.87459,0.12541
288.48001,1.01193,0.93936,0.06064
288.60001,1.01193,0.90593,0.09407
288.72000,1.01193,0.93823,0.06177
288.84000,1.01193,0.93367,0.06633
288.95999,1.01193,0.94167,0.05833
289.07999,1.01196,0.94748,0.05252
289.20001,1.01193,0.94839,0.05161
289.32001,1.01193,0.92887,0.07113
289.44000,1.01193,0.94265,0.05735
289.56000,1.01193,0.93038,0.06962
289.67999,1.01193,0.95306,0.04694
289.79999,1.01196,0.95570,0.04430
289.92001,1.01193,0.93214,0.06786
290.04001,1.01193,0.96275,0.03725
290.16000,1.01193,0.94400,0.05600
290.28000,1.01193,0.96087,0.03913
290.39999,1.01193,0.95602,0.04398
290.51999,1.01196,0.96825,0.03175
290.64001,1.01193,0.95397,0.04603
290.76001,1.01193,0.94826,0.05174
290.88000,1.01193,0.93636,0.06364
291.00000,1.01193,0.91571,0.08429
291.12000,1.01193,0.91084,0.08916
291.23999,1.01193,0.93439,0.06561
291.35999,1.01196,0.89478,0.10522
291.48001,1.01193,0.92681,0.07319
291.60001,1.01193,0.79898,0.20102
291.72000,1.01193,0.93984,0.06016
291.84000,1.01193,0.84741,0.15259
291.95999,1.01193,0.93424,0.06576
292.07999,1.01196,0.92533,0.07467
292.20001,1.01193,0.92063,0.07937
292.32001,1.01193,0.94408,0.05592
292.44000,1.01193,0.95137,0.04863
292.56000,1.01193,0.91806,0.08194
292.67999,1.01193,0.90614,0.09386
292.79999,1.01196,0.90850,0.09150
292.92001,1.01193,0.87740,0.12260
293.04001,1.01193,0.86800,0.13200
293.16000,1.01193,0.86676,0.13324
293.28000,1.01193,0.92722,0.07278
293.39999,1.01193,0.90194,0.09806
293.51999,1.01196,0.95579,0.04421
293.64001,1.01193,0.95591,0.04409
293.76001,1.01193,0.96189,0.03811
293.88000,1.01193,0.94086,0.05914
294.00000,1.01193,0.94489,0.05511
294.12000,1.01193,0.97400,0.02600
294.23999,1.01193,0.92775,0.07225
294.35999,1.01196,0.96483,0.03517
294.48001,1.01193,0.95168,0.04832
294.60001,1.01193,0.97089,0.02911
294.72000,1.01193,0.95021,0.04979
294.84000,1.01193,0.95432,0.04568
294.95999,1.01193,0.94077,0.05923
295.07999,1.01196,0.95234,0.04766
295.20001,1.01193,0.94719,0.05281
295.32001,1.01193,0.93975,0.06025
295.44000,1.01193,0.95400,0.04600
295.56000,1.01193,0.90017,0.09983
295.67999,1.01193,0.95410,0.04590
295.79999,1.01196,0.90085,0.09915
295.92001,1.01193,0.95685,0.04315
296.04001,1.01193,0.87886,0.12114
296.16000,1.01193,0.91865,0.08135
296.28000,1.01193,0.95877,0.04123
296.39999,1.01193,0.87537,0.12463
296.51999,1.01196,0.89799,0.10201
296.64001,1.01193,0.89837,0.10163
296.76001,1.01193,0.95969,0.04031
296.88000,1.01193,0.93505,0.06495
297.00000,1.01193,0.96757,0.03243
297.12000,1.01193,0.94988,0.05012
297.23999,1.01193,0.96628,0.03372
297.35999,1.01196,0.96251,0.03749
297.48001,1.01193,0.96344,0.03656
297.60001,1.01193,0.98189,0.01811
297.72000,1.01193,0.97987,0.02013
297.84000,1.01193,0.96087,0.03913
297.95999,1.01193,0.96507,0.03493
298.07999,1.01196,0.94382,0.05618
298.20001,1.01193,0.94677,0.05323
298.32001,1.01193,0.93997,0.06003
298.44000,1.01193,0.95275,0.04725
298.56000,1.01193,0.93799,0.06201
298.67999,1.01193,0.91596,0.08404
298.79999,1.01196,0.96688,0.03312
298.92001,1.01193,0.94295,0.05705
299.04001,1.01193,0.91883,0.08117
299.16000,1.01193,0.94129,0.05871
299.28000,1.01193,0.94695,0.05305
299.39999,1.01193,0.93207,0.06793
299.51999,1.01196,0.93491,0.06509
299.64001,1.01193,0.95854,0.04146
299.76001,1.01193,0.86351,0.13649
299.88000,1.01193,0.83071,0.16929
300.00000,1.01193,0.69947,0.30053
300.12000,1.01193,0.79495,0.20505
300.23999,1.01193,0.79888,0.20112
300.35999,1.01196,0.74097,0.25903
300.48001,1.01193,0.80750,0.19250
300.60001,1.01193,0.67158,0.32842
300.72000,1.01193,0.74271,0.25729
300.84000,1.01193,0.65510,0.34490
300.95999,1.01193,0.68254,0.31746
301.07999,1.01196,0.63590,0.36410
301.20001,1.01193,0.37634,0.62366
301.32001,1.01193,0.54471,0.45529
301.44000,1.01193,0.39041,0.60959
301.56000,1.01193,0.79750,0.20250
301.67999,1.01193,0.69362,0.30638
301.79999,1.01196,0.92382,0.07618
301.92001,1.01193,0.95662,0.04338
302.04001,1.01193,0.95215,0.04785
302.16000,1.01193,0.96852,0.03148
302.28000,1.01193,0.96557,0.03443
302.39999,1.01193,0.97062,0.02938
302.51999,1.01196,0.97638,0.02362
302.64001,1.01193,0.97670,0.02330
302.76001,1.01193,0.97524,0.02476
302.88000,1.01193,0.97087,0.02913
303.00000,1.01193,0.97716,0.02284
303.12000,1.01193,0.96196,0.03804
303.23999,1.01193,0.95435,0.04565
303.35999,1.01196,0.96207,0.03793
303.48001,1.01193,0.93413,0.06587
303.60001,1.01193,0.93134,0.06866
303.72000,1.01193,0.78422,0.21578
303.84000,1.01193,0.80234,0.19766
303.95999,1.01193,0.80535,0.19465
304.07999,1.01196,0.69910,0.30090
304.20001,1.01193,0.78396,0.21604
304.32001,1.01193,0.69932,0.30068
304.44000,1.01193,0.83850,0.16150
304.56000,1.01193,0.62486,0.37514
304.67999,1.01193,0.69728,0.30272
304.79999,1.01196,0.67602,0.32398
304.92001,1.01193,0.77139,0.22861
305.04001,1.01193,0.87735,0.12265
305.16000,1.01193,0.85154,0.14846
305.28000,1.01193,0.89194,0.10806
305.39999,1.01193,0.88528,0.11472
305.51999,1.01196,0.88789,0.11211
305.64001,1.01193,0.82423,0.17577
305.76001,1.01193,0.72252,0.27748
305.88000,1.01193,0.53095,0.46905
306.00000,1.01193,0.50505,0.49495
306.12000,1.01193,0.38946,0.61054
306.23999,1.01193,0.33927,0.66073
306.35999,1.01196,0.16111,0.83889
306.48001,1.01193,0.18736,0.81264
306.60001,1.01193,0.42178,0.57822
306.72000,1.01193,0.31054,0.68946
306.84000,1.01193,0.57624,0.42376
306.95999,1.01193,0.63133,0.36867
307.07999,1.01196,0.60969,0.39031
307.20001,1.01193,0.83521,0.16479
307.32001,1.01193,0.50088,0.49912
307.44000,1.01193,0.84400,0.15600
307.56000,1.01193,0.54972,0.45028
307.67999,1.01193,0.79078,0.20922
307.79999,1.01196,0.72455,0.27545
307.92001,1.01193,0.79714,0.20286
308.04001,1.01193,0.79219,0.20781
308.16000,1.01193,0.78146,0.21854
308.28000,1.01193,0.87413,0.12587
308.39999,1.01193,0.95326,0.04674
308.51999,1.01196,0.91147,0.08853
308.64001,1.01193,0.95266,0.04734
308.76001,1.01193,0.89574,0.10425
308.88000,1.01193,0.94048,0.05952
309.00000,1.01193,0.92830,0.07170
309.12000,1.01193,0.93703,0.06297
309.23999,1.01193,0.86815,0.13185
309.35999,1.01196,0.93855,0.06145
309.48001,1.01193,0.93654,0.06346
309.60001,1.01193,0.91495,0.08505
309.72000,1.01193,0.96208,0.03792
309.84000,1.01193,0.95184,0.04816
309.95999,1.01193,0.90114,0.09886
310.07999,1.01196,0.80587,0.19413
310.20001,1.01193,0.86392,0.13608
310.32001,1.01193,0.89434,0.10566
310.44000,1.01193,0.77813,0.22187
310.56000,1.01193,0.69908,0.30092
310.67999,1.01193,0.73563,0.26437
310.79999,1.01196,0.88510,0.11490
310.92001,1.01193,0.92153,0.07847
311.04001,1.01193,0.91883,0.08117
311.16000,1.01193,0.85675,0.14325
311.28000,1.01193,0.90260,0.09740
311.39999,1.01193,0.87474,0.12526
311.51999,1.01196,0.78581,0.21419
311.64001,1.01193,0.85869,0.14131
311.76001,1.01193,0.93743,0.06257
311.88000,1.01193,0.94117,0.05883
312.00000,1.01193,0.95903,0.04097
312.12000,1.01193,0.95044,0.04956
312.23999,1.01193,0.95609,0.04391
312.35999,1.01196,0.95089,0.04911
312.48001,1.01193,0.92086,0.07914
312.60001,1.01193,0.88570,0.11430
312.72000,1.01193,0.86787,0.13213
312.84000,1.01193,0.88508,0.11492
312.95999,1.01193,0.85362,0.14638
313.07999,1.01196,0.92782,0.07218
313.20001,1.01193,0.96618,0.03382
313.32001,1.01193,0.97884,0.02116
313.44000,1.01193,0.98119,0.01881
313.56000,1.01193,0.97315,0.02685
313.67999,1.01193,0.98669,0.01331
313.79999,1.01196,0.94069,0.05931
313.92001,1.01193,0.97116,0.02884
314.04001,1.01193,0.90906,0.09094
314.16000,1.01193,0.95520,0.04480
314.28000,1.01193,0.96491,0.03509
314.39999,1.01193,0.92998,0.07002
314.51999,1.01196,0.96625,0.03375
314.64001,1.01193,0.97166,0.02834
314.76001,1.01193,0.98386,0.01614
314.88000,1.01193,0.94010,0.05990
315.00000,1.01193,0.96969,0.03031
315.12000,1.01193,0.90831,0.09169
315.23999,1.01193,0.97971,0.02029
315.35999,1.01196,0.92687,0.07313
315.48001,1.01193,0.95412,0.04588
315.60001,1.01193,0.97691,0.02309
315.72000,1.01193,0.97727,0.02273
315.84000,1.01193,0.96955,0.03045
315.95999,1.01193,0.98793,0.01207
316.07999,1.01196,0.99059,0.00941
316.20001,1.01193,0.98704,0.01296
316.32001,1.01193,0.98760,0.01240
316.44000,1.01193,0.99124,0.00876
316.56000,1.01193,0.99159,0.00841
316.67999,1.01193,0.98180,0.01820
316.79999,1.01196,0.99157,0.00843
316.92001,1.01193,0.98890,0.01110
317.04001,1.01193,0.99440,0.00560
317.16000,1.01193,0.98957,0.01043
317.28000,1.01193,0.99029,0.00971
317.39999,1.01193,0.98810,0.01190
317.51999,1.01196,0.99062,0.00938
317.64001,1.01193,0.99192,0.00808
317.76001,1.01193,0.99020,0.00980
317.88000,1.01193,0.99061,0.00939
318.00000,1.01193,0.99363,0.00637
318.12000,1.01193,0.98772,0.01228
318.23999,1.01193,0.98994,0.01006
318.35999,1.01196,0.99061,0.00939
318.48001,1.01193,0.97272,0.02728
318.60001,1.01193,0.98871,0.01129
318.72000,1.01193,0.98641,0.01359
318.84000,1.01193,0.99255,0.00745
318.95999,1.01193,0.99563,0.00437
319.07999,1.01196,0.99662,0.00338
319.20001,1.01193,0.99406,0.00594
