Time (seconds), Duration (seconds),pred_unlabeled,pred_sirens
0.00000,1.01194,0.95217,0.04783
0.12000,1.01194,0.96927,0.03073
0.24000,1.01194,0.96557,0.03443
0.36000,1.01194,0.95689,0.04311
0.48000,1.01194,0.96752,0.03248
0.60000,1.01194,0.97807,0.02193
0.72000,1.01194,0.98856,0.01144
0.84000,1.01194,0.96781,0.03219
0.96000,1.01194,0.97978,0.02022
1.08000,1.01194,0.95416,0.04584
1.20000,1.01194,0.98159,0.01841
1.32000,1.01194,0.98352,0.01648
1.44000,1.01194,0.97068,0.02932
1.56000,1.01194,0.98286,0.01714
1.68000,1.01194,0.94380,0.05620
1.80000,1.01194,0.98845,0.01155
1.92000,1.01194,0.95971,0.04029
2.04000,1.01194,0.97956,0.02044
2.16000,1.01194,0.94154,0.05846
2.28000,1.01194,0.92928,0.07072
2.40000,1.01194,0.97101,0.02899
2.52000,1.01194,0.95418,0.04582
2.64000,1.01194,0.97055,0.02945
2.76000,1.01194,0.97941,0.02059
2.88000,1.01194,0.98287,0.01713
3.00000,1.01194,0.96965,0.03035
3.12000,1.01194,0.97621,0.02379
3.24000,1.01194,0.96365,0.03635
3.36000,1.01194,0.96271,0.03729
3.48000,1.01194,0.93685,0.06315
3.60000,1.01194,0.92952,0.07048
3.72000,1.01194,0.91125,0.08875
3.84000,1.01194,0.95637,0.04363
3.96000,1.01194,0.91075,0.08925
4.08000,1.01194,0.91009,0.08991
4.20000,1.01194,0.79448,0.20552
4.32000,1.01194,0.91457,0.08543
4.44000,1.01194,0.88117,0.11883
4.56000,1.01194,0.94321,0.05679
4.68000,1.01194,0.75736,0.24264
4.80000,1.01194,0.91439,0.08561
4.92000,1.01194,0.96770,0.03230
5.04000,1.01194,0.94042,0.05958
5.16000,1.01194,0.96236,0.03764
5.28000,1.01194,0.90522,0.09478
5.40000,1.01194,0.90923,0.09077
5.52000,1.01194,0.94650,0.05350
5.64000,1.01194,0.94863,0.05137
5.76000,1.01194,0.97915,0.02085
5.88000,1.01194,0.91958,0.08042
6.00000,1.01194,0.95989,0.04011
6.12000,1.01194,0.90724,0.09276
6.24000,1.01194,0.94559,0.05441
6.36000,1.01194,0.92175,0.07825
6.48000,1.01194,0.94079,0.05921
6.60000,1.01194,0.95755,0.04245
6.72000,1.01194,0.96870,0.03130
6.84000,1.01194,0.95183,0.04817
6.96000,1.01194,0.96172,0.03828
7.08000,1.01194,0.97221,0.02779
7.20000,1.01194,0.94505,0.05495
7.32000,1.01194,0.95590,0.04410
7.44000,1.01194,0.93991,0.06009
7.56000,1.01194,0.95927,0.04073
7.68000,1.01194,0.96756,0.03244
7.80000,1.01194,0.96817,0.03183
7.92000,1.01194,0.96240,0.03760
8.04000,1.01194,0.96990,0.03010
8.16000,1.01194,0.95770,0.04230
8.28000,1.01194,0.93225,0.06775
8.40000,1.01194,0.91991,0.08009
8.52000,1.01194,0.95751,0.04249
8.64000,1.01194,0.88461,0.11539
8.76000,1.01194,0.91281,0.08719
8.88000,1.01194,0.90426,0.09574
9.00000,1.01194,0.93841,0.06159
9.12000,1.01194,0.97370,0.02630
9.24000,1.01194,0.93531,0.06469
9.36000,1.01194,0.94567,0.05433
9.48000,1.01194,0.96444,0.03556
9.60000,1.01194,0.83499,0.16501
9.72000,1.01194,0.94246,0.05754
9.84000,1.01194,0.91556,0.08444
9.96000,1.01194,0.92498,0.07502
10.08000,1.01194,0.96257,0.03743
10.20000,1.01194,0.93410,0.06590
10.32000,1.01194,0.95195,0.04805
10.44000,1.01194,0.94516,0.05484
10.56000,1.01194,0.94410,0.05590
10.68000,1.01194,0.91026,0.08974
10.80000,1.01194,0.91498,0.08502
10.92000,1.01194,0.63027,0.36973
11.04000,1.01194,0.92627,0.07373
11.16000,1.01194,0.83271,0.16729
11.28000,1.01194,0.91295,0.08705
11.40000,1.01194,0.88215,0.11785
11.52000,1.01194,0.95895,0.04105
11.64000,1.01194,0.92003,0.07997
11.76000,1.01194,0.93366,0.06634
11.88000,1.01194,0.95839,0.04161
12.00000,1.01194,0.96015,0.03985
12.12000,1.01194,0.96378,0.03622
12.24000,1.01194,0.88061,0.11939
12.36000,1.01194,0.93715,0.06285
12.48000,1.01194,0.94404,0.05596
12.60000,1.01194,0.93017,0.06983
12.72000,1.01194,0.94593,0.05407
12.84000,1.01194,0.85614,0.14386
12.96000,1.01194,0.94215,0.05785
13.08000,1.01194,0.86106,0.13894
13.20000,1.01194,0.92467,0.07533
13.32000,1.01194,0.90654,0.09346
13.44000,1.01194,0.96109,0.03891
13.56000,1.01194,0.93257,0.06743
13.68000,1.01194,0.96182,0.03818
13.80000,1.01194,0.91878,0.08122
13.92000,1.01194,0.88094,0.11906
14.04000,1.01194,0.90441,0.09559
14.16000,1.01194,0.87007,0.12993
14.28000,1.01194,0.87934,0.12066
14.40000,1.01194,0.85536,0.14464
14.52000,1.01194,0.88944,0.11056
14.64000,1.01194,0.83965,0.16035
14.76000,1.01194,0.91296,0.08704
14.88000,1.01194,0.90922,0.09078
15.00000,1.01194,0.83128,0.16872
15.12000,1.01194,0.86127,0.13873
15.24000,1.01194,0.94550,0.05450
15.36000,1.01194,0.92889,0.07111
15.48000,1.01194,0.88005,0.11995
15.60000,1.01194,0.95516,0.04484
15.72000,1.01194,0.93191,0.06809
15.84000,1.01194,0.96649,0.03351
15.96000,1.01194,0.88366,0.11634
16.08000,1.01194,0.93258,0.06742
16.20000,1.01194,0.85190,0.14810
16.32000,1.01194,0.95764,0.04236
16.44000,1.01194,0.87977,0.12023
16.56000,1.01194,0.92334,0.07666
16.68000,1.01194,0.86874,0.13126
16.80000,1.01194,0.86283,0.13717
16.92000,1.01194,0.92004,0.07996
17.04000,1.01194,0.78629,0.21371
17.16000,1.01194,0.88493,0.11507
17.28000,1.01194,0.79236,0.20764
17.40000,1.01194,0.83116,0.16884
17.52000,1.01194,0.71901,0.28099
17.64000,1.01194,0.91103,0.08897
17.76000,1.01194,0.79149,0.20851
17.88000,1.01194,0.90803,0.09197
18.00000,1.01194,0.81227,0.18773
18.12000,1.01194,0.91965,0.08035
18.24000,1.01194,0.93372,0.06628
18.36000,1.01194,0.90844,0.09156
18.48000,1.01194,0.94435,0.05565
18.60000,1.01194,0.93307,0.06693
18.72000,1.01194,0.93808,0.06192
18.84000,1.01194,0.94254,0.05746
18.96000,1.01194,0.93432,0.06568
19.08000,1.01194,0.90011,0.09989
19.20000,1.01194,0.88511,0.11489
19.32000,1.01194,0.92219,0.07781
19.44000,1.01194,0.93734,0.06266
19.56000,1.01194,0.94784,0.05216
19.68000,1.01194,0.92301,0.07699
19.80000,1.01194,0.92274,0.07726
19.92000,1.01194,0.93554,0.06446
20.04000,1.01194,0.89635,0.10365
20.16000,1.01194,0.94228,0.05772
20.28000,1.01194,0.93683,0.06317
20.40000,1.01194,0.96217,0.03783
20.52000,1.01194,0.93868,0.06132
20.64000,1.01194,0.91428,0.08572
20.76000,1.01194,0.91962,0.08038
20.88000,1.01194,0.92739,0.07261
21.00000,1.01194,0.89968,0.10032
21.12000,1.01194,0.88585,0.11415
21.24000,1.01194,0.94877,0.05123
21.36000,1.01194,0.94066,0.05934
21.48000,1.01194,0.96519,0.03481
21.60000,1.01194,0.94972,0.05028
21.72000,1.01194,0.97549,0.02451
21.84000,1.01194,0.93486,0.06514
21.96000,1.01194,0.95223,0.04777
22.08000,1.01194,0.95220,0.04780
22.20000,1.01194,0.96629,0.03371
22.32000,1.01194,0.96466,0.03534
22.44000,1.01194,0.95097,0.04903
22.56000,1.01194,0.96477,0.03523
22.68000,1.01194,0.97974,0.02026
22.80000,1.01194,0.95727,0.04273
22.92000,1.01194,0.97911,0.02089
23.04000,1.01194,0.95595,0.04405
23.16000,1.01194,0.92889,0.07111
23.28000,1.01194,0.90967,0.09033
23.40000,1.01194,0.92385,0.07615
23.52000,1.01194,0.85061,0.14939
23.64000,1.01194,0.87689,0.12311
23.76000,1.01194,0.87760,0.12240
23.88000,1.01194,0.89680,0.10321
24.00000,1.01194,0.88566,0.11434
24.12000,1.01194,0.84295,0.15705
24.24000,1.01194,0.85644,0.14356
24.36000,1.01194,0.81289,0.18711
24.48000,1.01194,0.64548,0.35452
24.60000,1.01194,0.73341,0.26659
24.72000,1.01194,0.49822,0.50178
24.84000,1.01194,0.50091,0.49909
24.96000,1.01194,0.54944,0.45056
25.08000,1.01194,0.53950,0.46050
25.20000,1.01194,0.56736,0.43264
25.32000,1.01194,0.65753,0.34247
25.44000,1.01194,0.65126,0.34874
25.56000,1.01194,0.75379,0.24621
25.68000,1.01194,0.91166,0.08834
25.80000,1.01194,0.85582,0.14418
25.92000,1.01194,0.86279,0.13721
26.04000,1.01194,0.84693,0.15307
26.16000,1.01194,0.89151,0.10849
26.28000,1.01194,0.87819,0.12181
26.40000,1.01194,0.81628,0.18372
26.52000,1.01194,0.91072,0.08928
26.64000,1.01194,0.83116,0.16884
26.76000,1.01194,0.87222,0.12778
26.88000,1.01194,0.73193,0.26807
27.00000,1.01194,0.82777,0.17223
27.12000,1.01194,0.67014,0.32986
27.24000,1.01194,0.68031,0.31969
27.36000,1.01194,0.69042,0.30958
27.48000,1.01194,0.61474,0.38526
27.60000,1.01194,0.73219,0.26781
27.72000,1.01194,0.76934,0.23066
27.84000,1.01194,0.92264,0.07736
27.96000,1.01194,0.81783,0.18217
28.08000,1.01194,0.93923,0.06077
28.20000,1.01194,0.76785,0.23215
28.32000,1.01194,0.89701,0.10299
28.44000,1.01194,0.70510,0.29490
28.56000,1.01194,0.87819,0.12181
28.68000,1.01194,0.78205,0.21795
28.80000,1.01194,0.86424,0.13576
28.92000,1.01194,0.71826,0.28174
29.04000,1.01194,0.71679,0.28321
29.16000,1.01194,0.63811,0.36189
29.28000,1.01194,0.75145,0.24855
29.40000,1.01194,0.62234,0.37766
29.52000,1.01194,0.69529,0.30471
29.64000,1.01194,0.80316,0.19684
29.76000,1.01194,0.64340,0.35660
29.88000,1.01194,0.61166,0.38834
30.00000,1.01194,0.64301,0.35699
30.12000,1.01194,0.85492,0.14508
30.24000,1.01194,0.87828,0.12172
30.36000,1.01194,0.89208,0.10792
30.48000,1.01194,0.91835,0.08165
30.60000,1.01194,0.96473,0.03527
30.72000,1.01194,0.94680,0.05320
30.84000,1.01194,0.94699,0.05301
30.96000,1.01194,0.86062,0.13938
31.08000,1.01194,0.89210,0.10790
31.20000,1.01194,0.83475,0.16525
31.32000,1.01194,0.92572,0.07428
31.44000,1.01194,0.86811,0.13189
31.56000,1.01194,0.85117,0.14883
31.68000,1.01194,0.84666,0.15334
31.80000,1.01194,0.85626,0.14374
31.92000,1.01194,0.78202,0.21798
32.04000,1.01194,0.74200,0.25800
32.16000,1.01194,0.82458,0.17542
32.28000,1.01194,0.82583,0.17417
32.40000,1.01194,0.77659,0.22341
32.52000,1.01194,0.76968,0.23032
32.64000,1.01194,0.56633,0.43367
32.76000,1.01194,0.72708,0.27292
32.88000,1.01194,0.53930,0.46070
33.00000,1.01194,0.72539,0.27461
33.12000,1.01194,0.70559,0.29441
33.24000,1.01194,0.84966,0.15034
33.36000,1.01194,0.86334,0.13666
33.48000,1.01194,0.91331,0.08669
33.60000,1.01194,0.86816,0.13184
33.72000,1.01194,0.83172,0.16828
33.84000,1.01194,0.76766,0.23234
33.96000,1.01194,0.88750,0.11250
34.08000,1.01194,0.75508,0.24492
34.20000,1.01194,0.90872,0.09128
34.32000,1.01194,0.86251,0.13749
34.44000,1.01194,0.93610,0.06390
34.56000,1.01194,0.90920,0.09080
34.68000,1.01194,0.88772,0.11228
34.80000,1.01194,0.84699,0.15301
34.92000,1.01194,0.90097,0.09903
35.04000,1.01194,0.82011,0.17989
35.16000,1.01194,0.90360,0.09640
35.28000,1.01194,0.90714,0.09286
35.40000,1.01194,0.93774,0.06226
35.52000,1.01194,0.92837,0.07163
35.64000,1.01194,0.91547,0.08453
35.76000,1.01194,0.92862,0.07138
35.88000,1.01194,0.92314,0.07686
36.00000,1.01194,0.92201,0.07799
36.12000,1.01194,0.89171,0.10829
36.24000,1.01194,0.90936,0.09064
36.36000,1.01194,0.93726,0.06273
36.48000,1.01194,0.90382,0.09618
36.60000,1.01194,0.90664,0.09336
36.72000,1.01194,0.90904,0.09096
36.84000,1.01194,0.89858,0.10142
36.96000,1.01194,0.94096,0.05904
37.08000,1.01194,0.90009,0.09991
37.20000,1.01194,0.78406,0.21594
37.32000,1.01194,0.88067,0.11933
37.44000,1.01194,0.92827,0.07173
37.56000,1.01194,0.86550,0.13450
37.68000,1.01194,0.82882,0.17118
37.80000,1.01194,0.87395,0.12605
37.92000,1.01194,0.85512,0.14488
38.04000,1.01194,0.81338,0.18662
38.16000,1.01194,0.81803,0.18197
38.28000,1.01194,0.92535,0.07465
38.40000,1.01194,0.86955,0.13045
38.52000,1.01194,0.89348,0.10652
38.64000,1.01194,0.85282,0.14718
38.76000,1.01194,0.65765,0.34235
38.88000,1.01194,0.79854,0.20146
39.00000,1.01194,0.78808,0.21192
39.12000,1.01194,0.65448,0.34552
39.24000,1.01194,0.40812,0.59188
39.36000,1.01194,0.72778,0.27222
39.48000,1.01194,0.49867,0.50133
39.60000,1.01194,0.51201,0.48799
39.72000,1.01194,0.71038,0.28962
39.84000,1.01194,0.68900,0.31100
39.96000,1.01194,0.77020,0.22980
40.08000,1.01194,0.57311,0.42689
40.20000,1.01194,0.82115,0.17885
40.32000,1.01194,0.75623,0.24377
40.44000,1.01194,0.67998,0.32002
40.56000,1.01194,0.75786,0.24214
40.68000,1.01194,0.83262,0.16738
40.80000,1.01194,0.75573,0.24427
40.92000,1.01194,0.76193,0.23807
41.04000,1.01194,0.79527,0.20473
41.16000,1.01194,0.80660,0.19340
41.28000,1.01194,0.76905,0.23095
41.40000,1.01194,0.69350,0.30650
41.52000,1.01194,0.70822,0.29178
41.64000,1.01194,0.65359,0.34641
41.76000,1.01194,0.69703,0.30297
41.88000,1.01194,0.62399,0.37601
42.00000,1.01194,0.91817,0.08183
42.12000,1.01194,0.42764,0.57236
42.24000,1.01194,0.80040,0.19960
42.36000,1.01194,0.29466,0.70534
42.48000,1.01194,0.60974,0.39026
42.60000,1.01194,0.50943,0.49057
42.72000,1.01194,0.31865,0.68135
42.84000,1.01194,0.15285,0.84715
42.96000,1.01194,0.11811,0.88189
43.08000,1.01194,0.18743,0.81257
43.20000,1.01194,0.08788,0.91212
43.32000,1.01194,0.14394,0.85606
43.44000,1.01194,0.12445,0.87555
43.56000,1.01194,0.21668,0.78332
43.68000,1.01194,0.17599,0.82401
43.80000,1.01194,0.20562,0.79438
43.92000,1.01194,0.19845,0.80155
44.04000,1.01194,0.17334,0.82666
44.16000,1.01194,0.10235,0.89765
44.28000,1.01194,0.21511,0.78489
44.40000,1.01194,0.15591,0.84409
44.52000,1.01194,0.42516,0.57484
44.64000,1.01194,0.38426,0.61574
44.76000,1.01194,0.53099,0.46901
44.88000,1.01194,0.38301,0.61699
45.00000,1.01194,0.75924,0.24076
45.12000,1.01194,0.59979,0.40021
45.24000,1.01194,0.62492,0.37508
45.36000,1.01194,0.38872,0.61128
45.48000,1.01194,0.45411,0.54589
45.60000,1.01194,0.56081,0.43919
45.72000,1.01194,0.25001,0.74999
45.84000,1.01194,0.41831,0.58169
45.96000,1.01194,0.23054,0.76946
46.08000,1.01194,0.40013,0.59987
46.20000,1.01194,0.33691,0.66309
46.32000,1.01194,0.33558,0.66442
46.44000,1.01194,0.47135,0.52865
46.56000,1.01194,0.33492,0.66508
46.68000,1.01194,0.64141,0.35859
46.80000,1.01194,0.73368,0.26632
46.92000,1.01194,0.65491,0.34509
47.04000,1.01194,0.67455,0.32545
47.16000,1.01194,0.71826,0.28174
47.28000,1.01194,0.79572,0.20428
47.40000,1.01194,0.80596,0.19404
47.52000,1.01194,0.51028,0.48972
47.64000,1.01194,0.73513,0.26487
47.76000,1.01194,0.55287,0.44713
47.88000,1.01194,0.68098,0.31902
48.00000,1.01194,0.43463,0.56537
48.12000,1.01194,0.62944,0.37056
48.24000,1.01194,0.46360,0.53640
48.36000,1.01194,0.57870,0.42130
48.48000,1.01194,0.52882,0.47118
48.60000,1.01194,0.46906,0.53094
48.72000,1.01194,0.82196,0.17804
48.84000,1.01194,0.64253,0.35747
48.96000,1.01194,0.87299,0.12701
49.08000,1.01194,0.76446,0.23554
49.20000,1.01194,0.92447,0.07553
49.32000,1.01194,0.90004,0.09996
49.44000,1.01194,0.91721,0.08279
49.56000,1.01194,0.80992,0.19008
49.68000,1.01194,0.92388,0.07612
49.80000,1.01194,0.77801,0.22199
49.92000,1.01194,0.75651,0.24349
50.04000,1.01194,0.78428,0.21572
50.16000,1.01194,0.88054,0.11946
50.28000,1.01194,0.74899,0.25101
50.40000,1.01194,0.82739,0.17261
50.52000,1.01194,0.83929,0.16071
50.64000,1.01194,0.87571,0.12429
50.76000,1.01194,0.86931,0.13069
50.88000,1.01194,0.76365,0.23635
51.00000,1.01194,0.64655,0.35345
51.12000,1.01194,0.50338,0.49662
51.24000,1.01194,0.64472,0.35528
51.36000,1.01194,0.55425,0.44575
51.48000,1.01194,0.68272,0.31728
51.60000,1.01194,0.79870,0.20130
51.72000,1.01194,0.85771,0.14229
51.84000,1.01194,0.91126,0.08874
51.96000,1.01194,0.91435,0.08565
52.08000,1.01194,0.90007,0.09993
52.20000,1.01194,0.85423,0.14577
52.32000,1.01194,0.70624,0.29376
52.44000,1.01194,0.57844,0.42156
52.56000,1.01194,0.49300,0.50700
52.68000,1.01194,0.68928,0.31072
52.80000,1.01194,0.58337,0.41663
52.92000,1.01194,0.67085,0.32915
53.04000,1.01194,0.55814,0.44186
53.16000,1.01194,0.44910,0.55090
53.28000,1.01194,0.57539,0.42461
53.40000,1.01194,0.51579,0.48421
53.52000,1.01194,0.58968,0.41032
53.64000,1.01194,0.41577,0.58423
53.76000,1.01194,0.63641,0.36359
53.88000,1.01194,0.43202,0.56798
54.00000,1.01194,0.71797,0.28203
54.12000,1.01194,0.60552,0.39448
54.24000,1.01194,0.69343,0.30657
54.36000,1.01194,0.43851,0.56149
54.48000,1.01194,0.67300,0.32700
54.60000,1.01194,0.48357,0.51643
54.72000,1.01194,0.39257,0.60743
54.84000,1.01194,0.12874,0.87126
54.96000,1.01194,0.30738,0.69262
55.08000,1.01194,0.12855,0.87145
55.20000,1.01194,0.19103,0.80897
55.32000,1.01194,0.10362,0.89638
55.44000,1.01194,0.15920,0.84080
55.56000,1.01194,0.20738,0.79262
55.68000,1.01194,0.16721,0.83279
55.80000,1.01194,0.32826,0.67174
55.92000,1.01194,0.41666,0.58334
56.04000,1.01194,0.38803,0.61197
56.16000,1.01194,0.36997,0.63003
56.28000,1.01194,0.63420,0.36580
56.40000,1.01194,0.59007,0.40993
56.52000,1.01194,0.32303,0.67697
56.64000,1.01194,0.58369,0.41631
56.76000,1.01194,0.49881,0.50119
56.88000,1.01194,0.53595,0.46405
57.00000,1.01194,0.38640,0.61360
57.12000,1.01194,0.35674,0.64326
57.24000,1.01194,0.45562,0.54438
57.36000,1.01194,0.52642,0.47358
57.48000,1.01194,0.46125,0.53875
57.60000,1.01194,0.40021,0.59979
57.72000,1.01194,0.25001,0.74999
57.84000,1.01194,0.33370,0.66630
57.96000,1.01194,0.36992,0.63008
58.08000,1.01194,0.32116,0.67884
58.20000,1.01194,0.17907,0.82093
58.32000,1.01194,0.24152,0.75848
58.44000,1.01194,0.26287,0.73713
58.56000,1.01194,0.27938,0.72062
58.68000,1.01194,0.16269,0.83731
58.80000,1.01194,0.27273,0.72727
58.92000,1.01194,0.21055,0.78945
59.04000,1.01194,0.47012,0.52988
59.16000,1.01194,0.42657,0.57343
59.28000,1.01194,0.49239,0.50761
59.40000,1.01194,0.52638,0.47362
59.52000,1.01194,0.51351,0.48649
59.64000,1.01194,0.68233,0.31767
59.76000,1.01194,0.45935,0.54065
59.88000,1.01194,0.65705,0.34295
60.00000,1.01194,0.58540,0.41460
60.12000,1.01194,0.77527,0.22473
60.24000,1.01194,0.56675,0.43325
60.36000,1.01194,0.90684,0.09316
60.48000,1.01194,0.75202,0.24798
60.60000,1.01194,0.84238,0.15762
60.72000,1.01194,0.73962,0.26038
60.84000,1.01194,0.69609,0.30391
60.96000,1.01194,0.83536,0.16464
61.08000,1.01194,0.68401,0.31599
61.20000,1.01194,0.79278,0.20722
61.32000,1.01194,0.77621,0.22379
61.44000,1.01194,0.93908,0.06092
61.56000,1.01194,0.88379,0.11621
61.68000,1.01194,0.91774,0.08226
61.80000,1.01194,0.86840,0.13160
61.92000,1.01194,0.86112,0.13888
62.04000,1.01194,0.70291,0.29709
62.16000,1.01194,0.83172,0.16828
62.28000,1.01194,0.76671,0.23329
62.40000,1.01194,0.79710,0.20290
62.52000,1.01194,0.76960,0.23040
62.64000,1.01194,0.82524,0.17476
62.76000,1.01194,0.78410,0.21590
62.88000,1.01194,0.81939,0.18061
63.00000,1.01194,0.81283,0.18717
63.12000,1.01194,0.76002,0.23998
63.24000,1.01194,0.95005,0.04995
63.36000,1.01194,0.78343,0.21657
63.48000,1.01194,0.89853,0.10147
63.60000,1.01194,0.60506,0.39494
63.72000,1.01194,0.60637,0.39364
63.84000,1.01194,0.45958,0.54042
63.96000,1.01194,0.51527,0.48473
64.08000,1.01193,0.49294,0.50706
64.20000,1.01194,0.23904,0.76096
64.32000,1.01194,0.37152,0.62848
64.44000,1.01193,0.33674,0.66326
64.56000,1.01194,0.43570,0.56430
64.68000,1.01194,0.17494,0.82506
64.80000,1.01193,0.30273,0.69727
64.92000,1.01194,0.50859,0.49141
65.04000,1.01194,0.45440,0.54560
65.16000,1.01193,0.51803,0.48197
65.28000,1.01194,0.38430,0.61570
65.40000,1.01193,0.60790,0.39210
65.52000,1.01194,0.26959,0.73041
65.64000,1.01194,0.53222,0.46778
65.76000,1.01193,0.16518,0.83482
65.88000,1.01194,0.51501,0.48499
66.00000,1.01194,0.16201,0.83799
66.12000,1.01193,0.57947,0.42053
66.24000,1.01194,0.39715,0.60285
66.36000,1.01194,0.58457,0.41543
66.48000,1.01193,0.76319,0.23681
66.60000,1.01194,0.61845,0.38155
66.72000,1.01194,0.54424,0.45576
66.84000,1.01194,0.60213,0.39787
66.96000,1.01194,0.67132,0.32868
67.08000,1.01193,0.57644,0.42356
67.20000,1.01194,0.68388,0.31612
67.32000,1.01194,0.67419,0.32581
67.44000,1.01193,0.77145,0.22855
67.56000,1.01194,0.47850,0.52150
67.68000,1.01194,0.67761,0.32239
67.80000,1.01193,0.76345,0.23655
67.92000,1.01194,0.65711,0.34289
68.04000,1.01194,0.68422,0.31578
68.16000,1.01193,0.49805,0.50195
68.28000,1.01194,0.60327,0.39673
68.40000,1.01193,0.30564,0.69436
68.52000,1.01194,0.60501,0.39499
68.64000,1.01194,0.64228,0.35772
68.76000,1.01193,0.57642,0.42358
68.88000,1.01194,0.75900,0.24100
69.00000,1.01194,0.71123,0.28877
69.12000,1.01193,0.71650,0.28350
69.24000,1.01194,0.67728,0.32272
69.36000,1.01194,0.78500,0.21500
69.48000,1.01193,0.72120,0.27880
69.60000,1.01194,0.56335,0.43665
69.72000,1.01194,0.62507,0.37493
69.84000,1.01194,0.66638,0.33362
69.96000,1.01194,0.57294,0.42706
70.08000,1.01193,0.47326,0.52674
70.20000,1.01194,0.74844,0.25156
70.32000,1.01194,0.76636,0.23364
70.44000,1.01193,0.79601,0.20399
70.56000,1.01194,0.58216,0.41784
70.68000,1.01194,0.73507,0.26493
70.80000,1.01193,0.63318,0.36682
70.92000,1.01194,0.72893,0.27107
71.04000,1.01194,0.44974,0.55026
71.16000,1.01193,0.67180,0.32820
71.28000,1.01194,0.68391,0.31609
71.40000,1.01193,0.51717,0.48283
71.52000,1.01194,0.62511,0.37489
71.64000,1.01194,0.53940,0.46060
71.76000,1.01193,0.74815,0.25185
71.88000,1.01194,0.54194,0.45806
72.00000,1.01194,0.87281,0.12719
72.12000,1.01193,0.70309,0.29691
72.24000,1.01194,0.83771,0.16229
72.36000,1.01194,0.89738,0.10262
72.48000,1.01193,0.85788,0.14212
72.60000,1.01194,0.83029,0.16971
72.72000,1.01194,0.92913,0.07087
72.84000,1.01194,0.92019,0.07981
72.96000,1.01194,0.94880,0.05120
73.08000,1.01193,0.87340,0.12660
73.20000,1.01194,0.92924,0.07076
73.32000,1.01194,0.71858,0.28142
73.44000,1.01193,0.92930,0.07070
73.56000,1.01194,0.87113,0.12887
73.68000,1.01194,0.94603,0.05397
73.80000,1.01193,0.86611,0.13389
73.92000,1.01194,0.91027,0.08973
74.04000,1.01194,0.92932,0.07068
74.16000,1.01193,0.85779,0.14221
74.28000,1.01194,0.93016,0.06984
74.40000,1.01193,0.85693,0.14307
74.52000,1.01194,0.91804,0.08196
74.64000,1.01194,0.89056,0.10944
74.76000,1.01193,0.78699,0.21301
74.88000,1.01194,0.88593,0.11407
75.00000,1.01194,0.76265,0.23735
75.12000,1.01193,0.83634,0.16366
75.24000,1.01194,0.83303,0.16697
75.36000,1.01194,0.83203,0.16797
75.48000,1.01193,0.84739,0.15261
75.60000,1.01194,0.92681,0.07319
75.72000,1.01194,0.85907,0.14093
75.84000,1.01194,0.70728,0.29272
75.96000,1.01194,0.86885,0.13115
76.08000,1.01193,0.69483,0.30517
76.20000,1.01194,0.79220,0.20780
76.32000,1.01194,0.58282,0.41718
76.44000,1.01193,0.73904,0.26096
76.56000,1.01194,0.69521,0.30479
76.68000,1.01194,0.54402,0.45598
76.80000,1.01193,0.74302,0.25698
76.92000,1.01194,0.52500,0.47500
77.04000,1.01194,0.42759,0.57241
77.16000,1.01193,0.42476,0.57524
77.28000,1.01194,0.69528,0.30472
77.40000,1.01193,0.31776,0.68224
77.52000,1.01194,0.59997,0.40003
77.64000,1.01194,0.64692,0.35308
77.76000,1.01193,0.65380,0.34620
77.88000,1.01194,0.72477,0.27523
78.00000,1.01194,0.58886,0.41114
78.12000,1.01193,0.65068,0.34932
78.24000,1.01194,0.47422,0.52578
78.36000,1.01194,0.54551,0.45449
78.48000,1.01193,0.48861,0.51139
78.60000,1.01194,0.44022,0.55978
78.72000,1.01194,0.33643,0.66357
78.84000,1.01194,0.32509,0.67491
78.96000,1.01194,0.18992,0.81008
79.08000,1.01193,0.19143,0.80857
79.20000,1.01194,0.17045,0.82955
79.32000,1.01194,0.04370,0.95630
79.44000,1.01193,0.14999,0.85001
79.56000,1.01194,0.02560,0.97440
79.68000,1.01194,0.06213,0.93787
79.80000,1.01193,0.02781,0.97219
79.92000,1.01194,0.09210,0.90790
80.04000,1.01194,0.06230,0.93770
80.16000,1.01193,0.19588,0.80412
80.28000,1.01194,0.09930,0.90070
80.40000,1.01193,0.17921,0.82079
80.52000,1.01194,0.12581,0.87419
80.64000,1.01194,0.22911,0.77089
80.76000,1.01193,0.09229,0.90771
80.88000,1.01194,0.22687,0.77313
81.00000,1.01194,0.08340,0.91660
81.12000,1.01193,0.08485,0.91515
81.24000,1.01194,0.05893,0.94107
81.36000,1.01194,0.18017,0.81983
81.48000,1.01193,0.05409,0.94591
81.60000,1.01194,0.15107,0.84893
81.72000,1.01194,0.11937,0.88063
81.84000,1.01194,0.27599,0.72401
81.96000,1.01194,0.17706,0.82294
82.08000,1.01193,0.24619,0.75381
82.20000,1.01194,0.25512,0.74488
82.32000,1.01194,0.07412,0.92588
82.44000,1.01193,0.26754,0.73246
82.56000,1.01194,0.19297,0.80703
82.68000,1.01194,0.40534,0.59466
82.80000,1.01193,0.21049,0.78951
82.92000,1.01194,0.59407,0.40593
83.04000,1.01194,0.77106,0.22894
83.16000,1.01193,0.64734,0.35266
83.28000,1.01194,0.83864,0.16136
83.40000,1.01193,0.78068,0.21932
83.52000,1.01194,0.71847,0.28153
83.64000,1.01194,0.75522,0.24478
83.76000,1.01193,0.73750,0.26250
83.88000,1.01194,0.92829,0.07171
84.00000,1.01194,0.80150,0.19850
84.12000,1.01193,0.92413,0.07587
84.24000,1.01194,0.90469,0.09531
84.36000,1.01194,0.94213,0.05787
84.48000,1.01193,0.87928,0.12072
84.60000,1.01194,0.94993,0.05007
84.72000,1.01194,0.92776,0.07224
84.84000,1.01194,0.91845,0.08155
84.96000,1.01194,0.94815,0.05185
85.08000,1.01193,0.91556,0.08445
85.20000,1.01194,0.86123,0.13877
85.32000,1.01194,0.90758,0.09242
85.44000,1.01193,0.89015,0.10985
85.56000,1.01194,0.90462,0.09538
85.68000,1.01194,0.81118,0.18882
85.80000,1.01193,0.87538,0.12462
85.92000,1.01194,0.86235,0.13765
86.04000,1.01194,0.94161,0.05839
86.16000,1.01193,0.94985,0.05015
86.28000,1.01194,0.93239,0.06761
86.40000,1.01193,0.90050,0.09950
86.52000,1.01194,0.85787,0.14213
86.64000,1.01194,0.78944,0.21056
86.76000,1.01193,0.75615,0.24385
86.88000,1.01194,0.83719,0.16281
87.00000,1.01194,0.90636,0.09364
87.12000,1.01193,0.93464,0.06536
87.24000,1.01194,0.81256,0.18744
87.36000,1.01194,0.88227,0.11773
87.48000,1.01193,0.92282,0.07718
87.60000,1.01194,0.86157,0.13843
87.72000,1.01194,0.88330,0.11670
87.84000,1.01194,0.88354,0.11646
87.96000,1.01194,0.89318,0.10682
88.08000,1.01193,0.90785,0.09215
88.20000,1.01194,0.90020,0.09980
88.32000,1.01194,0.86189,0.13811
88.44000,1.01193,0.91999,0.08001
88.56000,1.01194,0.84088,0.15912
88.68000,1.01194,0.89935,0.10065
88.80000,1.01193,0.92833,0.07167
88.92000,1.01194,0.94681,0.05319
89.04000,1.01194,0.95546,0.04454
89.16000,1.01193,0.96519,0.03481
89.28000,1.01194,0.92084,0.07916
89.40000,1.01193,0.95034,0.04966
89.52000,1.01194,0.90862,0.09138
89.64000,1.01194,0.90831,0.09169
89.76000,1.01193,0.92323,0.07677
89.88000,1.01194,0.92427,0.07573
90.00000,1.01194,0.94570,0.05430
90.12000,1.01193,0.94108,0.05892
90.24000,1.01194,0.92099,0.07901
90.36000,1.01194,0.92351,0.07649
90.48000,1.01193,0.91770,0.08230
90.60000,1.01194,0.83116,0.16884
90.72000,1.01194,0.92081,0.07919
90.84000,1.01194,0.83636,0.16364
90.96000,1.01194,0.91408,0.08592
91.08000,1.01193,0.93438,0.06562
91.20000,1.01194,0.94437,0.05563
91.32000,1.01194,0.90054,0.09946
91.44000,1.01193,0.89349,0.10651
91.56000,1.01194,0.94763,0.05237
91.68000,1.01194,0.90394,0.09606
91.80000,1.01193,0.81741,0.18259
91.92000,1.01194,0.86895,0.13105
92.04000,1.01194,0.86493,0.13507
92.16000,1.01193,0.80226,0.19774
92.28000,1.01194,0.84856,0.15144
92.40000,1.01193,0.56667,0.43333
92.52000,1.01194,0.80293,0.19707
92.64000,1.01194,0.75756,0.24244
92.76000,1.01193,0.86165,0.13835
92.88000,1.01194,0.81656,0.18344
93.00000,1.01194,0.89582,0.10418
93.12000,1.01193,0.72767,0.27233
93.24000,1.01194,0.83945,0.16055
93.36000,1.01194,0.63016,0.36984
93.48000,1.01193,0.77600,0.22400
93.60000,1.01194,0.56108,0.43892
93.72000,1.01194,0.84380,0.15620
93.84000,1.01194,0.76085,0.23915
93.96000,1.01194,0.90745,0.09255
94.08000,1.01193,0.84503,0.15497
94.20000,1.01194,0.93302,0.06698
94.32000,1.01194,0.83859,0.16141
94.44000,1.01193,0.91031,0.08969
94.56000,1.01194,0.82683,0.17317
94.68000,1.01194,0.93952,0.06048
94.80000,1.01193,0.72578,0.27422
94.92000,1.01194,0.90891,0.09109
95.04000,1.01194,0.85839,0.14161
95.16000,1.01193,0.88215,0.11785
95.28000,1.01194,0.92267,0.07733
95.40000,1.01193,0.92209,0.07791
95.52000,1.01194,0.95930,0.04070
95.64000,1.01194,0.90187,0.09813
95.76000,1.01193,0.92106,0.07894
95.88000,1.01194,0.89320,0.10680
96.00000,1.01194,0.86571,0.13429
96.12000,1.01193,0.82671,0.17329
96.24000,1.01194,0.84116,0.15884
96.36000,1.01194,0.82388,0.17612
96.48000,1.01193,0.88372,0.11628
96.60000,1.01194,0.87449,0.12551
96.72000,1.01194,0.90052,0.09948
96.84000,1.01194,0.79779,0.20221
96.96000,1.01194,0.89892,0.10108
97.08000,1.01193,0.87546,0.12454
97.20000,1.01194,0.80993,0.19007
97.32000,1.01194,0.91604,0.08396
97.44000,1.01193,0.82155,0.17845
97.56000,1.01194,0.91880,0.08120
97.68000,1.01194,0.74490,0.25510
97.80000,1.01193,0.94875,0.05125
97.92000,1.01194,0.90016,0.09984
98.04000,1.01194,0.89893,0.10107
98.16000,1.01193,0.88674,0.11326
98.28000,1.01194,0.83418,0.16582
98.40000,1.01193,0.92820,0.07180
98.52000,1.01194,0.89064,0.10936
98.64000,1.01194,0.90849,0.09151
98.76000,1.01193,0.92194,0.07806
98.88000,1.01194,0.81193,0.18807
99.00000,1.01194,0.95313,0.04687
99.12000,1.01193,0.86485,0.13515
99.24000,1.01194,0.96326,0.03674
99.36000,1.01194,0.83865,0.16135
99.48000,1.01193,0.92060,0.07940
99.60000,1.01194,0.93048,0.06952
99.72000,1.01194,0.87339,0.12661
99.84000,1.01194,0.89970,0.10030
99.96000,1.01194,0.95608,0.04392
100.08000,1.01193,0.92404,0.07596
100.20000,1.01194,0.97228,0.02772
100.32000,1.01194,0.85744,0.14256
100.44000,1.01193,0.94246,0.05754
100.56000,1.01194,0.88265,0.11735
100.68000,1.01194,0.95313,0.04687
100.80000,1.01193,0.79248,0.20752
100.92000,1.01194,0.93661,0.06339
101.04000,1.01194,0.89463,0.10537
101.16000,1.01193,0.77834,0.22166
101.28000,1.01194,0.87090,0.12910
101.40000,1.01193,0.88764,0.11236
101.52000,1.01194,0.88425,0.11575
101.64000,1.01194,0.90941,0.09059
101.76000,1.01193,0.87589,0.12411
101.88000,1.01194,0.88765,0.11235
102.00000,1.01194,0.91395,0.08605
102.12000,1.01193,0.92763,0.07237
102.24000,1.01194,0.94645,0.05355
102.36000,1.01194,0.80769,0.19231
102.48000,1.01193,0.88306,0.11694
102.60000,1.01194,0.86590,0.13410
102.72000,1.01194,0.81749,0.18251
102.84000,1.01194,0.86840,0.13160
102.96000,1.01194,0.76723,0.23277
103.08000,1.01193,0.95885,0.04115
103.20000,1.01194,0.73469,0.26531
103.32000,1.01194,0.92810,0.07190
103.44000,1.01193,0.91649,0.08351
103.56000,1.01194,0.91872,0.08128
103.68000,1.01194,0.92585,0.07415
103.80000,1.01193,0.88383,0.11617
103.92000,1.01194,0.93432,0.06568
104.04000,1.01194,0.85423,0.14577
104.16000,1.01193,0.93284,0.06716
104.28000,1.01194,0.88568,0.11432
104.40000,1.01193,0.92161,0.07839
104.52000,1.01194,0.88869,0.11131
104.64000,1.01194,0.89002,0.10998
104.76000,1.01193,0.93810,0.06190
104.88000,1.01194,0.93368,0.06632
105.00000,1.01194,0.92633,0.07367
105.12000,1.01193,0.89938,0.10062
105.24000,1.01194,0.74819,0.25181
105.36000,1.01194,0.91022,0.08978
105.48000,1.01193,0.82930,0.17070
105.60000,1.01194,0.86772,0.13228
105.72000,1.01194,0.85900,0.14100
105.84000,1.01194,0.89213,0.10787
105.96000,1.01194,0.93366,0.06634
106.08000,1.01193,0.90698,0.09302
106.20000,1.01194,0.88593,0.11407
106.32000,1.01194,0.91073,0.08927
106.44000,1.01193,0.90694,0.09306
106.56000,1.01194,0.82652,0.17348
106.68000,1.01194,0.88376,0.11624
106.80000,1.01193,0.81889,0.18111
106.92000,1.01194,0.89438,0.10562
107.04000,1.01194,0.90637,0.09363
107.16000,1.01193,0.91686,0.08314
107.28000,1.01194,0.92954,0.07046
107.40000,1.01193,0.91042,0.08958
107.52000,1.01194,0.92251,0.07749
107.64000,1.01194,0.92595,0.07405
107.76000,1.01193,0.89093,0.10907
107.88000,1.01194,0.85580,0.14420
108.00000,1.01194,0.76255,0.23745
108.12000,1.01193,0.92567,0.07433
108.24000,1.01194,0.89496,0.10504
108.36000,1.01194,0.93964,0.06036
108.48000,1.01193,0.89474,0.10526
108.60000,1.01194,0.96190,0.03810
108.72000,1.01194,0.95505,0.04495
108.84000,1.01194,0.89610,0.10390
108.96000,1.01194,0.94775,0.05225
109.08000,1.01193,0.87580,0.12420
109.20000,1.01194,0.97568,0.02432
109.32000,1.01194,0.86428,0.13572
109.44000,1.01193,0.90140,0.09860
109.56000,1.01194,0.86995,0.13005
109.68000,1.01194,0.93111,0.06889
109.80000,1.01193,0.93856,0.06144
109.92000,1.01194,0.91532,0.08468
110.04000,1.01194,0.93474,0.06526
110.16000,1.01193,0.92300,0.07700
110.28000,1.01194,0.94879,0.05121
110.40000,1.01193,0.91491,0.08509
110.52000,1.01194,0.92549,0.07451
110.64000,1.01194,0.91593,0.08407
110.76000,1.01193,0.95140,0.04860
110.88000,1.01194,0.93078,0.06922
111.00000,1.01194,0.92784,0.07216
111.12000,1.01193,0.93198,0.06802
111.24000,1.01194,0.95970,0.04030
111.36000,1.01194,0.94428,0.05572
111.48000,1.01193,0.95531,0.04469
111.60000,1.01194,0.94836,0.05164
111.72000,1.01194,0.93969,0.06031
111.84000,1.01194,0.82684,0.17316
111.96000,1.01194,0.91977,0.08023
112.08000,1.01193,0.92897,0.07103
112.20000,1.01194,0.87707,0.12293
112.32000,1.01194,0.94468,0.05532
112.44000,1.01193,0.87583,0.12417
112.56000,1.01194,0.93936,0.06064
112.68000,1.01194,0.87918,0.12082
112.80000,1.01193,0.92616,0.07384
112.92000,1.01194,0.87702,0.12298
113.04000,1.01194,0.92162,0.07838
113.16000,1.01193,0.86645,0.13355
113.28000,1.01194,0.96793,0.03207
113.40000,1.01193,0.87759,0.12241
113.52000,1.01194,0.97019,0.02981
113.64000,1.01194,0.93866,0.06134
113.76000,1.01193,0.97484,0.02516
113.88000,1.01194,0.94841,0.05159
114.00000,1.01194,0.93481,0.06519
114.12000,1.01193,0.95754,0.04246
114.24000,1.01194,0.93711,0.06289
114.36000,1.01194,0.94192,0.05808
114.48000,1.01193,0.88014,0.11985
114.60000,1.01194,0.91973,0.08027
114.72000,1.01194,0.75433,0.24567
114.84000,1.01194,0.77295,0.22705
114.96000,1.01194,0.84557,0.15443
115.08000,1.01193,0.85308,0.14692
115.20000,1.01194,0.87547,0.12453
115.32000,1.01194,0.86630,0.13370
115.44000,1.01193,0.88508,0.11492
115.56000,1.01194,0.93049,0.06951
115.68000,1.01194,0.85176,0.14824
115.80000,1.01193,0.89125,0.10875
115.92000,1.01194,0.87606,0.12394
116.04000,1.01194,0.68983,0.31017
116.16000,1.01193,0.70189,0.29811
116.28000,1.01194,0.16198,0.83802
116.40000,1.01193,0.60783,0.39217
116.52000,1.01194,0.33810,0.66190
116.64000,1.01194,0.17900,0.82100
116.76000,1.01193,0.50837,0.49163
116.88000,1.01194,0.75244,0.24756
117.00000,1.01194,0.86779,0.13221
117.12000,1.01193,0.90286,0.09714
117.24000,1.01194,0.83638,0.16362
117.36000,1.01194,0.87487,0.12513
117.48000,1.01193,0.87946,0.12054
117.60000,1.01194,0.79733,0.20267
117.72000,1.01194,0.86414,0.13586
117.84000,1.01194,0.75413,0.24587
117.96000,1.01194,0.90509,0.09491
118.08000,1.01193,0.79676,0.20324
118.20000,1.01194,0.80250,0.19750
118.32000,1.01194,0.80352,0.19648
118.44000,1.01193,0.72503,0.27497
118.56000,1.01194,0.67054,0.32946
118.68000,1.01194,0.65257,0.34743
118.80000,1.01193,0.90245,0.09755
118.92000,1.01194,0.63758,0.36242
119.04000,1.01194,0.88219,0.11781
119.16000,1.01193,0.94608,0.05392
119.28000,1.01194,0.93739,0.06261
119.40000,1.01193,0.92638,0.07362
119.52000,1.01194,0.92562,0.07438
119.64000,1.01194,0.94813,0.05187
119.76000,1.01193,0.84938,0.15062
119.88000,1.01194,0.84596,0.15404
120.00000,1.01194,0.65946,0.34054
120.12000,1.01193,0.91925,0.08075
120.24000,1.01194,0.74351,0.25649
120.36000,1.01194,0.90312,0.09688
120.48000,1.01193,0.93012,0.06988
120.60000,1.01194,0.88413,0.11587
120.72000,1.01194,0.93435,0.06565
120.84000,1.01194,0.90695,0.09305
120.96000,1.01194,0.91465,0.08535
121.08000,1.01193,0.82069,0.17931
121.20000,1.01194,0.82656,0.17344
121.32000,1.01194,0.75342,0.24658
121.44000,1.01193,0.77587,0.22413
121.56000,1.01194,0.70384,0.29616
121.68000,1.01194,0.87339,0.12661
121.80000,1.01193,0.87717,0.12283
121.92000,1.01194,0.86910,0.13090
122.04000,1.01194,0.89802,0.10198
122.16000,1.01193,0.82622,0.17378
122.28000,1.01194,0.87764,0.12236
122.40000,1.01193,0.60813,0.39187
122.52000,1.01194,0.43457,0.56543
122.64000,1.01194,0.51794,0.48206
122.76000,1.01193,0.18657,0.81343
122.88000,1.01194,0.17450,0.82550
123.00000,1.01194,0.12045,0.87955
123.12000,1.01193,0.12812,0.87188
123.24000,1.01194,0.03654,0.96346
123.36000,1.01194,0.24870,0.75130
123.48000,1.01193,0.18278,0.81722
123.60000,1.01194,0.23248,0.76752
123.72000,1.01194,0.28002,0.71998
123.84000,1.01194,0.26622,0.73378
123.96000,1.01194,0.35720,0.64280
124.08000,1.01193,0.17850,0.82150
124.20000,1.01194,0.27229,0.72771
124.32000,1.01194,0.20580,0.79420
124.44000,1.01193,0.20788,0.79212
124.56000,1.01194,0.30340,0.69660
124.68000,1.01194,0.31652,0.68348
124.80000,1.01193,0.24446,0.75554
124.92000,1.01194,0.26236,0.73764
125.04000,1.01194,0.33556,0.66444
125.16000,1.01193,0.35059,0.64941
125.28000,1.01194,0.40220,0.59780
125.40000,1.01193,0.26704,0.73296
125.52000,1.01194,0.47578,0.52422
125.64000,1.01194,0.53935,0.46065
125.76000,1.01193,0.46928,0.53072
125.88000,1.01194,0.36438,0.63562
126.00000,1.01194,0.30420,0.69580
126.12000,1.01193,0.67764,0.32236
126.24000,1.01194,0.66861,0.33139
126.36000,1.01194,0.64327,0.35673
126.48000,1.01193,0.62921,0.37079
126.60000,1.01194,0.80705,0.19295
126.72000,1.01194,0.69619,0.30381
126.84000,1.01194,0.64466,0.35534
126.96000,1.01194,0.53485,0.46515
127.08000,1.01193,0.46731,0.53269
127.20000,1.01195,0.51147,0.48853
127.32000,1.01194,0.25300,0.74700
127.44000,1.01193,0.41647,0.58353
127.56000,1.01193,0.23085,0.76915
127.68000,1.01194,0.44980,0.55020
127.80000,1.01193,0.37058,0.62942
127.92000,1.01193,0.50366,0.49634
128.03999,1.01195,0.41653,0.58347
128.16000,1.01193,0.49211,0.50789
128.28000,1.01193,0.46031,0.53969
128.39999,1.01195,0.39648,0.60352
128.52000,1.01193,0.56251,0.43749
128.64000,1.01193,0.39010,0.60990
128.75999,1.01195,0.49241,0.50759
128.88000,1.01193,0.54249,0.45751
129.00000,1.01193,0.69323,0.30677
129.12000,1.01195,0.69256,0.30744
129.24001,1.01193,0.42364,0.57636
129.36000,1.01193,0.79298,0.20702
129.48000,1.01195,0.80049,0.19951
129.60001,1.01193,0.85461,0.14539
129.72000,1.01193,0.89105,0.10895
129.84000,1.01195,0.88139,0.11861
129.96001,1.01193,0.85673,0.14327
130.08000,1.01193,0.86229,0.13771
130.20000,1.01195,0.79923,0.20077
130.32001,1.01193,0.77988,0.22012
130.44000,1.01193,0.84525,0.15475
130.56000,1.01193,0.51735,0.48265
130.67999,1.01195,0.88239,0.11761
130.80000,1.01193,0.71840,0.28160
130.92000,1.01193,0.73615,0.26385
131.03999,1.01195,0.59092,0.40908
131.16000,1.01193,0.63741,0.36259
131.28000,1.01193,0.51204,0.48796
131.39999,1.01195,0.48116,0.51884
131.52000,1.01193,0.41643,0.58357
131.64000,1.01193,0.45488,0.54512
131.75999,1.01195,0.28665,0.71335
131.88000,1.01193,0.44952,0.55048
132.00000,1.01193,0.49866,0.50134
132.12000,1.01195,0.39405,0.60595
132.24001,1.01193,0.51690,0.48310
132.36000,1.01193,0.38853,0.61147
132.48000,1.01195,0.46352,0.53648
132.60001,1.01193,0.43806,0.56194
132.72000,1.01193,0.70013,0.29987
132.84000,1.01195,0.28849,0.71151
132.96001,1.01193,0.61791,0.38209
133.08000,1.01193,0.26088,0.73912
133.20000,1.01195,0.42324,0.57676
133.32001,1.01193,0.36039,0.63961
133.44000,1.01193,0.36779,0.63221
133.56000,1.01193,0.49301,0.50699
133.67999,1.01195,0.30932,0.69068
133.80000,1.01193,0.35663,0.64337
133.92000,1.01193,0.24456,0.75544
134.03999,1.01195,0.34293,0.65707
134.16000,1.01193,0.33391,0.66609
134.28000,1.01193,0.22777,0.77223
134.39999,1.01195,0.30588,0.69412
134.52000,1.01193,0.19667,0.80333
134.64000,1.01193,0.23143,0.76857
134.75999,1.01195,0.15347,0.84653
134.88000,1.01193,0.27381,0.72619
135.00000,1.01193,0.30432,0.69568
135.12000,1.01195,0.21734,0.78266
135.24001,1.01193,0.30083,0.69917
135.36000,1.01193,0.19426,0.80574
135.48000,1.01195,0.24446,0.75554
135.60001,1.01193,0.29798,0.70202
135.72000,1.01193,0.24349,0.75651
135.84000,1.01195,0.19130,0.80870
135.96001,1.01193,0.29906,0.70094
136.08000,1.01193,0.18366,0.81634
136.20000,1.01195,0.42541,0.57459
136.32001,1.01193,0.14083,0.85917
136.44000,1.01193,0.24495,0.75505
136.56000,1.01193,0.26311,0.73689
136.67999,1.01195,0.30156,0.69844
136.80000,1.01193,0.22346,0.77654
136.92000,1.01193,0.21279,0.78721
137.03999,1.01195,0.28826,0.71174
137.16000,1.01193,0.23578,0.76422
137.28000,1.01193,0.24826,0.75174
137.39999,1.01195,0.35168,0.64832
137.52000,1.01193,0.34206,0.65794
137.64000,1.01193,0.24224,0.75776
137.75999,1.01195,0.14057,0.85943
137.88000,1.01193,0.13852,0.86148
138.00000,1.01193,0.15410,0.84590
138.12000,1.01195,0.10559,0.89441
138.24001,1.01193,0.12003,0.87997
138.36000,1.01193,0.18027,0.81973
138.48000,1.01195,0.16701,0.83299
138.60001,1.01193,0.35240,0.64760
138.72000,1.01193,0.16789,0.83211
138.84000,1.01195,0.28636,0.71364
138.96001,1.01193,0.18190,0.81810
139.08000,1.01193,0.30981,0.69019
139.20000,1.01195,0.16338,0.83662
139.32001,1.01193,0.26177,0.73823
139.44000,1.01193,0.20151,0.79849
139.56000,1.01193,0.25293,0.74707
139.67999,1.01195,0.29135,0.70865
139.80000,1.01193,0.32410,0.67590
139.92000,1.01193,0.41145,0.58855
140.03999,1.01195,0.20411,0.79589
140.16000,1.01193,0.35100,0.64900
140.28000,1.01193,0.29452,0.70548
140.39999,1.01195,0.28845,0.71155
140.52000,1.01193,0.35744,0.64256
140.64000,1.01193,0.28476,0.71524
140.75999,1.01195,0.40539,0.59461
140.88000,1.01193,0.35738,0.64262
141.00000,1.01193,0.49292,0.50708
141.12000,1.01195,0.56242,0.43758
141.24001,1.01193,0.48328,0.51672
141.36000,1.01193,0.53014,0.46986
141.48000,1.01195,0.36273,0.63727
141.60001,1.01193,0.48803,0.51197
141.72000,1.01193,0.43006,0.56994
141.84000,1.01195,0.32534,0.67466
141.96001,1.01193,0.36948,0.63052
142.08000,1.01193,0.38571,0.61429
142.20000,1.01195,0.25510,0.74490
142.32001,1.01193,0.30947,0.69053
142.44000,1.01193,0.29996,0.70004
142.56000,1.01193,0.34339,0.65661
142.67999,1.01195,0.25893,0.74107
142.80000,1.01193,0.32951,0.67049
142.92000,1.01193,0.34057,0.65943
143.03999,1.01195,0.44140,0.55860
143.16000,1.01193,0.23565,0.76435
143.28000,1.01193,0.31285,0.68715
143.39999,1.01195,0.45071,0.54929
143.52000,1.01193,0.27161,0.72839
143.64000,1.01193,0.26606,0.73394
143.75999,1.01195,0.22390,0.77610
143.88000,1.01193,0.24971,0.75029
144.00000,1.01193,0.30914,0.69086
144.12000,1.01195,0.17872,0.82128
144.24001,1.01193,0.22907,0.77093
144.36000,1.01193,0.20097,0.79903
144.48000,1.01195,0.28720,0.71280
144.60001,1.01193,0.24074,0.75926
144.72000,1.01193,0.43025,0.56975
144.84000,1.01195,0.26663,0.73337
144.96001,1.01193,0.45186,0.54814
145.08000,1.01193,0.37179,0.62821
145.20000,1.01195,0.36486,0.63514
145.32001,1.01193,0.31279,0.68721
145.44000,1.01193,0.33277,0.66723
145.56000,1.01193,0.36619,0.63381
145.67999,1.01195,0.53366,0.46634
145.80000,1.01193,0.50005,0.49995
145.92000,1.01193,0.56417,0.43583
146.03999,1.01195,0.39506,0.60494
146.16000,1.01193,0.48879,0.51121
146.28000,1.01193,0.45147,0.54853
146.39999,1.01195,0.45151,0.54849
146.52000,1.01193,0.45611,0.54389
146.64000,1.01193,0.42556,0.57444
146.75999,1.01195,0.52862,0.47138
146.88000,1.01193,0.38167,0.61833
147.00000,1.01193,0.41407,0.58593
147.12000,1.01195,0.37519,0.62481
147.24001,1.01193,0.39340,0.60660
147.36000,1.01193,0.37075,0.62925
147.48000,1.01195,0.42751,0.57249
147.60001,1.01193,0.47679,0.52321
147.72000,1.01193,0.34967,0.65033
147.84000,1.01195,0.35452,0.64548
147.96001,1.01193,0.32980,0.67020
148.08000,1.01193,0.42240,0.57760
148.20000,1.01195,0.31636,0.68364
148.32001,1.01193,0.45559,0.54441
148.44000,1.01193,0.17149,0.82851
148.56000,1.01193,0.47119,0.52881
148.67999,1.01195,0.26994,0.73006
148.80000,1.01193,0.41521,0.58479
148.92000,1.01193,0.34282,0.65718
149.03999,1.01195,0.62345,0.37655
149.16000,1.01193,0.59337,0.40663
149.28000,1.01193,0.73867,0.26133
149.39999,1.01195,0.55378,0.44622
149.52000,1.01193,0.53785,0.46215
149.64000,1.01193,0.44432,0.55568
149.75999,1.01195,0.75198,0.24802
149.88000,1.01193,0.32995,0.67005
150.00000,1.01193,0.40502,0.59498
150.12000,1.01195,0.50945,0.49055
150.24001,1.01193,0.45597,0.54403
150.36000,1.01193,0.41067,0.58933
150.48000,1.01195,0.22880,0.77120
150.60001,1.01193,0.25409,0.74591
150.72000,1.01193,0.52674,0.47326
150.84000,1.01195,0.49823,0.50177
150.96001,1.01193,0.45779,0.54221
151.08000,1.01193,0.46188,0.53812
151.20000,1.01195,0.43662,0.56338
151.32001,1.01193,0.62076,0.37924
151.44000,1.01193,0.48045,0.51955
151.56000,1.01193,0.75297,0.24703
151.67999,1.01195,0.65056,0.34944
151.80000,1.01193,0.70545,0.29455
151.92000,1.01193,0.88604,0.11395
152.03999,1.01195,0.88177,0.11823
152.16000,1.01193,0.84097,0.15903
152.28000,1.01193,0.75993,0.24007
152.39999,1.01195,0.93232,0.06768
152.52000,1.01193,0.91185,0.08815
152.64000,1.01193,0.88208,0.11792
152.75999,1.01195,0.92903,0.07097
152.88000,1.01193,0.88951,0.11049
153.00000,1.01193,0.90498,0.09502
153.12000,1.01195,0.89864,0.10136
153.24001,1.01193,0.87619,0.12381
153.36000,1.01193,0.87198,0.12802
153.48000,1.01195,0.91160,0.08840
153.60001,1.01193,0.90426,0.09574
153.72000,1.01193,0.88513,0.11487
153.84000,1.01195,0.91309,0.08691
153.96001,1.01193,0.82869,0.17131
154.08000,1.01193,0.90078,0.09922
154.20000,1.01195,0.59904,0.40096
154.32001,1.01193,0.76063,0.23937
154.44000,1.01193,0.78025,0.21975
154.56000,1.01193,0.67404,0.32596
154.67999,1.01195,0.78388,0.21612
154.80000,1.01193,0.69672,0.30328
154.92000,1.01193,0.70425,0.29575
155.03999,1.01195,0.81639,0.18361
155.16000,1.01193,0.72388,0.27612
155.28000,1.01193,0.65340,0.34660
155.39999,1.01195,0.64283,0.35717
155.52000,1.01193,0.88998,0.11002
155.64000,1.01193,0.84004,0.15996
155.75999,1.01195,0.87355,0.12645
155.88000,1.01193,0.93143,0.06857
156.00000,1.01193,0.89317,0.10683
156.12000,1.01195,0.90416,0.09584
156.24001,1.01193,0.87877,0.12123
156.36000,1.01193,0.89794,0.10206
156.48000,1.01195,0.81013,0.18987
156.60001,1.01193,0.83581,0.16419
156.72000,1.01193,0.85923,0.14077
156.84000,1.01195,0.74078,0.25922
156.96001,1.01193,0.92042,0.07958
157.08000,1.01193,0.74705,0.25295
157.20000,1.01195,0.91370,0.08630
157.32001,1.01193,0.80438,0.19562
157.44000,1.01193,0.80906,0.19094
157.56000,1.01193,0.74411,0.25589
157.67999,1.01195,0.85944,0.14056
157.80000,1.01193,0.79870,0.20130
157.92000,1.01193,0.68243,0.31757
158.03999,1.01195,0.64702,0.35298
158.16000,1.01193,0.53470,0.46530
158.28000,1.01193,0.44948,0.55052
158.39999,1.01195,0.49380,0.50620
158.52000,1.01193,0.36859,0.63141
158.64000,1.01193,0.14212,0.85788
158.75999,1.01195,0.28793,0.71207
158.88000,1.01193,0.26671,0.73329
159.00000,1.01193,0.36359,0.63641
159.12000,1.01195,0.26107,0.73893
159.24001,1.01193,0.55499,0.44501
159.36000,1.01193,0.31624,0.68376
159.48000,1.01195,0.56872,0.43128
159.60001,1.01193,0.37418,0.62582
159.72000,1.01193,0.71627,0.28373
159.84000,1.01195,0.64111,0.35889
159.96001,1.01193,0.65258,0.34742
160.08000,1.01193,0.47791,0.52209
160.20000,1.01195,0.61076,0.38924
160.32001,1.01193,0.51664,0.48336
160.44000,1.01193,0.64918,0.35082
160.56000,1.01193,0.48995,0.51005
160.67999,1.01195,0.82595,0.17405
160.80000,1.01193,0.66103,0.33897
160.92000,1.01193,0.58984,0.41016
161.03999,1.01195,0.81152,0.18848
161.16000,1.01193,0.57623,0.42377
161.28000,1.01193,0.64767,0.35233
161.39999,1.01195,0.63720,0.36280
161.52000,1.01193,0.54791,0.45209
161.64000,1.01193,0.81834,0.18166
161.75999,1.01195,0.54756,0.45244
161.88000,1.01193,0.81746,0.18254
162.00000,1.01193,0.75228,0.24772
162.12000,1.01195,0.86937,0.13063
162.24001,1.01193,0.88006,0.11994
162.36000,1.01193,0.88839,0.11161
162.48000,1.01195,0.77611,0.22389
162.60001,1.01193,0.73703,0.26297
162.72000,1.01193,0.62246,0.37754
162.84000,1.01195,0.64693,0.35307
162.96001,1.01193,0.48916,0.51084
163.08000,1.01193,0.73839,0.26161
163.20000,1.01195,0.56190,0.43810
163.32001,1.01193,0.83970,0.16030
163.44000,1.01193,0.70534,0.29466
163.56000,1.01193,0.73560,0.26440
163.67999,1.01195,0.58070,0.41930
163.80000,1.01193,0.63204,0.36796
163.92000,1.01193,0.66305,0.33695
164.03999,1.01195,0.71165,0.28835
164.16000,1.01193,0.70386,0.29614
164.28000,1.01193,0.63203,0.36797
164.39999,1.01195,0.41917,0.58083
164.52000,1.01193,0.60833,0.39167
164.64000,1.01193,0.35546,0.64454
164.75999,1.01195,0.65690,0.34310
164.88000,1.01193,0.52829,0.47171
165.00000,1.01193,0.74983,0.25017
165.12000,1.01195,0.46978,0.53022
165.24001,1.01193,0.80818,0.19182
165.36000,1.01193,0.50385,0.49615
165.48000,1.01195,0.68688,0.31312
165.60001,1.01193,0.49461,0.50539
165.72000,1.01193,0.64959,0.35041
165.84000,1.01195,0.56749,0.43251
165.96001,1.01193,0.81173,0.18827
166.08000,1.01193,0.80496,0.19504
166.20000,1.01195,0.73138,0.26862
166.32001,1.01193,0.74811,0.25189
166.44000,1.01193,0.74464,0.25536
166.56000,1.01193,0.71228,0.28772
166.67999,1.01195,0.74597,0.25403
166.80000,1.01193,0.78292,0.21708
166.92000,1.01193,0.80311,0.19689
167.03999,1.01195,0.62761,0.37239
167.16000,1.01193,0.69917,0.30083
167.28000,1.01193,0.75059,0.24941
167.39999,1.01195,0.72800,0.27200
167.52000,1.01193,0.75877,0.24123
167.64000,1.01193,0.75004,0.24996
167.75999,1.01195,0.70532,0.29468
167.88000,1.01193,0.69899,0.30101
168.00000,1.01193,0.54403,0.45597
168.12000,1.01195,0.66388,0.33612
168.24001,1.01193,0.41783,0.58217
168.36000,1.01193,0.74000,0.26000
168.48000,1.01195,0.59446,0.40554
168.60001,1.01193,0.66377,0.33623
168.72000,1.01193,0.49878,0.50122
168.84000,1.01195,0.65377,0.34623
168.96001,1.01193,0.68407,0.31593
169.08000,1.01193,0.73022,0.26978
169.20000,1.01195,0.72612,0.27388
169.32001,1.01193,0.70361,0.29639
169.44000,1.01193,0.75185,0.24815
169.56000,1.01193,0.83530,0.16470
169.67999,1.01195,0.79420,0.20580
169.80000,1.01193,0.70153,0.29847
169.92000,1.01193,0.81916,0.18084
170.03999,1.01195,0.80117,0.19883
170.16000,1.01193,0.81413,0.18587
170.28000,1.01193,0.84852,0.15148
170.39999,1.01195,0.62699,0.37301
170.52000,1.01193,0.72767,0.27233
170.64000,1.01193,0.57741,0.42259
170.75999,1.01195,0.61970,0.38030
170.88000,1.01193,0.67630,0.32370
171.00000,1.01193,0.75126,0.24874
171.12000,1.01195,0.75472,0.24528
171.24001,1.01193,0.77994,0.22006
171.36000,1.01193,0.77461,0.22539
171.48000,1.01195,0.69052,0.30948
171.60001,1.01193,0.72684,0.27316
171.72000,1.01193,0.75985,0.24015
171.84000,1.01195,0.86412,0.13588
171.96001,1.01193,0.69372,0.30628
172.08000,1.01193,0.69390,0.30610
172.20000,1.01195,0.76411,0.23589
172.32001,1.01193,0.69574,0.30426
172.44000,1.01193,0.62346,0.37654
172.56000,1.01193,0.56954,0.43046
172.67999,1.01195,0.62561,0.37439
172.80000,1.01193,0.53743,0.46257
172.92000,1.01193,0.66670,0.33330
173.03999,1.01195,0.53593,0.46407
173.16000,1.01193,0.63412,0.36588
173.28000,1.01193,0.75801,0.24199
173.39999,1.01195,0.62529,0.37471
173.52000,1.01193,0.70162,0.29838
173.64000,1.01193,0.71071,0.28929
173.75999,1.01195,0.91400,0.08600
173.88000,1.01193,0.86899,0.13101
174.00000,1.01193,0.89240,0.10760
174.12000,1.01195,0.93054,0.06946
174.24001,1.01193,0.85227,0.14773
174.36000,1.01193,0.75537,0.24463
174.48000,1.01195,0.59698,0.40302
174.60001,1.01193,0.75150,0.24850
174.72000,1.01193,0.67738,0.32262
174.84000,1.01195,0.69893,0.30107
174.96001,1.01193,0.75325,0.24675
175.08000,1.01193,0.67081,0.32919
175.20000,1.01195,0.69294,0.30706
175.32001,1.01193,0.57335,0.42665
175.44000,1.01193,0.48896,0.51104
175.56000,1.01193,0.65752,0.34248
175.67999,1.01195,0.35423,0.64577
175.80000,1.01193,0.36304,0.63696
175.92000,1.01193,0.21378,0.78622
176.03999,1.01195,0.26592,0.73408
176.16000,1.01193,0.46454,0.53546
176.28000,1.01193,0.35248,0.64752
176.39999,1.01195,0.67883,0.32117
176.52000,1.01193,0.37295,0.62705
176.64000,1.01193,0.61254,0.38746
176.75999,1.01195,0.22843,0.77157
176.88000,1.01193,0.62025,0.37975
177.00000,1.01193,0.27017,0.72983
177.12000,1.01195,0.71669,0.28331
177.24001,1.01193,0.54061,0.45939
177.36000,1.01193,0.71952,0.28048
177.48000,1.01195,0.53599,0.46401
177.60001,1.01193,0.44188,0.55812
177.72000,1.01193,0.53682,0.46318
177.84000,1.01195,0.45060,0.54940
177.96001,1.01193,0.38419,0.61581
178.08000,1.01193,0.42377,0.57623
178.20000,1.01195,0.28826,0.71174
178.32001,1.01193,0.61646,0.38354
178.44000,1.01193,0.40124,0.59876
178.56000,1.01193,0.36879,0.63121
178.67999,1.01195,0.52520,0.47480
178.80000,1.01193,0.41599,0.58401
178.92000,1.01193,0.32891,0.67109
179.03999,1.01195,0.42617,0.57383
179.16000,1.01193,0.52974,0.47026
179.28000,1.01193,0.57707,0.42293
179.39999,1.01195,0.47358,0.52642
179.52000,1.01193,0.47435,0.52565
179.64000,1.01193,0.69665,0.30335
179.75999,1.01195,0.73002,0.26998
179.88000,1.01193,0.54104,0.45896
180.00000,1.01193,0.68035,0.31965
180.12000,1.01195,0.53872,0.46128
180.24001,1.01193,0.63185,0.36815
180.36000,1.01193,0.61332,0.38668
180.48000,1.01195,0.60169,0.39831
180.60001,1.01193,0.70953,0.29047
180.72000,1.01193,0.50494,0.49506
180.84000,1.01195,0.66849,0.33151
180.96001,1.01193,0.47321,0.52679
181.08000,1.01193,0.44897,0.55103
181.20000,1.01195,0.52168,0.47832
181.32001,1.01193,0.50558,0.49442
181.44000,1.01193,0.56613,0.43387
181.56000,1.01193,0.53380,0.46620
181.67999,1.01195,0.70868,0.29132
181.80000,1.01193,0.64994,0.35006
181.92000,1.01193,0.69935,0.30065
182.03999,1.01195,0.82811,0.17189
182.16000,1.01193,0.63422,0.36578
182.28000,1.01193,0.72890,0.27110
182.39999,1.01195,0.49643,0.50357
182.52000,1.01193,0.45989,0.54011
182.64000,1.01193,0.44814,0.55186
182.75999,1.01195,0.43611,0.56389
182.88000,1.01193,0.31359,0.68641
183.00000,1.01193,0.38892,0.61108
183.12000,1.01195,0.50770,0.49230
183.24001,1.01193,0.42649,0.57351
183.36000,1.01193,0.55604,0.44396
183.48000,1.01195,0.55456,0.44544
183.60001,1.01193,0.61771,0.38229
183.72000,1.01193,0.56169,0.43831
183.84000,1.01195,0.53944,0.46056
183.96001,1.01193,0.53558,0.46442
184.08000,1.01193,0.37867,0.62133
184.20000,1.01195,0.48042,0.51958
184.32001,1.01193,0.45960,0.54040
184.44000,1.01193,0.83951,0.16049
184.56000,1.01193,0.60397,0.39603
184.67999,1.01195,0.89705,0.10295
184.80000,1.01193,0.64882,0.35118
184.92000,1.01193,0.84452,0.15548
185.03999,1.01195,0.81469,0.18531
185.16000,1.01193,0.81428,0.18572
185.28000,1.01193,0.66396,0.33604
185.39999,1.01195,0.81460,0.18540
185.52000,1.01193,0.68644,0.31356
185.64000,1.01193,0.51489,0.48511
185.75999,1.01195,0.75203,0.24797
185.88000,1.01193,0.45220,0.54780
186.00000,1.01193,0.62450,0.37550
186.12000,1.01195,0.50211,0.49789
186.24001,1.01193,0.56694,0.43306
186.36000,1.01193,0.82986,0.17014
186.48000,1.01195,0.74985,0.25015
186.60001,1.01193,0.79813,0.20187
186.72000,1.01193,0.88335,0.11665
186.84000,1.01195,0.85233,0.14767
186.96001,1.01193,0.84386,0.15614
187.08000,1.01193,0.73414,0.26586
187.20000,1.01195,0.64644,0.35356
187.32001,1.01193,0.79581,0.20419
187.44000,1.01193,0.76404,0.23596
187.56000,1.01193,0.67743,0.32257
187.67999,1.01195,0.77225,0.22775
187.80000,1.01193,0.74052,0.25948
187.92000,1.01193,0.89870,0.10130
188.03999,1.01195,0.77917,0.22083
188.16000,1.01193,0.90795,0.09205
188.28000,1.01193,0.80010,0.19990
188.39999,1.01195,0.91699,0.08301
188.52000,1.01193,0.89452,0.10548
188.64000,1.01193,0.81637,0.18363
188.75999,1.01195,0.93446,0.06554
188.88000,1.01193,0.88765,0.11235
189.00000,1.01193,0.93346,0.06654
189.12000,1.01195,0.71870,0.28130
189.24001,1.01193,0.96019,0.03981
189.36000,1.01193,0.87274,0.12726
189.48000,1.01195,0.94629,0.05371
189.60001,1.01193,0.93554,0.06446
189.72000,1.01193,0.92493,0.07507
189.84000,1.01195,0.93482,0.06518
189.96001,1.01193,0.92780,0.07220
190.08000,1.01193,0.95708,0.04292
190.20000,1.01195,0.95190,0.04810
190.32001,1.01193,0.94350,0.05650
190.44000,1.01193,0.88905,0.11095
190.56000,1.01193,0.92836,0.07164
190.67999,1.01195,0.89662,0.10338
190.80000,1.01193,0.94801,0.05199
190.92000,1.01193,0.93739,0.06261
191.03999,1.01195,0.93919,0.06081
191.16000,1.01193,0.97059,0.02941
191.28000,1.01193,0.96052,0.03948
191.39999,1.01195,0.96918,0.03082
191.52000,1.01193,0.95367,0.04633
191.64000,1.01193,0.92599,0.07401
191.75999,1.01195,0.95231,0.04769
191.88000,1.01193,0.88353,0.11647
192.00000,1.01193,0.94569,0.05431
192.12000,1.01195,0.91519,0.08481
192.24001,1.01193,0.90960,0.09040
192.36000,1.01193,0.91323,0.08677
192.48000,1.01195,0.94765,0.05235
192.60001,1.01193,0.85528,0.14472
192.72000,1.01193,0.94627,0.05373
192.84000,1.01195,0.94140,0.05860
192.96001,1.01193,0.94768,0.05232
193.08000,1.01193,0.88331,0.11669
193.20000,1.01195,0.91622,0.08378
193.32001,1.01193,0.87950,0.12050
193.44000,1.01193,0.94957,0.05043
193.56000,1.01193,0.90694,0.09306
193.67999,1.01195,0.96374,0.03626
193.80000,1.01193,0.94551,0.05449
193.92000,1.01193,0.91381,0.08619
194.03999,1.01195,0.90595,0.09405
194.16000,1.01193,0.92034,0.07966
194.28000,1.01193,0.92937,0.07063
194.39999,1.01195,0.92361,0.07639
194.52000,1.01193,0.84209,0.15791
194.64000,1.01193,0.96237,0.03763
194.75999,1.01195,0.73658,0.26342
194.88000,1.01193,0.88870,0.11130
195.00000,1.01193,0.71835,0.28165
195.12000,1.01195,0.87241,0.12759
195.24001,1.01193,0.76734,0.23266
195.36000,1.01193,0.79398,0.20602
195.48000,1.01195,0.68541,0.31459
195.60001,1.01193,0.77382,0.22618
195.72000,1.01193,0.89720,0.10280
195.84000,1.01195,0.92134,0.07866
195.96001,1.01193,0.92698,0.07302
196.08000,1.01193,0.96846,0.03154
196.20000,1.01195,0.96702,0.03298
196.32001,1.01193,0.97004,0.02996
196.44000,1.01193,0.94333,0.05666
196.56000,1.01193,0.94555,0.05445
196.67999,1.01195,0.95595,0.04405
196.80000,1.01193,0.93144,0.06856
196.92000,1.01193,0.95412,0.04588
197.03999,1.01195,0.94172,0.05829
197.16000,1.01193,0.95818,0.04182
197.28000,1.01193,0.97136,0.02864
197.39999,1.01195,0.95939,0.04061
197.52000,1.01193,0.94166,0.05834
197.64000,1.01193,0.94830,0.05170
197.75999,1.01195,0.95662,0.04338
197.88000,1.01193,0.94362,0.05638
198.00000,1.01193,0.93829,0.06171
198.12000,1.01195,0.91438,0.08562
198.24001,1.01193,0.96127,0.03873
198.36000,1.01193,0.95674,0.04326
198.48000,1.01195,0.95198,0.04802
198.60001,1.01193,0.95415,0.04585
198.72000,1.01193,0.96765,0.03235
198.84000,1.01195,0.96848,0.03152
198.96001,1.01193,0.95775,0.04225
199.08000,1.01193,0.96610,0.03390
199.20000,1.01195,0.96115,0.03885
199.32001,1.01193,0.94863,0.05137
199.44000,1.01193,0.96431,0.03569
199.56000,1.01193,0.96637,0.03363
199.67999,1.01195,0.96696,0.03304
199.80000,1.01193,0.95509,0.04490
199.92000,1.01193,0.91715,0.08285
200.03999,1.01195,0.93312,0.06688
200.16000,1.01193,0.87914,0.12086
200.28000,1.01193,0.93770,0.06230
200.39999,1.01195,0.93381,0.06619
200.52000,1.01193,0.94393,0.05607
200.64000,1.01193,0.95623,0.04377
200.75999,1.01195,0.89966,0.10034
200.88000,1.01193,0.94824,0.05176
201.00000,1.01193,0.91694,0.08306
201.12000,1.01195,0.95130,0.04870
201.24001,1.01193,0.92572,0.07428
201.36000,1.01193,0.95823,0.04177
201.48000,1.01195,0.95285,0.04715
201.60001,1.01193,0.94464,0.05536
201.72000,1.01193,0.94715,0.05285
201.84000,1.01195,0.92449,0.07551
201.96001,1.01193,0.95653,0.04347
202.08000,1.01193,0.93229,0.06771
202.20000,1.01195,0.96960,0.03040
202.32001,1.01193,0.94759,0.05241
202.44000,1.01193,0.96585,0.03415
202.56000,1.01193,0.95816,0.04184
202.67999,1.01195,0.96105,0.03895
202.80000,1.01193,0.96292,0.03708
202.92000,1.01193,0.95178,0.04822
203.03999,1.01195,0.87182,0.12818
203.16000,1.01193,0.85439,0.14561
203.28000,1.01193,0.90170,0.09830
203.39999,1.01195,0.93239,0.06761
203.52000,1.01193,0.90197,0.09803
203.64000,1.01193,0.93774,0.06226
203.75999,1.01195,0.94560,0.05440
203.88000,1.01193,0.97887,0.02113
204.00000,1.01193,0.93971,0.06029
204.12000,1.01195,0.96815,0.03185
204.24001,1.01193,0.92698,0.07302
204.36000,1.01193,0.96928,0.03072
204.48000,1.01195,0.91802,0.08198
204.60001,1.01193,0.97089,0.02911
204.72000,1.01193,0.95534,0.04466
204.84000,1.01195,0.95380,0.04620
204.96001,1.01193,0.94892,0.05108
205.08000,1.01193,0.93746,0.06254
205.20000,1.01195,0.96361,0.03639
205.32001,1.01193,0.94122,0.05878
205.44000,1.01193,0.96308,0.03692
205.56000,1.01193,0.95436,0.04564
205.67999,1.01195,0.93962,0.06038
205.80000,1.01193,0.91907,0.08093
205.92000,1.01193,0.96686,0.03314
206.03999,1.01195,0.92528,0.07472
206.16000,1.01193,0.94624,0.05376
206.28000,1.01193,0.96536,0.03464
206.39999,1.01195,0.92216,0.07784
206.52000,1.01193,0.95664,0.04336
206.64000,1.01193,0.91880,0.08120
206.75999,1.01195,0.93467,0.06533
206.88000,1.01193,0.95841,0.04159
207.00000,1.01193,0.95768,0.04232
207.12000,1.01195,0.96082,0.03918
207.24001,1.01193,0.96259,0.03741
207.36000,1.01193,0.96293,0.03707
207.48000,1.01195,0.96321,0.03679
207.60001,1.01193,0.93305,0.06695
207.72000,1.01193,0.95117,0.04883
207.84000,1.01195,0.93922,0.06078
207.96001,1.01193,0.95085,0.04915
208.08000,1.01193,0.93722,0.06278
208.20000,1.01195,0.95062,0.04938
208.32001,1.01193,0.92638,0.07362
208.44000,1.01193,0.95238,0.04762
208.56000,1.01193,0.91436,0.08564
208.67999,1.01195,0.94426,0.05574
208.80000,1.01193,0.92513,0.07487
208.92000,1.01193,0.93249,0.06751
209.03999,1.01195,0.92876,0.07124
209.16000,1.01193,0.94946,0.05054
209.28000,1.01193,0.94032,0.05968
209.39999,1.01195,0.95276,0.04724
209.52000,1.01193,0.90982,0.09018
209.64000,1.01193,0.95408,0.04592
209.75999,1.01195,0.93032,0.06968
209.88000,1.01193,0.92261,0.07739
210.00000,1.01193,0.95383,0.04617
210.12000,1.01195,0.96256,0.03744
210.24001,1.01193,0.97360,0.02640
210.36000,1.01193,0.97371,0.02629
210.48000,1.01195,0.96055,0.03945
210.60001,1.01193,0.94187,0.05813
210.72000,1.01193,0.92057,0.07943
210.84000,1.01195,0.93258,0.06742
210.96001,1.01193,0.92541,0.07459
211.08000,1.01193,0.95975,0.04025
211.20000,1.01195,0.92641,0.07359
211.32001,1.01193,0.91129,0.08871
211.44000,1.01193,0.93630,0.06370
211.56000,1.01193,0.94119,0.05881
211.67999,1.01195,0.95734,0.04266
211.80000,1.01193,0.95537,0.04463
211.92000,1.01193,0.96100,0.03900
212.03999,1.01195,0.88882,0.11118
212.16000,1.01193,0.94309,0.05691
212.28000,1.01193,0.89389,0.10611
212.39999,1.01195,0.94840,0.05160
212.52000,1.01193,0.90567,0.09433
212.64000,1.01193,0.93452,0.06548
212.75999,1.01195,0.95368,0.04632
212.88000,1.01193,0.93011,0.06989
213.00000,1.01193,0.97259,0.02741
213.12000,1.01195,0.90447,0.09553
213.24001,1.01193,0.92083,0.07917
213.36000,1.01193,0.94920,0.05080
213.48000,1.01195,0.89230,0.10770
213.60001,1.01193,0.94283,0.05717
213.72000,1.01193,0.88385,0.11615
213.84000,1.01195,0.94324,0.05676
213.96001,1.01193,0.90423,0.09577
214.08000,1.01193,0.91028,0.08972
214.20000,1.01195,0.89076,0.10924
214.32001,1.01193,0.92049,0.07951
214.44000,1.01193,0.94850,0.05150
214.56000,1.01193,0.92794,0.07206
214.67999,1.01195,0.95214,0.04786
214.80000,1.01193,0.81389,0.18611
214.92000,1.01193,0.95750,0.04250
215.03999,1.01195,0.82722,0.17278
215.16000,1.01193,0.95336,0.04664
215.28000,1.01193,0.90576,0.09424
215.39999,1.01195,0.93300,0.06700
215.52000,1.01193,0.85123,0.14877
215.64000,1.01193,0.89912,0.10088
215.75999,1.01195,0.89276,0.10724
215.88000,1.01193,0.95127,0.04873
216.00000,1.01193,0.83611,0.16389
216.12000,1.01195,0.91048,0.08952
216.24001,1.01193,0.91181,0.08819
216.36000,1.01193,0.94245,0.05755
216.48000,1.01195,0.90888,0.09112
216.60001,1.01193,0.90471,0.09529
216.72000,1.01193,0.96256,0.03744
216.84000,1.01195,0.93899,0.06101
216.96001,1.01193,0.87600,0.12400
217.08000,1.01193,0.91876,0.08124
217.20000,1.01195,0.93444,0.06556
217.32001,1.01193,0.93712,0.06288
217.44000,1.01193,0.94998,0.05002
217.56000,1.01193,0.89789,0.10211
217.67999,1.01195,0.96248,0.03752
217.80000,1.01193,0.85697,0.14303
217.92000,1.01193,0.94495,0.05505
218.03999,1.01195,0.89430,0.10570
218.16000,1.01193,0.93086,0.06914
218.28000,1.01193,0.92565,0.07435
218.39999,1.01195,0.93231,0.06769
218.52000,1.01193,0.90922,0.09078
218.64000,1.01193,0.96409,0.03591
218.75999,1.01195,0.87812,0.12188
218.88000,1.01193,0.95751,0.04249
219.00000,1.01193,0.94670,0.05330
219.12000,1.01195,0.95186,0.04814
219.24001,1.01193,0.94109,0.05891
219.36000,1.01193,0.95439,0.04561
219.48000,1.01195,0.94467,0.05533
219.60001,1.01193,0.94518,0.05482
219.72000,1.01193,0.96711,0.03289
219.84000,1.01195,0.94061,0.05939
219.96001,1.01193,0.94103,0.05897
220.08000,1.01193,0.91978,0.08022
220.20000,1.01195,0.89913,0.10087
220.32001,1.01193,0.89411,0.10589
220.44000,1.01193,0.85453,0.14547
220.56000,1.01193,0.86668,0.13332
220.67999,1.01195,0.88095,0.11905
220.80000,1.01193,0.92922,0.07078
220.92000,1.01193,0.94644,0.05356
221.03999,1.01195,0.93793,0.06207
221.16000,1.01193,0.96345,0.03655
221.28000,1.01193,0.93512,0.06488
221.39999,1.01195,0.96675,0.03325
221.52000,1.01193,0.95106,0.04894
221.64000,1.01193,0.93897,0.06103
221.75999,1.01195,0.93335,0.06665
221.88000,1.01193,0.88198,0.11802
222.00000,1.01193,0.94225,0.05775
222.12000,1.01195,0.92445,0.07555
222.24001,1.01193,0.94567,0.05433
222.36000,1.01193,0.93034,0.06966
222.48000,1.01195,0.92461,0.07539
222.60001,1.01193,0.89211,0.10789
222.72000,1.01193,0.91923,0.08077
222.84000,1.01195,0.84431,0.15569
222.96001,1.01193,0.93035,0.06965
223.08000,1.01193,0.83435,0.16565
223.20000,1.01195,0.90484,0.09516
223.32001,1.01193,0.76453,0.23547
223.44000,1.01193,0.76561,0.23439
223.56000,1.01193,0.72268,0.27732
223.67999,1.01195,0.91867,0.08133
223.80000,1.01193,0.86690,0.13310
223.92000,1.01193,0.91212,0.08788
224.03999,1.01195,0.78368,0.21632
224.16000,1.01193,0.92583,0.07417
224.28000,1.01193,0.90097,0.09903
224.39999,1.01195,0.90098,0.09902
224.52000,1.01193,0.89510,0.10490
224.64000,1.01193,0.92309,0.07691
224.75999,1.01195,0.94552,0.05448
224.88000,1.01193,0.92711,0.07289
225.00000,1.01193,0.93217,0.06783
225.12000,1.01195,0.94267,0.05733
225.24001,1.01193,0.91311,0.08689
225.36000,1.01193,0.95787,0.04213
225.48000,1.01195,0.94464,0.05536
225.60001,1.01193,0.96607,0.03393
225.72000,1.01193,0.93885,0.06115
225.84000,1.01195,0.93749,0.06251
225.96001,1.01193,0.94986,0.05014
226.08000,1.01193,0.93575,0.06425
226.20000,1.01195,0.89742,0.10258
226.32001,1.01193,0.94236,0.05764
226.44000,1.01193,0.91517,0.08483
226.56000,1.01193,0.95092,0.04908
226.67999,1.01195,0.87717,0.12283
226.80000,1.01193,0.96266,0.03734
226.92000,1.01193,0.96352,0.03648
227.03999,1.01195,0.95195,0.04805
227.16000,1.01193,0.95704,0.04296
227.28000,1.01193,0.95441,0.04559
227.39999,1.01195,0.95977,0.04023
227.52000,1.01193,0.94556,0.05444
227.64000,1.01193,0.93262,0.06738
227.75999,1.01195,0.93527,0.06473
227.88000,1.01193,0.95466,0.04534
228.00000,1.01193,0.93864,0.06136
228.12000,1.01195,0.95303,0.04697
228.24001,1.01193,0.93902,0.06098
228.36000,1.01193,0.97011,0.02989
228.48000,1.01195,0.93688,0.06312
228.60001,1.01193,0.96638,0.03362
228.72000,1.01193,0.93302,0.06698
228.84000,1.01195,0.96791,0.03209
228.96001,1.01193,0.91850,0.08150
229.08000,1.01193,0.94548,0.05452
229.20000,1.01195,0.92936,0.07064
229.32001,1.01193,0.83559,0.16441
229.44000,1.01193,0.94162,0.05838
229.56000,1.01193,0.91734,0.08266
229.67999,1.01195,0.95894,0.04106
229.80000,1.01193,0.93266,0.06734
229.92000,1.01193,0.91886,0.08114
230.03999,1.01195,0.90501,0.09499
230.16000,1.01193,0.94457,0.05543
230.28000,1.01193,0.93701,0.06299
230.39999,1.01195,0.93063,0.06937
230.52000,1.01193,0.94614,0.05386
230.64000,1.01193,0.91391,0.08609
230.75999,1.01195,0.90169,0.09831
230.88000,1.01193,0.93201,0.06799
231.00000,1.01193,0.82383,0.17617
231.12000,1.01195,0.92401,0.07599
231.24001,1.01193,0.86490,0.13510
231.36000,1.01193,0.92541,0.07459
231.48000,1.01195,0.88330,0.11670
231.60001,1.01193,0.96346,0.03654
231.72000,1.01193,0.89412,0.10588
231.84000,1.01195,0.94996,0.05004
231.96001,1.01193,0.95052,0.04948
232.08000,1.01193,0.90594,0.09406
232.20000,1.01195,0.92284,0.07716
232.32001,1.01193,0.94709,0.05291
232.44000,1.01193,0.95119,0.04881
232.56000,1.01193,0.94661,0.05339
232.67999,1.01195,0.95358,0.04642
232.80000,1.01193,0.96912,0.03088
232.92000,1.01193,0.94828,0.05172
233.03999,1.01195,0.95852,0.04148
233.16000,1.01193,0.95063,0.04937
233.28000,1.01193,0.93460,0.06540
233.39999,1.01195,0.91037,0.08963
233.52000,1.01193,0.86809,0.13191
233.64000,1.01193,0.86261,0.13739
233.75999,1.01195,0.74089,0.25911
233.88000,1.01193,0.77200,0.22800
234.00000,1.01193,0.73103,0.26897
234.12000,1.01195,0.70744,0.29256
234.24001,1.01193,0.90875,0.09125
234.36000,1.01193,0.81781,0.18219
234.48000,1.01195,0.91987,0.08013
234.60001,1.01193,0.94031,0.05969
234.72000,1.01193,0.94798,0.05202
234.84000,1.01195,0.94494,0.05506
234.96001,1.01193,0.95653,0.04347
235.08000,1.01193,0.96138,0.03862
235.20000,1.01195,0.95190,0.04810
235.32001,1.01193,0.95576,0.04424
235.44000,1.01193,0.93287,0.06713
235.56000,1.01193,0.97095,0.02905
235.67999,1.01195,0.94363,0.05637
235.80000,1.01193,0.94219,0.05781
235.92000,1.01193,0.92678,0.07322
236.03999,1.01195,0.94307,0.05693
236.16000,1.01193,0.94998,0.05002
236.28000,1.01193,0.95782,0.04218
236.39999,1.01195,0.95605,0.04395
236.52000,1.01193,0.95760,0.04240
236.64000,1.01193,0.94111,0.05889
236.75999,1.01195,0.94574,0.05426
236.88000,1.01193,0.96622,0.03378
237.00000,1.01193,0.95626,0.04374
237.12000,1.01195,0.95989,0.04011
237.24001,1.01193,0.95317,0.04683
237.36000,1.01193,0.95341,0.04659
237.48000,1.01195,0.89148,0.10852
237.60001,1.01193,0.96143,0.03857
237.72000,1.01193,0.95374,0.04626
237.84000,1.01195,0.92540,0.07460
237.96001,1.01193,0.94353,0.05647
238.08000,1.01193,0.95902,0.04098
238.20000,1.01195,0.93658,0.06342
238.32001,1.01193,0.92461,0.07539
238.44000,1.01193,0.90235,0.09765
238.56000,1.01193,0.86542,0.13458
238.67999,1.01195,0.93904,0.06096
238.80000,1.01193,0.77639,0.22361
238.92000,1.01193,0.81161,0.18839
239.03999,1.01195,0.79599,0.20401
239.16000,1.01193,0.90793,0.09207
239.28000,1.01193,0.85038,0.14962
239.39999,1.01195,0.91872,0.08128
239.52000,1.01193,0.86567,0.13433
239.64000,1.01193,0.86994,0.13006
239.75999,1.01195,0.72039,0.27961
239.88000,1.01193,0.78877,0.21123
240.00000,1.01193,0.74535,0.25465
240.12000,1.01195,0.85128,0.14872
240.24001,1.01193,0.90076,0.09924
240.36000,1.01193,0.92760,0.07240
240.48000,1.01195,0.94104,0.05896
240.60001,1.01193,0.95548,0.04452
240.72000,1.01193,0.91595,0.08405
240.84000,1.01195,0.87097,0.12903
240.96001,1.01193,0.90541,0.09459
241.08000,1.01193,0.84760,0.15240
241.20000,1.01195,0.91011,0.08989
241.32001,1.01193,0.91421,0.08579
241.44000,1.01193,0.92408,0.07592
241.56000,1.01193,0.92007,0.07993
241.67999,1.01195,0.93191,0.06809
241.80000,1.01193,0.93141,0.06859
241.92000,1.01193,0.97428,0.02572
242.03999,1.01195,0.96407,0.03593
242.16000,1.01193,0.97445,0.02555
242.28000,1.01193,0.97278,0.02722
242.39999,1.01195,0.93826,0.06174
242.52000,1.01193,0.96989,0.03011
242.64000,1.01193,0.90288,0.09712
242.75999,1.01195,0.95259,0.04741
242.88000,1.01193,0.95626,0.04374
243.00000,1.01193,0.95793,0.04207
243.12000,1.01195,0.96468,0.03532
243.24001,1.01193,0.95561,0.04439
243.36000,1.01193,0.96530,0.03470
243.48000,1.01195,0.95120,0.04880
243.60001,1.01193,0.95267,0.04733
243.72000,1.01193,0.94756,0.05244
243.84000,1.01195,0.96616,0.03384
243.96001,1.01193,0.94086,0.05914
244.08000,1.01193,0.94973,0.05027
244.20000,1.01195,0.94450,0.05550
244.32001,1.01193,0.93009,0.06991
244.44000,1.01193,0.97132,0.02868
244.56000,1.01193,0.91583,0.08417
244.67999,1.01195,0.97345,0.02655
244.80000,1.01193,0.95423,0.04577
244.92000,1.01193,0.97935,0.02065
245.03999,1.01195,0.93055,0.06945
245.16000,1.01193,0.94130,0.05870
245.28000,1.01193,0.91588,0.08412
245.39999,1.01195,0.95638,0.04362
245.52000,1.01193,0.95906,0.04094
245.64000,1.01193,0.91651,0.08349
245.75999,1.01195,0.95132,0.04868
245.88000,1.01193,0.91009,0.08991
246.00000,1.01193,0.97534,0.02466
246.12000,1.01195,0.95445,0.04555
246.24001,1.01193,0.94958,0.05042
246.36000,1.01193,0.92202,0.07798
246.48000,1.01195,0.94817,0.05183
246.60001,1.01193,0.94369,0.05631
246.72000,1.01193,0.94366,0.05634
246.84000,1.01195,0.95796,0.04204
246.96001,1.01193,0.94040,0.05960
247.08000,1.01193,0.96735,0.03265
247.20000,1.01195,0.96781,0.03219
247.32001,1.01193,0.96924,0.03076
247.44000,1.01193,0.97380,0.02620
247.56000,1.01193,0.90689,0.09311
247.67999,1.01195,0.93936,0.06064
247.80000,1.01193,0.89860,0.10140
247.92000,1.01193,0.96515,0.03485
248.03999,1.01195,0.95122,0.04878
248.16000,1.01193,0.94075,0.05925
248.28000,1.01193,0.93824,0.06176
248.39999,1.01195,0.93601,0.06399
248.52000,1.01193,0.92474,0.07526
248.64000,1.01193,0.95266,0.04734
248.75999,1.01195,0.94261,0.05739
248.88000,1.01193,0.94581,0.05419
249.00000,1.01193,0.92032,0.07968
249.12000,1.01195,0.94417,0.05583
249.24001,1.01193,0.88867,0.11133
249.36000,1.01193,0.97238,0.02762
249.48000,1.01195,0.95059,0.04941
249.60001,1.01193,0.97398,0.02602
249.72000,1.01193,0.95798,0.04202
249.84000,1.01195,0.97890,0.02110
249.96001,1.01193,0.92955,0.07045
250.08000,1.01193,0.96193,0.03807
250.20000,1.01195,0.95787,0.04213
250.32001,1.01193,0.97145,0.02855
250.44000,1.01193,0.94828,0.05172
250.56000,1.01193,0.97606,0.02394
250.67999,1.01195,0.94256,0.05744
250.80000,1.01193,0.94944,0.05056
250.92000,1.01193,0.89521,0.10479
251.03999,1.01195,0.96666,0.03334
251.16000,1.01193,0.96108,0.03892
251.28000,1.01193,0.94560,0.05440
251.39999,1.01195,0.96619,0.03381
251.52000,1.01193,0.93994,0.06006
251.64000,1.01193,0.90362,0.09638
251.75999,1.01195,0.92535,0.07465
251.88000,1.01193,0.90807,0.09193
252.00000,1.01193,0.94065,0.05935
252.12000,1.01195,0.92726,0.07274
252.24001,1.01193,0.94312,0.05688
252.36000,1.01193,0.95210,0.04790
252.48000,1.01195,0.91385,0.08615
252.60001,1.01193,0.90110,0.09890
252.72000,1.01193,0.94169,0.05831
252.84000,1.01195,0.89254,0.10746
252.96001,1.01193,0.88027,0.11973
253.08000,1.01193,0.90399,0.09601
253.20000,1.01195,0.94083,0.05917
253.32001,1.01193,0.85248,0.14752
253.44000,1.01193,0.91780,0.08220
253.56000,1.01193,0.89286,0.10714
253.67999,1.01195,0.92319,0.07681
253.80000,1.01193,0.86668,0.13332
253.92000,1.01193,0.95357,0.04643
254.03999,1.01195,0.95377,0.04623
254.16000,1.01193,0.83939,0.16061
254.28000,1.01193,0.97391,0.02609
254.39999,1.01195,0.84891,0.15109
254.52000,1.01193,0.94596,0.05404
254.64000,1.01193,0.91038,0.08962
254.75999,1.01195,0.92950,0.07050
254.88000,1.01193,0.96483,0.03517
255.00000,1.01193,0.85370,0.14630
255.12000,1.01193,0.94487,0.05513
255.24001,1.01192,0.86810,0.13190
255.36000,1.01195,0.95220,0.04780
255.48000,1.01195,0.90451,0.09549
255.60001,1.01193,0.93619,0.06381
255.72000,1.01193,0.93924,0.06076
255.84000,1.01193,0.94146,0.05854
255.96001,1.01192,0.96827,0.03173
256.07999,1.01196,0.91449,0.08551
256.20001,1.01193,0.96686,0.03314
256.32001,1.01193,0.89669,0.10331
256.44000,1.01193,0.96518,0.03482
256.56000,1.01193,0.94533,0.05467
256.67999,1.01193,0.96630,0.03370
256.79999,1.01196,0.94131,0.05869
256.92001,1.01193,0.96224,0.03776
257.04001,1.01193,0.95481,0.04519
257.16000,1.01193,0.94697,0.05303
257.28000,1.01193,0.96606,0.03394
257.39999,1.01193,0.95052,0.04948
257.51999,1.01196,0.96309,0.03691
257.64001,1.01193,0.94639,0.05361
257.76001,1.01193,0.95267,0.04733
257.88000,1.01193,0.95705,0.04295
258.00000,1.01193,0.94679,0.05321
258.12000,1.01193,0.93119,0.06881
258.23999,1.01193,0.94587,0.05413
258.35999,1.01196,0.92665,0.07335
258.48001,1.01193,0.94534,0.05466
258.60001,1.01193,0.93962,0.06038
258.72000,1.01193,0.96298,0.03702
258.84000,1.01193,0.93364,0.06636
258.95999,1.01193,0.91525,0.08475
259.07999,1.01196,0.94272,0.05728
259.20001,1.01193,0.92125,0.07875
259.32001,1.01193,0.91770,0.08230
259.44000,1.01193,0.91196,0.08804
259.56000,1.01193,0.93710,0.06290
259.67999,1.01193,0.94018,0.05982
259.79999,1.01196,0.92235,0.07765
259.92001,1.01193,0.91216,0.08784
260.04001,1.01193,0.94323,0.05677
260.16000,1.01193,0.95543,0.04457
260.28000,1.01193,0.94739,0.05261
260.39999,1.01193,0.96036,0.03964
260.51999,1.01196,0.89930,0.10070
260.64001,1.01193,0.95191,0.04809
260.76001,1.01193,0.84635,0.15365
260.88000,1.01193,0.97420,0.02580
261.00000,1.01193,0.84536,0.15464
261.12000,1.01193,0.95022,0.04978
261.23999,1.01193,0.91975,0.08025
261.35999,1.01196,0.94796,0.05204
261.48001,1.01193,0.94036,0.05964
261.60001,1.01193,0.95087,0.04913
261.72000,1.01193,0.96052,0.03948
261.84000,1.01193,0.93726,0.06274
261.95999,1.01193,0.95036,0.04964
262.07999,1.01196,0.97277,0.02723
262.20001,1.01193,0.94678,0.05322
262.32001,1.01193,0.95069,0.04931
262.44000,1.01193,0.96091,0.03909
262.56000,1.01193,0.95209,0.04791
262.67999,1.01193,0.94107,0.05893
262.79999,1.01196,0.92611,0.07389
262.92001,1.01193,0.95591,0.04409
263.04001,1.01193,0.82200,0.17800
263.16000,1.01193,0.87111,0.12889
263.28000,1.01193,0.81062,0.18938
263.39999,1.01193,0.92713,0.07287
263.51999,1.01196,0.90331,0.09669
263.64001,1.01193,0.94880,0.05120
263.76001,1.01193,0.90336,0.09664
263.88000,1.01193,0.90061,0.09939
264.00000,1.01193,0.92889,0.07111
264.12000,1.01193,0.84193,0.15807
264.23999,1.01193,0.93495,0.06505
264.35999,1.01196,0.93016,0.06984
264.48001,1.01193,0.95015,0.04985
264.60001,1.01193,0.95154,0.04846
264.72000,1.01193,0.93760,0.06240
264.84000,1.01193,0.95129,0.04871
264.95999,1.01193,0.91434,0.08566
265.07999,1.01196,0.94902,0.05098
265.20001,1.01193,0.87057,0.12943
265.32001,1.01193,0.93354,0.06646
265.44000,1.01193,0.90743,0.09257
265.56000,1.01193,0.93585,0.06415
265.67999,1.01193,0.94024,0.05976
265.79999,1.01196,0.88625,0.11375
265.92001,1.01193,0.91988,0.08012
266.04001,1.01193,0.91763,0.08237
266.16000,1.01193,0.91603,0.08397
266.28000,1.01193,0.90021,0.09979
266.39999,1.01193,0.81378,0.18622
266.51999,1.01196,0.93250,0.06750
266.64001,1.01193,0.87705,0.12295
266.76001,1.01193,0.93801,0.06199
266.88000,1.01193,0.92105,0.07895
267.00000,1.01193,0.91707,0.08293
267.12000,1.01193,0.95824,0.04176
267.23999,1.01193,0.96325,0.03675
267.35999,1.01196,0.96346,0.03654
267.48001,1.01193,0.94672,0.05328
267.60001,1.01193,0.92706,0.07294
267.72000,1.01193,0.94764,0.05236
267.84000,1.01193,0.85426,0.14574
267.95999,1.01193,0.92192,0.07808
268.07999,1.01196,0.91108,0.08892
268.20001,1.01193,0.91708,0.08292
268.32001,1.01193,0.91883,0.08117
268.44000,1.01193,0.92763,0.07237
268.56000,1.01193,0.86495,0.13505
268.67999,1.01193,0.95139,0.04861
268.79999,1.01196,0.87034,0.12966
268.92001,1.01193,0.95274,0.04726
269.04001,1.01193,0.92418,0.07582
269.16000,1.01193,0.93603,0.06397
269.28000,1.01193,0.95248,0.04752
269.39999,1.01193,0.94637,0.05363
269.51999,1.01196,0.95842,0.04158
269.64001,1.01193,0.94244,0.05756
269.76001,1.01193,0.92683,0.07317
269.88000,1.01193,0.94646,0.05354
270.00000,1.01193,0.94349,0.05651
270.12000,1.01193,0.92167,0.07833
270.23999,1.01193,0.92947,0.07053
270.35999,1.01196,0.95636,0.04364
270.48001,1.01193,0.97060,0.02940
270.60001,1.01193,0.94128,0.05872
270.72000,1.01193,0.95012,0.04988
270.84000,1.01193,0.89137,0.10863
270.95999,1.01193,0.91084,0.08916
271.07999,1.01196,0.95643,0.04357
271.20001,1.01193,0.91060,0.08940
271.32001,1.01193,0.95123,0.04877
271.44000,1.01193,0.90988,0.09012
271.56000,1.01193,0.94045,0.05955
271.67999,1.01193,0.87659,0.12341
271.79999,1.01196,0.95675,0.04325
271.92001,1.01193,0.95253,0.04747
272.04001,1.01193,0.95945,0.04055
272.16000,1.01193,0.98614,0.01386
272.28000,1.01193,0.91210,0.08790
272.39999,1.01193,0.95046,0.04954
272.51999,1.01196,0.64612,0.35388
272.64001,1.01193,0.91384,0.08616
272.76001,1.01193,0.81428,0.18572
272.88000,1.01193,0.95357,0.04643
273.00000,1.01193,0.81883,0.18117
273.12000,1.01193,0.89329,0.10671
273.23999,1.01193,0.96169,0.03831
273.35999,1.01196,0.94454,0.05546
273.48001,1.01193,0.96987,0.03013
273.60001,1.01193,0.88116,0.11884
273.72000,1.01193,0.96294,0.03706
273.84000,1.01193,0.91441,0.08559
273.95999,1.01193,0.91031,0.08969
