Time (seconds), Duration (seconds),pred_unlabeled,pred_East,pred_Nord,pred_South,pred_West
0.00000,0.50594,0.54627,0.02117,0.00762,0.42330,0.00163
0.06000,0.50594,0.73905,0.13313,0.01304,0.11280,0.00197
0.12000,0.50594,0.02534,0.02056,0.62041,0.33104,0.00264
0.18000,0.50594,0.03370,0.02094,0.51453,0.42851,0.00233
0.24000,0.50594,0.02938,0.02215,0.58469,0.36119,0.00258
0.30000,0.50594,0.02856,0.02185,0.50051,0.44691,0.00216
0.36000,0.50594,0.01941,0.02247,0.70294,0.25268,0.00250
0.42000,0.50594,0.03231,0.02596,0.55108,0.38780,0.00285
0.48000,0.50594,0.03246,0.02423,0.64811,0.29141,0.00380
0.54000,0.50594,0.03618,0.01939,0.47733,0.46461,0.00249
0.60000,0.50594,0.03304,0.02761,0.56661,0.36980,0.00294
0.66000,0.50594,0.03860,0.02558,0.53581,0.39713,0.00288
0.72000,0.50594,0.05498,0.02838,0.42965,0.48325,0.00374
0.78000,0.50594,0.05981,0.01919,0.28772,0.63042,0.00287
0.84000,0.50594,0.07352,0.02616,0.25954,0.63624,0.00454
0.90000,0.50594,0.04712,0.01436,0.21189,0.72536,0.00127
0.96000,0.50594,0.06459,0.01956,0.23376,0.67848,0.00361
1.02000,0.50594,0.05941,0.01723,0.23120,0.68980,0.00235
1.08000,0.50594,0.07268,0.01710,0.16616,0.73979,0.00426
1.14000,0.50594,0.04813,0.01674,0.26425,0.66842,0.00247
1.20000,0.50594,0.05361,0.02004,0.28498,0.63693,0.00444
1.26000,0.50594,0.05439,0.02319,0.30061,0.61722,0.00459
1.32000,0.50594,0.03672,0.01756,0.40511,0.53664,0.00397
1.38000,0.50594,0.03514,0.01820,0.49557,0.44681,0.00427
1.44000,0.50594,0.02854,0.01875,0.61050,0.33802,0.00419
1.50000,0.50594,0.02474,0.01967,0.66922,0.28208,0.00429
1.56000,0.50594,0.02028,0.01544,0.67736,0.28399,0.00293
1.62000,0.50594,0.02677,0.01882,0.63055,0.32111,0.00274
1.68000,0.50594,0.02594,0.01848,0.60197,0.35052,0.00309
1.74000,0.50594,0.03021,0.01975,0.61921,0.32730,0.00354
1.80000,0.50594,0.03515,0.02028,0.49062,0.45081,0.00313
1.86000,0.50594,0.03742,0.01898,0.40067,0.54044,0.00250
1.92000,0.50594,0.04230,0.01928,0.28086,0.65519,0.00237
1.98000,0.50594,0.05551,0.01553,0.19682,0.72955,0.00258
2.04000,0.50594,0.04294,0.02099,0.25387,0.67890,0.00329
2.10000,0.50594,0.04327,0.01530,0.17031,0.76859,0.00253
2.16000,0.50594,0.04667,0.01794,0.17658,0.75612,0.00269
2.22000,0.50594,0.03858,0.01420,0.11271,0.83186,0.00265
2.28000,0.50594,0.04259,0.01906,0.19084,0.74414,0.00337
2.34000,0.50594,0.03840,0.02369,0.34599,0.58784,0.00408
2.40000,0.50594,0.03172,0.02472,0.38111,0.55732,0.00513
2.46000,0.50594,0.04521,0.03454,0.39184,0.52311,0.00529
2.52000,0.50594,0.03219,0.02299,0.51091,0.42863,0.00528
2.58000,0.50594,0.04065,0.04005,0.58805,0.32206,0.00918
2.64000,0.50594,0.03470,0.02968,0.64900,0.27846,0.00816
2.70000,0.50594,0.03248,0.04306,0.71551,0.19927,0.00968
2.76000,0.50594,0.03948,0.02626,0.69275,0.23279,0.00871
2.82000,0.50594,0.04567,0.03808,0.66788,0.23727,0.01110
2.88000,0.50594,0.03116,0.02984,0.72408,0.20839,0.00653
2.94000,0.50594,0.02519,0.02756,0.69336,0.24757,0.00633
3.00000,0.50594,0.02393,0.02673,0.72837,0.21506,0.00590
3.06000,0.50594,0.02735,0.03339,0.61149,0.32238,0.00539
3.12000,0.50594,0.02958,0.03355,0.58686,0.34461,0.00539
3.18000,0.50594,0.03200,0.03077,0.43607,0.49676,0.00440
3.24000,0.50594,0.04148,0.03019,0.33745,0.58644,0.00444
3.30000,0.50594,0.04205,0.03303,0.28875,0.63231,0.00387
3.36000,0.50594,0.04066,0.03456,0.33558,0.58481,0.00439
3.42000,0.50594,0.03900,0.03714,0.30194,0.61683,0.00509
3.48000,0.50594,0.04545,0.03580,0.34070,0.57185,0.00620
3.54000,0.50594,0.03898,0.02883,0.26993,0.65775,0.00451
3.60000,0.50594,0.04280,0.03596,0.38595,0.52861,0.00668
3.66000,0.50594,0.04266,0.03693,0.36608,0.54696,0.00736
3.72000,0.50594,0.03996,0.03526,0.45050,0.46702,0.00726
3.78000,0.50594,0.05015,0.04707,0.31455,0.58007,0.00816
3.84000,0.50594,0.05206,0.03713,0.20750,0.69669,0.00662
3.90000,0.50594,0.06299,0.04348,0.22800,0.65908,0.00646
3.96000,0.50594,0.05987,0.03427,0.16312,0.73627,0.00648
4.02000,0.50594,0.04044,0.03796,0.25536,0.66204,0.00420
4.08000,0.50594,0.05180,0.03998,0.18858,0.71314,0.00650
4.14000,0.50594,0.06497,0.02590,0.12682,0.77806,0.00425
4.20000,0.50594,0.06285,0.03155,0.13832,0.76321,0.00407
4.26000,0.50594,0.05193,0.01910,0.13223,0.79428,0.00246
4.32000,0.50594,0.04535,0.02278,0.12436,0.80511,0.00240
4.38000,0.50594,0.03937,0.01045,0.05197,0.89674,0.00147
4.44000,0.50594,0.04008,0.01430,0.06053,0.88373,0.00135
4.50000,0.50594,0.02698,0.00836,0.05862,0.90480,0.00124
4.56000,0.50594,0.02054,0.00508,0.03375,0.94009,0.00054
4.62000,0.50594,0.02154,0.01135,0.07655,0.88940,0.00117
4.68000,0.50594,0.01282,0.00370,0.01948,0.96367,0.00033
4.74000,0.50594,0.01612,0.00818,0.04596,0.92887,0.00087
4.80000,0.50594,0.00885,0.00361,0.01567,0.97153,0.00033
4.86000,0.50594,0.01859,0.01040,0.06883,0.90106,0.00112
4.92000,0.50594,0.01253,0.00532,0.02570,0.95585,0.00059
4.98000,0.50594,0.02657,0.01245,0.05788,0.90113,0.00197
5.04000,0.50594,0.01601,0.00468,0.01576,0.96300,0.00055
5.10000,0.50594,0.04425,0.01477,0.07759,0.86035,0.00304
5.16000,0.50594,0.03137,0.00918,0.05088,0.90685,0.00171
5.22000,0.50594,0.05314,0.01745,0.12090,0.80394,0.00457
5.28000,0.50594,0.04638,0.01915,0.10248,0.82804,0.00394
5.34000,0.50594,0.05369,0.02298,0.21183,0.70589,0.00561
5.40000,0.50594,0.04402,0.02058,0.24030,0.69076,0.00435
5.46000,0.50594,0.04551,0.02251,0.25377,0.67399,0.00422
5.52000,0.50594,0.04622,0.02287,0.30665,0.61787,0.00640
5.58000,0.50594,0.04051,0.02376,0.24780,0.68371,0.00422
5.64000,0.50594,0.04234,0.01853,0.23149,0.70217,0.00546
5.70000,0.50594,0.04359,0.01931,0.16815,0.76453,0.00442
5.76000,0.50594,0.02840,0.01778,0.15643,0.79469,0.00270
5.82000,0.50594,0.04182,0.01664,0.14802,0.79076,0.00276
5.88000,0.50594,0.03847,0.01851,0.12787,0.81302,0.00213
5.94000,0.50594,0.05961,0.02521,0.23438,0.67649,0.00432
6.00000,0.50594,0.07975,0.02913,0.15171,0.73674,0.00267
6.06000,0.50594,0.17740,0.05527,0.19046,0.56838,0.00849
6.12000,0.50594,0.33681,0.09036,0.11784,0.44544,0.00955
6.18000,0.50594,0.43914,0.13332,0.14193,0.27152,0.01408
6.24000,0.50594,0.53362,0.12434,0.09940,0.22854,0.01410
6.30000,0.50594,0.66086,0.14346,0.06648,0.09857,0.03063
6.36000,0.50594,0.56704,0.15867,0.08967,0.15076,0.03387
6.42000,0.50594,0.65639,0.14113,0.05479,0.10362,0.04407
6.48000,0.50594,0.49509,0.12593,0.14682,0.18071,0.05145
6.54000,0.50594,0.61586,0.10405,0.09505,0.12779,0.05724
6.60000,0.50594,0.47975,0.08854,0.15624,0.20794,0.06753
6.66000,0.50594,0.52476,0.10346,0.12537,0.14421,0.10221
6.72000,0.50594,0.49390,0.11516,0.12399,0.16263,0.10432
6.78000,0.50594,0.58909,0.08754,0.09596,0.12658,0.10083
6.84000,0.50594,0.61558,0.10327,0.06926,0.11371,0.09818
6.90000,0.50594,0.64715,0.09327,0.07103,0.07662,0.11193
6.96000,0.50594,0.63399,0.07681,0.07708,0.06795,0.14417
7.02000,0.50594,0.61596,0.08268,0.08644,0.05983,0.15509
7.08000,0.50594,0.65917,0.06787,0.08912,0.05081,0.13302
7.14000,0.50594,0.65121,0.07268,0.06672,0.06203,0.14736
7.20000,0.50594,0.80328,0.03556,0.04173,0.02410,0.09533
7.26000,0.50594,0.73546,0.05400,0.06504,0.05197,0.09352
7.32000,0.50594,0.82936,0.03388,0.02666,0.02246,0.08765
7.38000,0.50594,0.77366,0.04547,0.04058,0.05694,0.08336
7.44000,0.50594,0.76670,0.03041,0.03559,0.04174,0.12557
7.50000,0.50594,0.82440,0.02667,0.04139,0.04920,0.05834
7.56000,0.50594,0.79211,0.02348,0.03764,0.04078,0.10599
7.62000,0.50594,0.82102,0.02078,0.05931,0.04991,0.04898
7.68000,0.50594,0.87654,0.01438,0.02326,0.04593,0.03988
7.74000,0.50594,0.74605,0.01471,0.06931,0.15148,0.01845
7.80000,0.50594,0.63755,0.02273,0.10874,0.20068,0.03029
7.86000,0.50594,0.32508,0.01998,0.16452,0.47895,0.01147
7.92000,0.50594,0.32078,0.01948,0.15128,0.49741,0.01105
7.98000,0.50594,0.12284,0.02195,0.14087,0.71019,0.00416
8.04000,0.50594,0.05598,0.02156,0.15228,0.76747,0.00271
8.10000,0.50594,0.03550,0.01712,0.25459,0.69077,0.00202
8.16000,0.50594,0.03285,0.02008,0.38570,0.55944,0.00192
8.22000,0.50594,0.03377,0.01661,0.31693,0.63126,0.00143
8.28000,0.50594,0.03496,0.01944,0.39725,0.54626,0.00210
8.34000,0.50594,0.03980,0.01797,0.28996,0.65067,0.00161
8.40000,0.50594,0.03676,0.02084,0.39544,0.54485,0.00210
8.46000,0.50594,0.05161,0.02304,0.31539,0.60730,0.00266
8.52000,0.50594,0.05500,0.02266,0.33436,0.58452,0.00346
8.58000,0.50594,0.04601,0.02309,0.39196,0.53612,0.00282
8.64000,0.50594,0.04866,0.02418,0.36431,0.55999,0.00286
8.70000,0.50594,0.04140,0.01953,0.41280,0.52398,0.00229
8.76000,0.50594,0.04277,0.02159,0.35107,0.58274,0.00184
8.82000,0.50594,0.04080,0.02221,0.43335,0.50126,0.00238
8.88000,0.50594,0.04042,0.02008,0.42831,0.50910,0.00208
8.94000,0.50594,0.05251,0.02069,0.35360,0.57072,0.00248
9.00000,0.50594,0.05293,0.01844,0.28824,0.63815,0.00223
9.06000,0.50594,0.07747,0.02377,0.26855,0.62656,0.00365
9.12000,0.50594,0.07799,0.01935,0.24201,0.65749,0.00316
9.18000,0.50594,0.10238,0.02627,0.24021,0.62585,0.00528
9.24000,0.50594,0.07843,0.02531,0.24329,0.64859,0.00438
9.30000,0.50594,0.08992,0.03523,0.27775,0.59059,0.00652
9.36000,0.50594,0.08667,0.02439,0.25723,0.62785,0.00385
9.42000,0.50594,0.09311,0.02594,0.24559,0.62969,0.00567
9.48000,0.50594,0.05402,0.01902,0.23996,0.68461,0.00239
9.54000,0.50594,0.05032,0.01812,0.28980,0.63938,0.00238
9.60000,0.50594,0.05077,0.02141,0.22448,0.70067,0.00267
9.66000,0.50594,0.05434,0.01328,0.16695,0.76363,0.00181
9.72000,0.50594,0.04275,0.01219,0.15408,0.78983,0.00115
9.78000,0.50594,0.03618,0.01601,0.27703,0.66955,0.00123
9.84000,0.50594,0.03923,0.01606,0.26442,0.67892,0.00136
9.90000,0.50594,0.03600,0.01531,0.31717,0.62993,0.00159
9.96000,0.50594,0.03949,0.01855,0.28956,0.65052,0.00188
10.02000,0.50594,0.03467,0.01095,0.23782,0.71524,0.00132
10.08000,0.50594,0.04801,0.01762,0.29909,0.63258,0.00270
10.14000,0.50594,0.05463,0.01927,0.25279,0.66989,0.00343
10.20000,0.50594,0.05185,0.02104,0.26937,0.65427,0.00348
10.26000,0.50594,0.04133,0.01625,0.24936,0.69057,0.00249
10.32000,0.50594,0.04271,0.01950,0.31073,0.62401,0.00305
10.38000,0.50594,0.03449,0.01748,0.30586,0.63978,0.00239
10.44000,0.50594,0.03679,0.02145,0.34354,0.59561,0.00261
10.50000,0.50594,0.02912,0.01842,0.42013,0.53025,0.00207
10.56000,0.50594,0.02820,0.02309,0.39633,0.55028,0.00209
10.62000,0.50594,0.02436,0.01902,0.32520,0.62993,0.00149
10.68000,0.50594,0.02171,0.01533,0.16400,0.79788,0.00109
10.74000,0.50594,0.02329,0.01414,0.16434,0.79722,0.00101
10.80000,0.50594,0.01759,0.01109,0.12484,0.84585,0.00063
10.86000,0.50594,0.02002,0.00852,0.08863,0.88223,0.00060
10.92000,0.50594,0.01614,0.00868,0.07763,0.89699,0.00055
10.98000,0.50594,0.01730,0.00768,0.04949,0.92492,0.00061
11.04000,0.50594,0.02223,0.00915,0.06744,0.90035,0.00084
11.10000,0.50594,0.01985,0.00675,0.05547,0.91744,0.00049
11.16000,0.50594,0.03245,0.01135,0.07672,0.87816,0.00132
11.22000,0.50594,0.03191,0.01338,0.12342,0.83005,0.00124
11.28000,0.50594,0.04820,0.01850,0.15803,0.77284,0.00243
11.34000,0.50594,0.05151,0.02502,0.26427,0.65510,0.00411
11.40000,0.50594,0.06062,0.02498,0.31430,0.59632,0.00378
11.46000,0.50594,0.05390,0.03270,0.37595,0.53312,0.00433
11.52000,0.50594,0.04210,0.02367,0.50945,0.42148,0.00330
11.58000,0.50594,0.04777,0.03691,0.50063,0.40911,0.00557
11.64000,0.50594,0.03343,0.03001,0.55648,0.37649,0.00359
11.70000,0.50594,0.03399,0.04204,0.56528,0.35366,0.00502
11.76000,0.50594,0.02945,0.03238,0.57376,0.36055,0.00386
11.82000,0.50594,0.04090,0.03608,0.46420,0.45456,0.00426
11.88000,0.50594,0.04020,0.03610,0.36132,0.55935,0.00304
11.94000,0.50594,0.04130,0.02877,0.28331,0.64342,0.00320
12.00000,0.50594,0.03618,0.03415,0.31535,0.61094,0.00338
12.06000,0.50594,0.04011,0.02586,0.23365,0.69727,0.00310
12.12000,0.50594,0.03727,0.02827,0.29302,0.63800,0.00343
12.18000,0.50594,0.03467,0.02307,0.21646,0.72331,0.00249
12.24000,0.50594,0.04008,0.02468,0.24783,0.68445,0.00296
12.30000,0.50594,0.03719,0.02139,0.20048,0.73852,0.00242
12.36000,0.50594,0.04571,0.03479,0.34224,0.57217,0.00508
12.42000,0.50594,0.03603,0.02503,0.27557,0.66058,0.00280
12.48000,0.50594,0.03894,0.02610,0.33316,0.59864,0.00316
12.54000,0.50594,0.04255,0.02570,0.31063,0.61822,0.00290
12.60000,0.50594,0.04617,0.03021,0.39215,0.52705,0.00442
12.66000,0.50594,0.03661,0.02868,0.45973,0.47140,0.00358
12.72000,0.50594,0.06705,0.02910,0.36421,0.53382,0.00582
12.78000,0.50594,0.04904,0.03119,0.42445,0.49023,0.00509
12.84000,0.50594,0.04952,0.01999,0.23480,0.69301,0.00267
12.90000,0.50594,0.04278,0.02422,0.36534,0.56421,0.00345
12.96000,0.50594,0.04554,0.01824,0.18967,0.74385,0.00270
13.02000,0.50594,0.03778,0.01818,0.20910,0.73214,0.00280
13.08000,0.50594,0.03375,0.01306,0.12076,0.83096,0.00146
13.14000,0.50594,0.03257,0.01214,0.14458,0.80922,0.00149
13.20000,0.50594,0.03044,0.01421,0.21652,0.73742,0.00142
13.26000,0.50594,0.02837,0.01433,0.19436,0.76152,0.00143
13.32000,0.50594,0.02592,0.01279,0.18617,0.77400,0.00112
13.38000,0.50594,0.03029,0.01338,0.17508,0.77981,0.00144
13.44000,0.50594,0.03112,0.01226,0.14371,0.81144,0.00147
13.50000,0.50594,0.02756,0.01006,0.12728,0.83400,0.00110
13.56000,0.50594,0.03245,0.01081,0.11209,0.84313,0.00152
13.62000,0.50594,0.03546,0.01186,0.11647,0.83439,0.00182
13.68000,0.50594,0.03950,0.00955,0.10383,0.84535,0.00178
13.74000,0.50594,0.04927,0.01432,0.12682,0.80745,0.00214
13.80000,0.50594,0.04498,0.01451,0.11054,0.82770,0.00228
13.86000,0.50594,0.04398,0.01664,0.15583,0.78113,0.00242
13.92000,0.50594,0.04392,0.01731,0.15313,0.78357,0.00208
13.98000,0.50594,0.04358,0.01620,0.16246,0.77541,0.00235
14.04000,0.50594,0.05539,0.01825,0.14921,0.77427,0.00288
14.10000,0.50594,0.04499,0.01349,0.13324,0.80607,0.00220
14.16000,0.50594,0.04358,0.01082,0.09092,0.85263,0.00205
14.22000,0.50594,0.05238,0.01272,0.11300,0.81911,0.00279
14.28000,0.50594,0.05651,0.01489,0.16860,0.75684,0.00316
14.34000,0.50594,0.05292,0.01190,0.09575,0.83674,0.00269
14.40000,0.50594,0.06094,0.01211,0.09259,0.83238,0.00198
14.46000,0.50594,0.09079,0.01196,0.05344,0.84160,0.00222
14.52000,0.50594,0.10887,0.01359,0.03934,0.83640,0.00180
14.58000,0.50594,0.23386,0.03159,0.05669,0.67450,0.00337
14.64000,0.50594,0.34183,0.04540,0.04386,0.56382,0.00510
14.70000,0.50594,0.52959,0.06449,0.03428,0.36632,0.00533
14.76000,0.50594,0.57812,0.07576,0.03288,0.30711,0.00614
14.82000,0.50594,0.73827,0.06995,0.02603,0.15702,0.00874
14.88000,0.50594,0.73312,0.10177,0.02002,0.13731,0.00778
14.94000,0.50594,0.74336,0.13440,0.02978,0.07015,0.02232
15.00000,0.50594,0.68206,0.17050,0.03695,0.08721,0.02328
15.06000,0.50594,0.60860,0.14277,0.08438,0.11774,0.04651
15.12000,0.50594,0.61051,0.15283,0.06290,0.14729,0.02646
15.18000,0.50594,0.57888,0.12164,0.13536,0.12532,0.03881
15.24000,0.50594,0.77376,0.08237,0.03294,0.07535,0.03558
15.30000,0.50594,0.76867,0.05645,0.05092,0.08130,0.04267
15.36000,0.50594,0.87414,0.03430,0.02332,0.04856,0.01969
15.42000,0.50594,0.86831,0.02911,0.03479,0.02997,0.03782
