Time (seconds), Duration (seconds),pred_unlabeled,pred_East,pred_Nord,pred_South,pred_West
0.00000,0.50594,0.90124,0.03731,0.01771,0.03232,0.01143
0.06000,0.50594,0.87419,0.01879,0.02366,0.01933,0.06403
0.12000,0.50594,0.44971,0.18234,0.10948,0.09507,0.16340
0.18000,0.50594,0.46176,0.07939,0.10618,0.10404,0.24863
0.24000,0.50594,0.52534,0.10148,0.08931,0.16873,0.11514
0.30000,0.50594,0.38287,0.12414,0.08903,0.09261,0.31135
0.36000,0.50594,0.56271,0.06709,0.07138,0.12398,0.17485
0.42000,0.50594,0.46011,0.07753,0.06899,0.07453,0.31884
0.48000,0.50594,0.55026,0.09047,0.07391,0.09691,0.18845
0.54000,0.50594,0.52528,0.10882,0.05947,0.05722,0.24921
0.60000,0.50594,0.54350,0.10428,0.06941,0.06111,0.22170
0.66000,0.50594,0.41170,0.11447,0.08077,0.06104,0.33202
0.72000,0.50594,0.61522,0.08053,0.07121,0.05055,0.18249
0.78000,0.50594,0.40698,0.12472,0.11453,0.09011,0.26366
0.84000,0.50594,0.57374,0.10784,0.11229,0.10913,0.09699
0.90000,0.50594,0.45014,0.11945,0.13126,0.13824,0.16091
0.96000,0.50594,0.51196,0.10869,0.13868,0.15498,0.08569
1.02000,0.50594,0.46285,0.10633,0.11562,0.19755,0.11764
1.08000,0.50594,0.62121,0.06127,0.07254,0.20024,0.04474
1.14000,0.50594,0.60791,0.06552,0.05543,0.24223,0.02891
1.20000,0.50594,0.84528,0.02703,0.01707,0.10004,0.01058
1.26000,0.50594,0.74920,0.05368,0.01954,0.16008,0.01750
1.32000,0.50594,0.93014,0.01903,0.00432,0.03860,0.00791
1.38000,0.50594,0.81895,0.04741,0.01658,0.09142,0.02564
1.44000,0.50594,0.88157,0.05444,0.00729,0.03689,0.01981
1.50000,0.50594,0.77046,0.11132,0.02209,0.06040,0.03574
1.56000,0.50594,0.90488,0.06571,0.00404,0.01019,0.01518
1.62000,0.50594,0.81574,0.08946,0.02865,0.02681,0.03933
1.68000,0.50594,0.77984,0.14786,0.01918,0.01480,0.03831
1.74000,0.50594,0.64256,0.21084,0.05651,0.03571,0.05437
1.80000,0.50594,0.65611,0.27710,0.01850,0.01194,0.03635
1.86000,0.50594,0.83627,0.10283,0.02757,0.02119,0.01214
1.92000,0.50594,0.71887,0.19966,0.03570,0.02993,0.01583
1.98000,0.50594,0.70123,0.14540,0.05430,0.06589,0.03317
2.04000,0.50594,0.61295,0.24496,0.06302,0.04693,0.03214
2.10000,0.50594,0.64892,0.15980,0.08920,0.04077,0.06131
2.16000,0.50594,0.31074,0.46379,0.10612,0.06454,0.05480
2.22000,0.50594,0.34164,0.28278,0.11789,0.08503,0.17266
2.28000,0.50594,0.17325,0.55172,0.09596,0.05539,0.12368
2.34000,0.50594,0.18765,0.45377,0.04920,0.03673,0.27266
2.40000,0.50594,0.09723,0.67804,0.03434,0.02144,0.16895
2.46000,0.50594,0.08800,0.69674,0.05265,0.02669,0.13592
2.52000,0.50594,0.06966,0.73789,0.03193,0.01974,0.14077
2.58000,0.50594,0.07107,0.77369,0.04025,0.01687,0.09812
2.64000,0.50594,0.05263,0.78078,0.02429,0.01303,0.12927
2.70000,0.50594,0.05094,0.77517,0.03741,0.01202,0.12446
2.76000,0.50594,0.04934,0.80058,0.02239,0.01293,0.11475
2.82000,0.50594,0.06168,0.76875,0.04854,0.01878,0.10225
2.88000,0.50594,0.04758,0.81043,0.03017,0.01973,0.09208
2.94000,0.50594,0.07397,0.80009,0.02998,0.01637,0.07959
3.00000,0.50594,0.05231,0.81226,0.03685,0.01580,0.08279
3.06000,0.50594,0.06200,0.80558,0.03694,0.01695,0.07853
3.12000,0.50594,0.05312,0.82796,0.03846,0.02104,0.05941
3.18000,0.50594,0.06957,0.76346,0.06647,0.03052,0.06997
3.24000,0.50594,0.04840,0.81072,0.04621,0.02786,0.06680
3.30000,0.50594,0.06330,0.76944,0.05890,0.02948,0.07889
3.36000,0.50594,0.06168,0.76896,0.04879,0.02639,0.09418
3.42000,0.50594,0.06167,0.78847,0.05087,0.02396,0.07503
3.48000,0.50594,0.04305,0.83460,0.04793,0.02152,0.05290
3.54000,0.50594,0.05080,0.80328,0.04562,0.02600,0.07430
3.60000,0.50594,0.05912,0.75786,0.04954,0.02149,0.11199
3.66000,0.50594,0.09996,0.72543,0.03962,0.02633,0.10865
3.72000,0.50594,0.14676,0.64481,0.04960,0.03272,0.12611
3.78000,0.50594,0.13153,0.67183,0.06092,0.03008,0.10565
3.84000,0.50594,0.14197,0.53312,0.05160,0.03010,0.24321
3.90000,0.50594,0.14504,0.50443,0.09067,0.04297,0.21690
3.96000,0.50594,0.17609,0.43962,0.08383,0.03587,0.26459
4.02000,0.50594,0.21670,0.36994,0.13014,0.05499,0.22824
4.08000,0.50594,0.13919,0.30767,0.11332,0.03431,0.40550
4.14000,0.50594,0.11756,0.40658,0.17027,0.05022,0.25538
4.20000,0.50594,0.11006,0.32407,0.12037,0.05675,0.38874
4.26000,0.50594,0.09622,0.40537,0.11854,0.05015,0.32972
4.32000,0.50594,0.09213,0.41376,0.09872,0.04236,0.35303
4.38000,0.50594,0.08009,0.38919,0.06635,0.02657,0.43780
4.44000,0.50594,0.05581,0.40934,0.07580,0.03342,0.42564
4.50000,0.50594,0.04445,0.28352,0.06827,0.01966,0.58410
4.56000,0.50594,0.06257,0.41435,0.05972,0.02586,0.43751
4.62000,0.50594,0.04194,0.18014,0.03471,0.01036,0.73285
4.68000,0.50594,0.06752,0.39763,0.07513,0.03256,0.42715
4.74000,0.50594,0.06031,0.19542,0.04424,0.01670,0.68334
4.80000,0.50594,0.08924,0.29762,0.08081,0.03063,0.50169
4.86000,0.50594,0.06600,0.23881,0.05199,0.01973,0.62346
4.92000,0.50594,0.09397,0.33312,0.11369,0.05421,0.40500
4.98000,0.50594,0.08335,0.30577,0.06751,0.06489,0.47849
5.04000,0.50594,0.07228,0.32264,0.09928,0.08822,0.41758
5.10000,0.50594,0.07427,0.36877,0.05945,0.11770,0.37982
5.16000,0.50594,0.05549,0.40995,0.09529,0.14439,0.29488
5.22000,0.50594,0.06353,0.39988,0.08134,0.21848,0.23678
5.28000,0.50594,0.04215,0.34259,0.12369,0.27432,0.21725
5.34000,0.50594,0.05824,0.45739,0.09146,0.23859,0.15431
5.40000,0.50594,0.03867,0.50577,0.11315,0.17700,0.16541
5.46000,0.50594,0.04729,0.60099,0.07163,0.14933,0.13077
5.52000,0.50594,0.05591,0.66617,0.05900,0.08584,0.13308
5.58000,0.50594,0.04267,0.71375,0.07046,0.07273,0.10039
5.64000,0.50594,0.04109,0.74643,0.04452,0.05760,0.11036
5.70000,0.50594,0.03232,0.80509,0.03573,0.03341,0.09344
5.76000,0.50594,0.05051,0.73070,0.03610,0.04485,0.13784
5.82000,0.50594,0.04042,0.77683,0.03559,0.04046,0.10669
5.88000,0.50594,0.03094,0.83563,0.02988,0.03405,0.06950
5.94000,0.50594,0.04145,0.72858,0.04274,0.05965,0.12759
6.00000,0.50594,0.03909,0.80810,0.03650,0.03662,0.07969
6.06000,0.50594,0.04637,0.74888,0.02940,0.05704,0.11830
6.12000,0.50594,0.03259,0.82933,0.02377,0.03364,0.08068
6.18000,0.50594,0.04395,0.83973,0.02101,0.04474,0.05057
6.24000,0.50594,0.03696,0.83477,0.03208,0.02734,0.06886
6.30000,0.50594,0.04489,0.86255,0.02401,0.02895,0.03960
6.36000,0.50594,0.04400,0.81298,0.04292,0.02881,0.07129
6.42000,0.50594,0.05091,0.84479,0.02239,0.02903,0.05287
6.48000,0.50594,0.03794,0.85323,0.02515,0.02624,0.05744
6.54000,0.50594,0.03877,0.84991,0.02439,0.01902,0.06792
6.60000,0.50594,0.03135,0.87224,0.01899,0.01692,0.06049
6.66000,0.50594,0.03946,0.82808,0.01734,0.01561,0.09952
6.72000,0.50594,0.04116,0.87921,0.01547,0.01413,0.05002
6.78000,0.50594,0.09020,0.79369,0.02208,0.01655,0.07748
6.84000,0.50594,0.07613,0.84561,0.01563,0.01764,0.04499
6.90000,0.50594,0.06990,0.84289,0.01848,0.01650,0.05223
6.96000,0.50594,0.06729,0.84519,0.02200,0.01447,0.05104
7.02000,0.50594,0.07252,0.82762,0.02007,0.01424,0.06555
7.08000,0.50594,0.10429,0.78027,0.02713,0.02156,0.06675
7.14000,0.50594,0.19760,0.67649,0.02920,0.03932,0.05738
7.20000,0.50594,0.28494,0.60332,0.01845,0.01658,0.07670
7.26000,0.50594,0.33917,0.53017,0.02677,0.02247,0.08142
7.32000,0.50594,0.44053,0.40582,0.01996,0.01520,0.11849
7.38000,0.50594,0.54780,0.28141,0.03917,0.04039,0.09123
7.44000,0.50594,0.61720,0.25888,0.02754,0.01861,0.07778
7.50000,0.50594,0.66921,0.22515,0.02811,0.02008,0.05745
7.56000,0.50594,0.55689,0.34202,0.02458,0.01040,0.06612
7.62000,0.50594,0.44596,0.37814,0.04747,0.02389,0.10454
7.68000,0.50594,0.57215,0.28948,0.04475,0.02739,0.06623
7.74000,0.50594,0.49324,0.24817,0.06699,0.03934,0.15227
7.80000,0.50594,0.61208,0.22439,0.05242,0.03357,0.07754
7.86000,0.50594,0.47422,0.23965,0.07566,0.05371,0.15676
7.92000,0.50594,0.60937,0.21630,0.04624,0.06391,0.06419
7.98000,0.50594,0.46975,0.20338,0.08591,0.09001,0.15096
8.04000,0.50594,0.40345,0.22289,0.11873,0.12068,0.13425
8.10000,0.50594,0.47332,0.16391,0.11674,0.11930,0.12672
8.16000,0.50594,0.65807,0.12152,0.05803,0.05781,0.10457
8.22000,0.50594,0.55959,0.16227,0.08078,0.10710,0.09027
8.28000,0.50594,0.63707,0.14719,0.04891,0.06846,0.09837
8.34000,0.50594,0.54763,0.22553,0.04800,0.11819,0.06064
8.40000,0.50594,0.68457,0.12728,0.03429,0.06221,0.09165
8.46000,0.50594,0.68835,0.13674,0.03049,0.07788,0.06655
8.52000,0.50594,0.75659,0.08264,0.04507,0.06307,0.05263
8.58000,0.50594,0.60957,0.17407,0.06263,0.07715,0.07658
8.64000,0.50594,0.75937,0.06814,0.03999,0.05364,0.07887
8.70000,0.50594,0.73232,0.09764,0.03913,0.07724,0.05366
8.76000,0.50594,0.74330,0.06499,0.04816,0.07446,0.06909
8.82000,0.50594,0.84928,0.03722,0.02695,0.04481,0.04175
8.88000,0.50594,0.79979,0.02820,0.02886,0.03998,0.10317
8.94000,0.50594,0.79343,0.06391,0.01772,0.03603,0.08891
9.00000,0.50594,0.68112,0.06189,0.01520,0.03958,0.20221
9.06000,0.50594,0.40727,0.25323,0.03052,0.04563,0.26335
9.12000,0.50594,0.47480,0.13564,0.01934,0.05765,0.31258
9.18000,0.50594,0.29111,0.42463,0.01957,0.06097,0.20372
9.24000,0.50594,0.11289,0.50559,0.00834,0.03461,0.33858
9.30000,0.50594,0.05294,0.71009,0.01379,0.04495,0.17824
9.36000,0.50594,0.07770,0.63415,0.01244,0.05169,0.22403
9.42000,0.50594,0.06543,0.66920,0.01242,0.06246,0.19048
9.48000,0.50594,0.08285,0.63648,0.01366,0.05468,0.21234
9.54000,0.50594,0.07106,0.59271,0.01641,0.05539,0.26443
9.60000,0.50594,0.07445,0.57651,0.01282,0.04763,0.28858
9.66000,0.50594,0.06209,0.66105,0.01145,0.03712,0.22829
9.72000,0.50594,0.06882,0.64493,0.01140,0.03605,0.23879
9.78000,0.50594,0.07247,0.64761,0.00724,0.03793,0.23474
9.84000,0.50594,0.08370,0.58261,0.00941,0.02581,0.29847
9.90000,0.50594,0.08792,0.64119,0.00840,0.03653,0.22597
9.96000,0.50594,0.10516,0.58966,0.01023,0.03259,0.26236
10.02000,0.50594,0.08794,0.71214,0.00654,0.04051,0.15287
10.08000,0.50594,0.11270,0.58025,0.01209,0.04818,0.24677
10.14000,0.50594,0.11964,0.67424,0.00997,0.06381,0.13235
10.20000,0.50594,0.09913,0.68743,0.01152,0.05210,0.14982
10.26000,0.50594,0.10187,0.77683,0.00720,0.04556,0.06854
10.32000,0.50594,0.12352,0.71211,0.01167,0.03916,0.11354
10.38000,0.50594,0.09756,0.78189,0.00825,0.02699,0.08531
10.44000,0.50594,0.16662,0.64002,0.01017,0.02353,0.15966
10.50000,0.50594,0.12460,0.79235,0.01075,0.02129,0.05101
10.56000,0.50594,0.16712,0.69990,0.01786,0.01716,0.09796
10.62000,0.50594,0.10446,0.82716,0.01507,0.00978,0.04353
10.68000,0.50594,0.10901,0.74201,0.02372,0.01830,0.10696
10.74000,0.50594,0.08718,0.77079,0.03165,0.01689,0.09350
10.80000,0.50594,0.10448,0.72033,0.03007,0.02224,0.12288
10.86000,0.50594,0.16010,0.73924,0.02706,0.02045,0.05314
10.92000,0.50594,0.14925,0.72625,0.02924,0.01474,0.08052
10.98000,0.50594,0.10955,0.81540,0.02303,0.01236,0.03966
11.04000,0.50594,0.14099,0.78008,0.02378,0.01168,0.04349
11.10000,0.50594,0.08542,0.85120,0.01930,0.00850,0.03558
11.16000,0.50594,0.11767,0.82194,0.02042,0.01064,0.02933
11.22000,0.50594,0.09696,0.81854,0.03210,0.01168,0.04071
11.28000,0.50594,0.09554,0.83798,0.02110,0.01030,0.03508
11.34000,0.50594,0.13729,0.79608,0.02074,0.01092,0.03496
11.40000,0.50594,0.10016,0.82465,0.02105,0.00928,0.04486
11.46000,0.50594,0.14407,0.73249,0.03086,0.01307,0.07952
11.52000,0.50594,0.11310,0.77698,0.02843,0.01054,0.07096
11.58000,0.50594,0.11535,0.76012,0.03231,0.00955,0.08268
11.64000,0.50594,0.11019,0.77647,0.03444,0.00820,0.07070
11.70000,0.50594,0.09562,0.78008,0.03725,0.01730,0.06975
11.76000,0.50594,0.05439,0.80563,0.03112,0.01191,0.09695
11.82000,0.50594,0.04939,0.74141,0.04866,0.01800,0.14254
11.88000,0.50594,0.04560,0.72391,0.05364,0.01950,0.15734
11.94000,0.50594,0.04189,0.71727,0.06582,0.02293,0.15209
12.00000,0.50594,0.04661,0.74952,0.05780,0.01944,0.12663
12.06000,0.50594,0.04804,0.73446,0.07465,0.02426,0.11859
12.12000,0.50594,0.04738,0.71251,0.06153,0.03233,0.14625
12.18000,0.50594,0.04755,0.68351,0.07651,0.03855,0.15387
12.24000,0.50594,0.05072,0.73007,0.08201,0.03923,0.09798
12.30000,0.50594,0.09376,0.65302,0.05787,0.06727,0.12808
12.36000,0.50594,0.13001,0.57037,0.06775,0.07280,0.15906
12.42000,0.50594,0.09964,0.63412,0.06376,0.07391,0.12857
12.48000,0.50594,0.11662,0.51894,0.05773,0.08082,0.22589
12.54000,0.50594,0.15136,0.52985,0.03842,0.10568,0.17469
12.60000,0.50594,0.13773,0.55003,0.04275,0.10378,0.16571
12.66000,0.50594,0.10862,0.61061,0.03735,0.12113,0.12229
12.72000,0.50594,0.10395,0.50356,0.03283,0.07142,0.28824
12.78000,0.50594,0.09270,0.54289,0.03743,0.05820,0.26878
12.84000,0.50594,0.13055,0.44426,0.03281,0.03765,0.35473
12.90000,0.50594,0.18903,0.46715,0.03771,0.04955,0.25656
12.96000,0.50594,0.14343,0.42354,0.04867,0.04191,0.34246
13.02000,0.50594,0.21799,0.43340,0.04558,0.04113,0.26189
13.08000,0.50594,0.22663,0.43512,0.05141,0.05748,0.22937
13.14000,0.50594,0.21747,0.43063,0.04124,0.05495,0.25572
13.20000,0.50594,0.21420,0.50296,0.03665,0.08752,0.15867
13.26000,0.50594,0.14823,0.44166,0.06555,0.10320,0.24136
13.32000,0.50594,0.11745,0.45632,0.04516,0.13634,0.24472
13.38000,0.50594,0.10257,0.43280,0.05142,0.15741,0.25579
13.44000,0.50594,0.09526,0.52841,0.02877,0.14650,0.20106
13.50000,0.50594,0.11798,0.43314,0.04006,0.20249,0.20633
13.56000,0.50594,0.09773,0.44568,0.02378,0.14115,0.29167
13.62000,0.50594,0.08567,0.50032,0.03305,0.15838,0.22258
13.68000,0.50594,0.08413,0.51472,0.02523,0.10501,0.27092
13.74000,0.50594,0.07065,0.50146,0.02687,0.12695,0.27406
13.80000,0.50594,0.07852,0.55570,0.02160,0.13429,0.20988
13.86000,0.50594,0.07206,0.54183,0.03274,0.13505,0.21832
13.92000,0.50594,0.05837,0.48578,0.03696,0.08234,0.33655
13.98000,0.50594,0.05301,0.53841,0.05248,0.08101,0.27509
14.04000,0.50594,0.05340,0.57356,0.06583,0.11468,0.19253
14.10000,0.50594,0.06069,0.58799,0.07219,0.10143,0.17770
14.16000,0.50594,0.04946,0.68601,0.06401,0.06985,0.13067
14.22000,0.50594,0.03966,0.74688,0.05187,0.05051,0.11108
14.28000,0.50594,0.04115,0.75107,0.04929,0.04240,0.11609
14.34000,0.50594,0.03381,0.79703,0.04504,0.03077,0.09335
14.40000,0.50594,0.03275,0.80247,0.04416,0.03873,0.08189
14.46000,0.50594,0.03411,0.80096,0.04644,0.03107,0.08740
14.52000,0.50594,0.04116,0.73368,0.06172,0.03213,0.13130
