Time (seconds), Duration (seconds),pred_unlabeled,pred_sirens
0.00000,1.01194,0.88491,0.11509
0.12000,1.01194,0.85396,0.14604
0.24000,1.01194,0.94262,0.05738
0.36000,1.01194,0.90229,0.09771
0.48000,1.01194,0.94461,0.05539
0.60000,1.01194,0.90601,0.09399
0.72000,1.01194,0.92446,0.07554
0.84000,1.01194,0.83206,0.16794
0.96000,1.01194,0.90340,0.09660
1.08000,1.01194,0.87187,0.12813
1.20000,1.01194,0.92474,0.07526
1.32000,1.01194,0.88658,0.11342
1.44000,1.01194,0.93414,0.06586
1.56000,1.01194,0.89387,0.10613
1.68000,1.01194,0.95752,0.04248
1.80000,1.01194,0.92687,0.07313
1.92000,1.01194,0.91463,0.08537
2.04000,1.01194,0.85663,0.14337
2.16000,1.01194,0.76289,0.23711
2.28000,1.01194,0.75304,0.24696
2.40000,1.01194,0.55911,0.44089
2.52000,1.01194,0.55952,0.44048
2.64000,1.01194,0.49938,0.50062
2.76000,1.01194,0.61778,0.38222
2.88000,1.01194,0.50649,0.49351
3.00000,1.01194,0.66003,0.33997
3.12000,1.01194,0.67015,0.32985
3.24000,1.01194,0.89200,0.10800
3.36000,1.01194,0.79800,0.20200
3.48000,1.01194,0.67537,0.32463
3.60000,1.01194,0.62828,0.37172
3.72000,1.01194,0.70020,0.29980
3.84000,1.01194,0.64211,0.35789
3.96000,1.01194,0.61823,0.38177
4.08000,1.01194,0.87725,0.12275
4.20000,1.01194,0.83100,0.16900
4.32000,1.01194,0.87804,0.12196
4.44000,1.01194,0.88718,0.11282
4.56000,1.01194,0.86616,0.13384
4.68000,1.01194,0.69377,0.30623
4.80000,1.01194,0.81136,0.18864
4.92000,1.01194,0.39807,0.60193
5.04000,1.01194,0.67368,0.32632
5.16000,1.01194,0.32296,0.67704
5.28000,1.01194,0.57852,0.42148
5.40000,1.01194,0.18420,0.81580
5.52000,1.01194,0.38203,0.61797
5.64000,1.01194,0.34767,0.65233
5.76000,1.01194,0.60763,0.39237
5.88000,1.01194,0.57608,0.42392
6.00000,1.01194,0.76166,0.23834
6.12000,1.01194,0.91561,0.08439
6.24000,1.01194,0.91723,0.08277
6.36000,1.01194,0.88824,0.11176
6.48000,1.01194,0.95666,0.04334
6.60000,1.01194,0.96485,0.03515
6.72000,1.01194,0.96579,0.03421
6.84000,1.01194,0.97560,0.02440
6.96000,1.01194,0.88042,0.11958
7.08000,1.01194,0.96324,0.03676
7.20000,1.01194,0.89401,0.10599
7.32000,1.01194,0.80281,0.19719
7.44000,1.01194,0.71873,0.28127
7.56000,1.01194,0.75344,0.24656
7.68000,1.01194,0.76545,0.23455
7.80000,1.01194,0.83691,0.16309
7.92000,1.01194,0.83863,0.16137
8.04000,1.01194,0.91558,0.08442
8.16000,1.01194,0.92529,0.07471
8.28000,1.01194,0.78524,0.21476
8.40000,1.01194,0.81848,0.18152
8.52000,1.01194,0.83004,0.16996
8.64000,1.01194,0.56095,0.43905
8.76000,1.01194,0.78521,0.21479
8.88000,1.01194,0.75448,0.24552
9.00000,1.01194,0.69774,0.30226
9.12000,1.01194,0.46541,0.53459
9.24000,1.01194,0.80975,0.19025
9.36000,1.01194,0.49344,0.50656
9.48000,1.01194,0.52061,0.47939
9.60000,1.01194,0.60052,0.39948
9.72000,1.01194,0.40941,0.59059
9.84000,1.01194,0.58884,0.41116
9.96000,1.01194,0.33429,0.66571
10.08000,1.01194,0.53851,0.46149
10.20000,1.01194,0.41552,0.58448
10.32000,1.01194,0.43462,0.56538
10.44000,1.01194,0.29694,0.70306
10.56000,1.01194,0.20637,0.79363
10.68000,1.01194,0.29835,0.70165
10.80000,1.01194,0.20287,0.79713
10.92000,1.01194,0.43396,0.56604
11.04000,1.01194,0.23478,0.76522
11.16000,1.01194,0.39996,0.60004
11.28000,1.01194,0.44386,0.55614
11.40000,1.01194,0.44745,0.55255
11.52000,1.01194,0.61500,0.38500
11.64000,1.01194,0.54355,0.45645
11.76000,1.01194,0.48642,0.51358
11.88000,1.01194,0.47166,0.52834
12.00000,1.01194,0.50786,0.49214
12.12000,1.01194,0.63486,0.36514
12.24000,1.01194,0.52076,0.47924
12.36000,1.01194,0.63988,0.36012
12.48000,1.01194,0.53838,0.46162
12.60000,1.01194,0.69845,0.30155
12.72000,1.01194,0.55826,0.44174
12.84000,1.01194,0.72197,0.27803
12.96000,1.01194,0.57894,0.42106
13.08000,1.01194,0.67050,0.32950
13.20000,1.01194,0.50724,0.49276
13.32000,1.01194,0.68036,0.31964
13.44000,1.01194,0.38370,0.61630
13.56000,1.01194,0.52594,0.47406
13.68000,1.01194,0.41332,0.58668
13.80000,1.01194,0.47928,0.52072
13.92000,1.01194,0.31099,0.68901
14.04000,1.01194,0.17742,0.82258
14.16000,1.01194,0.16394,0.83606
14.28000,1.01194,0.11901,0.88099
14.40000,1.01194,0.09625,0.90375
14.52000,1.01194,0.20145,0.79855
14.64000,1.01194,0.10457,0.89543
14.76000,1.01194,0.25268,0.74732
14.88000,1.01194,0.14102,0.85898
15.00000,1.01194,0.45467,0.54533
15.12000,1.01194,0.40675,0.59325
15.24000,1.01194,0.40480,0.59520
15.36000,1.01194,0.31861,0.68139
15.48000,1.01194,0.40511,0.59489
15.60000,1.01194,0.51971,0.48029
15.72000,1.01194,0.34954,0.65046
15.84000,1.01194,0.54396,0.45604
15.96000,1.01194,0.54799,0.45201
16.08000,1.01194,0.44789,0.55211
16.20000,1.01194,0.51853,0.48147
16.32000,1.01194,0.61488,0.38512
16.44000,1.01194,0.55540,0.44460
16.56000,1.01194,0.62219,0.37781
16.68000,1.01194,0.56519,0.43481
16.80000,1.01194,0.65624,0.34376
16.92000,1.01194,0.49648,0.50352
17.04000,1.01194,0.56846,0.43154
17.16000,1.01194,0.50771,0.49229
17.28000,1.01194,0.45686,0.54314
17.40000,1.01194,0.51426,0.48574
17.52000,1.01194,0.40535,0.59465
17.64000,1.01194,0.51702,0.48298
17.76000,1.01194,0.22494,0.77506
17.88000,1.01194,0.08855,0.91145
18.00000,1.01194,0.08356,0.91644
18.12000,1.01194,0.04390,0.95610
18.24000,1.01194,0.01709,0.98291
18.36000,1.01194,0.01275,0.98725
18.48000,1.01194,0.00775,0.99225
18.60000,1.01194,0.00964,0.99036
18.72000,1.01194,0.01180,0.98820
18.84000,1.01194,0.01303,0.98697
18.96000,1.01194,0.01210,0.98790
19.08000,1.01194,0.01472,0.98528
19.20000,1.01194,0.00978,0.99022
19.32000,1.01194,0.02046,0.97954
19.44000,1.01194,0.01209,0.98791
19.56000,1.01194,0.01732,0.98268
19.68000,1.01194,0.02856,0.97144
19.80000,1.01194,0.05361,0.94639
19.92000,1.01194,0.06979,0.93021
20.04000,1.01194,0.20384,0.79616
20.16000,1.01194,0.41904,0.58096
20.28000,1.01194,0.44546,0.55454
20.40000,1.01194,0.30578,0.69422
20.52000,1.01194,0.16542,0.83458
20.64000,1.01194,0.30889,0.69111
20.76000,1.01194,0.55496,0.44504
20.88000,1.01194,0.21816,0.78184
21.00000,1.01194,0.14656,0.85344
21.12000,1.01194,0.22215,0.77785
21.24000,1.01194,0.47592,0.52408
21.36000,1.01194,0.55639,0.44361
21.48000,1.01194,0.64591,0.35409
21.60000,1.01194,0.59384,0.40616
21.72000,1.01194,0.65677,0.34323
21.84000,1.01194,0.35346,0.64654
21.96000,1.01194,0.45987,0.54013
22.08000,1.01194,0.41149,0.58851
22.20000,1.01194,0.31055,0.68945
22.32000,1.01194,0.13824,0.86176
22.44000,1.01194,0.23265,0.76735
22.56000,1.01194,0.22711,0.77289
22.68000,1.01194,0.15959,0.84041
22.80000,1.01194,0.09476,0.90524
22.92000,1.01194,0.05447,0.94553
23.04000,1.01194,0.03631,0.96369
23.16000,1.01194,0.01678,0.98322
23.28000,1.01194,0.01307,0.98693
23.40000,1.01194,0.01561,0.98439
23.52000,1.01194,0.00969,0.99031
23.64000,1.01194,0.01754,0.98246
23.76000,1.01194,0.00817,0.99183
23.88000,1.01194,0.01087,0.98913
24.00000,1.01194,0.00964,0.99036
24.12000,1.01194,0.01516,0.98484
24.24000,1.01194,0.01000,0.99000
24.36000,1.01194,0.01548,0.98452
24.48000,1.01194,0.01644,0.98356
24.60000,1.01194,0.04659,0.95341
24.72000,1.01194,0.06332,0.93668
24.84000,1.01194,0.16788,0.83212
24.96000,1.01194,0.17489,0.82511
25.08000,1.01194,0.43184,0.56816
25.20000,1.01194,0.38254,0.61746
25.32000,1.01194,0.67911,0.32089
25.44000,1.01194,0.73766,0.26234
25.56000,1.01194,0.85467,0.14533
25.68000,1.01194,0.75619,0.24381
25.80000,1.01194,0.84915,0.15085
25.92000,1.01194,0.90959,0.09041
26.04000,1.01194,0.89355,0.10645
26.16000,1.01194,0.95160,0.04840
26.28000,1.01194,0.95296,0.04704
26.40000,1.01194,0.97690,0.02310
26.52000,1.01194,0.97928,0.02072
26.64000,1.01194,0.98358,0.01642
26.76000,1.01194,0.98242,0.01758
26.88000,1.01194,0.97424,0.02576
27.00000,1.01194,0.96073,0.03927
27.12000,1.01194,0.95592,0.04408
27.24000,1.01194,0.95278,0.04722
27.36000,1.01194,0.96571,0.03429
27.48000,1.01194,0.94759,0.05241
27.60000,1.01194,0.96724,0.03276
27.72000,1.01194,0.93752,0.06248
27.84000,1.01194,0.97062,0.02938
27.96000,1.01194,0.92446,0.07554
28.08000,1.01194,0.87810,0.12190
28.20000,1.01194,0.82965,0.17035
28.32000,1.01194,0.82387,0.17613
28.44000,1.01194,0.82925,0.17075
28.56000,1.01194,0.82233,0.17767
28.68000,1.01194,0.82836,0.17164
28.80000,1.01194,0.82689,0.17311
28.92000,1.01194,0.90751,0.09249
29.04000,1.01194,0.85943,0.14057
29.16000,1.01194,0.89034,0.10966
29.28000,1.01194,0.74330,0.25670
29.40000,1.01194,0.80942,0.19058
29.52000,1.01194,0.85980,0.14020
29.64000,1.01194,0.76391,0.23609
29.76000,1.01194,0.89321,0.10679
29.88000,1.01194,0.93460,0.06540
30.00000,1.01194,0.95024,0.04976
30.12000,1.01194,0.95729,0.04271
30.24000,1.01194,0.97748,0.02252
30.36000,1.01194,0.97710,0.02290
30.48000,1.01194,0.97660,0.02340
30.60000,1.01194,0.95960,0.04040
30.72000,1.01194,0.97319,0.02681
30.84000,1.01194,0.93100,0.06900
30.96000,1.01194,0.89714,0.10286
31.08000,1.01194,0.90611,0.09389
31.20000,1.01194,0.77855,0.22145
31.32000,1.01194,0.90822,0.09178
31.44000,1.01194,0.87348,0.12652
31.56000,1.01194,0.94133,0.05867
31.68000,1.01194,0.94626,0.05374
31.80000,1.01194,0.97333,0.02667
31.92000,1.01194,0.97125,0.02875
32.04000,1.01194,0.98156,0.01844
32.16000,1.01194,0.97422,0.02578
32.28000,1.01194,0.97023,0.02977
32.40000,1.01194,0.96741,0.03259
32.52000,1.01194,0.93483,0.06517
32.64000,1.01194,0.93980,0.06020
32.76000,1.01194,0.94332,0.05668
32.88000,1.01194,0.93933,0.06067
33.00000,1.01194,0.94863,0.05137
33.12000,1.01194,0.91587,0.08413
33.24000,1.01194,0.89120,0.10880
33.36000,1.01194,0.86217,0.13783
33.48000,1.01194,0.85006,0.14994
33.60000,1.01194,0.78461,0.21539
33.72000,1.01194,0.80557,0.19443
33.84000,1.01194,0.72166,0.27834
33.96000,1.01194,0.70059,0.29941
34.08000,1.01194,0.88309,0.11691
34.20000,1.01194,0.80703,0.19297
34.32000,1.01194,0.91645,0.08355
34.44000,1.01194,0.88457,0.11543
34.56000,1.01194,0.95182,0.04818
34.68000,1.01194,0.93772,0.06228
34.80000,1.01194,0.95311,0.04689
34.92000,1.01194,0.94240,0.05760
35.04000,1.01194,0.93559,0.06441
35.16000,1.01194,0.93275,0.06725
35.28000,1.01194,0.94940,0.05060
35.40000,1.01194,0.96029,0.03971
35.52000,1.01194,0.96644,0.03356
35.64000,1.01194,0.97416,0.02584
35.76000,1.01194,0.95400,0.04600
35.88000,1.01194,0.97024,0.02976
36.00000,1.01194,0.94731,0.05269
36.12000,1.01194,0.95195,0.04805
36.24000,1.01194,0.89834,0.10166
36.36000,1.01194,0.90261,0.09739
36.48000,1.01194,0.89767,0.10233
36.60000,1.01194,0.88104,0.11896
36.72000,1.01194,0.83688,0.16312
36.84000,1.01194,0.92120,0.07880
36.96000,1.01194,0.89445,0.10555
37.08000,1.01194,0.95406,0.04594
37.20000,1.01194,0.89315,0.10685
37.32000,1.01194,0.93253,0.06747
37.44000,1.01194,0.86478,0.13522
37.56000,1.01194,0.95684,0.04316
37.68000,1.01194,0.91953,0.08047
37.80000,1.01194,0.94360,0.05640
37.92000,1.01194,0.92022,0.07978
38.04000,1.01194,0.90909,0.09091
38.16000,1.01194,0.92925,0.07075
38.28000,1.01194,0.92823,0.07177
38.40000,1.01194,0.92553,0.07447
38.52000,1.01194,0.93374,0.06626
38.64000,1.01194,0.87100,0.12900
38.76000,1.01194,0.96173,0.03827
38.88000,1.01194,0.78562,0.21438
39.00000,1.01194,0.95523,0.04477
39.12000,1.01194,0.85682,0.14318
39.24000,1.01194,0.95280,0.04720
39.36000,1.01194,0.88854,0.11146
39.48000,1.01194,0.92417,0.07583
39.60000,1.01194,0.88024,0.11976
39.72000,1.01194,0.93420,0.06580
39.84000,1.01194,0.87430,0.12570
39.96000,1.01194,0.91181,0.08819
40.08000,1.01194,0.91396,0.08604
40.20000,1.01194,0.93690,0.06310
40.32000,1.01194,0.96345,0.03655
40.44000,1.01194,0.91023,0.08977
40.56000,1.01194,0.97674,0.02326
40.68000,1.01194,0.95289,0.04711
40.80000,1.01194,0.97491,0.02509
40.92000,1.01194,0.94896,0.05104
41.04000,1.01194,0.95822,0.04178
41.16000,1.01194,0.94580,0.05420
41.28000,1.01194,0.96809,0.03191
41.40000,1.01194,0.89912,0.10088
41.52000,1.01194,0.92723,0.07277
41.64000,1.01194,0.86883,0.13117
41.76000,1.01194,0.94820,0.05180
41.88000,1.01194,0.93354,0.06646
42.00000,1.01194,0.91404,0.08596
42.12000,1.01194,0.90351,0.09649
42.24000,1.01194,0.90114,0.09886
42.36000,1.01194,0.94830,0.05170
42.48000,1.01194,0.90443,0.09557
42.60000,1.01194,0.90861,0.09139
42.72000,1.01194,0.93320,0.06680
42.84000,1.01194,0.96560,0.03440
42.96000,1.01194,0.96068,0.03932
43.08000,1.01194,0.96947,0.03053
43.20000,1.01194,0.97709,0.02291
43.32000,1.01194,0.97215,0.02785
43.44000,1.01194,0.97266,0.02734
43.56000,1.01194,0.97104,0.02896
43.68000,1.01194,0.97932,0.02068
43.80000,1.01194,0.97625,0.02375
43.92000,1.01194,0.96634,0.03366
44.04000,1.01194,0.97043,0.02957
44.16000,1.01194,0.92559,0.07441
44.28000,1.01194,0.96736,0.03264
44.40000,1.01194,0.90534,0.09466
44.52000,1.01194,0.97243,0.02757
44.64000,1.01194,0.92399,0.07601
44.76000,1.01194,0.96662,0.03338
44.88000,1.01194,0.95057,0.04943
45.00000,1.01194,0.97035,0.02965
45.12000,1.01194,0.95054,0.04946
45.24000,1.01194,0.94072,0.05928
45.36000,1.01194,0.94376,0.05624
45.48000,1.01194,0.96609,0.03391
45.60000,1.01194,0.95358,0.04642
45.72000,1.01194,0.94779,0.05221
45.84000,1.01194,0.94962,0.05038
45.96000,1.01194,0.93152,0.06848
46.08000,1.01194,0.96137,0.03863
46.20000,1.01194,0.98183,0.01817
46.32000,1.01194,0.98369,0.01631
46.44000,1.01194,0.98734,0.01266
46.56000,1.01194,0.98511,0.01489
46.68000,1.01194,0.98422,0.01578
46.80000,1.01194,0.98623,0.01377
46.92000,1.01194,0.97997,0.02003
47.04000,1.01194,0.96868,0.03132
47.16000,1.01194,0.97533,0.02467
47.28000,1.01194,0.90694,0.09306
47.40000,1.01194,0.95202,0.04798
47.52000,1.01194,0.81675,0.18325
47.64000,1.01194,0.82651,0.17349
47.76000,1.01194,0.90382,0.09618
47.88000,1.01194,0.90333,0.09667
48.00000,1.01194,0.97481,0.02519
48.12000,1.01194,0.93272,0.06728
48.24000,1.01194,0.95360,0.04640
48.36000,1.01194,0.94750,0.05250
48.48000,1.01194,0.96552,0.03448
48.60000,1.01194,0.94169,0.05831
48.72000,1.01194,0.91506,0.08494
48.84000,1.01194,0.86107,0.13893
48.96000,1.01194,0.91227,0.08773
