Time (seconds), Duration (seconds),pred_unlabeled,pred_sirens
0.00000,1.01194,0.95052,0.04948
0.12000,1.01194,0.90494,0.09506
0.24000,1.01194,0.95691,0.04309
0.36000,1.01194,0.89817,0.10183
0.48000,1.01194,0.96799,0.03201
0.60000,1.01194,0.88978,0.11022
0.72000,1.01194,0.95520,0.04480
0.84000,1.01194,0.87683,0.12317
0.96000,1.01194,0.91431,0.08569
1.08000,1.01194,0.95698,0.04302
1.20000,1.01194,0.96540,0.03460
1.32000,1.01194,0.95165,0.04835
1.44000,1.01194,0.96724,0.03276
1.56000,1.01194,0.93620,0.06380
1.68000,1.01194,0.93901,0.06099
1.80000,1.01194,0.95598,0.04402
1.92000,1.01194,0.91075,0.08925
2.04000,1.01194,0.92546,0.07454
2.16000,1.01194,0.94838,0.05162
2.28000,1.01194,0.94811,0.05189
2.40000,1.01194,0.91966,0.08034
2.52000,1.01194,0.96437,0.03563
2.64000,1.01194,0.94036,0.05964
2.76000,1.01194,0.97193,0.02807
2.88000,1.01194,0.90927,0.09073
3.00000,1.01194,0.98661,0.01339
3.12000,1.01194,0.93241,0.06759
3.24000,1.01194,0.99177,0.00823
3.36000,1.01194,0.97292,0.02708
3.48000,1.01194,0.99082,0.00918
3.60000,1.01194,0.97876,0.02124
3.72000,1.01194,0.98658,0.01342
3.84000,1.01194,0.99013,0.00987
3.96000,1.01194,0.97960,0.02040
4.08000,1.01194,0.96216,0.03784
4.20000,1.01194,0.93577,0.06423
4.32000,1.01194,0.95650,0.04350
4.44000,1.01194,0.95357,0.04643
4.56000,1.01194,0.93859,0.06141
4.68000,1.01194,0.95359,0.04641
4.80000,1.01194,0.90314,0.09686
4.92000,1.01194,0.92144,0.07856
5.04000,1.01194,0.91267,0.08733
5.16000,1.01194,0.68444,0.31556
5.28000,1.01194,0.72176,0.27824
5.40000,1.01194,0.30273,0.69727
5.52000,1.01194,0.80647,0.19353
5.64000,1.01194,0.25467,0.74533
5.76000,1.01194,0.27773,0.72227
5.88000,1.01194,0.31824,0.68176
6.00000,1.01194,0.66378,0.33622
6.12000,1.01194,0.89414,0.10586
6.24000,1.01194,0.79223,0.20777
6.36000,1.01194,0.92939,0.07061
6.48000,1.01194,0.84102,0.15898
6.60000,1.01194,0.95751,0.04249
6.72000,1.01194,0.91646,0.08354
6.84000,1.01194,0.94935,0.05065
6.96000,1.01194,0.91686,0.08314
7.08000,1.01194,0.93849,0.06151
7.20000,1.01194,0.93880,0.06120
7.32000,1.01194,0.93343,0.06657
7.44000,1.01194,0.87451,0.12549
7.56000,1.01194,0.87206,0.12794
7.68000,1.01194,0.75316,0.24684
7.80000,1.01194,0.78244,0.21756
7.92000,1.01194,0.48381,0.51619
8.04000,1.01194,0.58245,0.41755
8.16000,1.01194,0.38151,0.61849
8.28000,1.01194,0.33282,0.66718
8.40000,1.01194,0.29403,0.70597
8.52000,1.01194,0.53726,0.46274
8.64000,1.01194,0.60830,0.39170
8.76000,1.01194,0.63840,0.36160
8.88000,1.01194,0.56228,0.43772
9.00000,1.01194,0.49544,0.50456
9.12000,1.01194,0.27915,0.72085
9.24000,1.01194,0.42213,0.57787
9.36000,1.01194,0.26035,0.73965
9.48000,1.01194,0.33737,0.66263
9.60000,1.01194,0.21962,0.78038
9.72000,1.01194,0.46147,0.53853
9.84000,1.01194,0.37680,0.62320
9.96000,1.01194,0.28654,0.71346
10.08000,1.01194,0.37354,0.62646
10.20000,1.01194,0.35034,0.64966
10.32000,1.01194,0.22391,0.77609
10.44000,1.01194,0.21417,0.78583
10.56000,1.01194,0.16461,0.83539
10.68000,1.01194,0.31329,0.68671
10.80000,1.01194,0.31414,0.68586
10.92000,1.01194,0.60643,0.39357
11.04000,1.01194,0.67429,0.32571
11.16000,1.01194,0.87131,0.12869
11.28000,1.01194,0.92013,0.07987
11.40000,1.01194,0.93928,0.06072
11.52000,1.01194,0.96001,0.03999
11.64000,1.01194,0.94129,0.05871
11.76000,1.01194,0.96033,0.03967
11.88000,1.01194,0.88825,0.11175
12.00000,1.01194,0.93667,0.06333
12.12000,1.01194,0.89479,0.10521
12.24000,1.01194,0.90620,0.09380
12.36000,1.01194,0.86247,0.13753
12.48000,1.01194,0.83260,0.16740
12.60000,1.01194,0.77074,0.22926
12.72000,1.01194,0.81843,0.18157
12.84000,1.01194,0.81969,0.18031
12.96000,1.01194,0.83191,0.16809
13.08000,1.01194,0.85493,0.14507
13.20000,1.01194,0.80892,0.19108
13.32000,1.01194,0.90393,0.09607
13.44000,1.01194,0.90334,0.09666
13.56000,1.01194,0.86179,0.13821
13.68000,1.01194,0.84950,0.15050
13.80000,1.01194,0.82827,0.17173
13.92000,1.01194,0.89616,0.10384
14.04000,1.01194,0.85237,0.14763
14.16000,1.01194,0.92850,0.07150
14.28000,1.01194,0.81211,0.18789
14.40000,1.01194,0.94110,0.05890
14.52000,1.01194,0.90622,0.09378
14.64000,1.01194,0.91919,0.08081
14.76000,1.01194,0.89424,0.10576
14.88000,1.01194,0.90174,0.09826
15.00000,1.01194,0.92070,0.07930
15.12000,1.01194,0.90975,0.09025
15.24000,1.01194,0.85567,0.14433
15.36000,1.01194,0.87127,0.12873
15.48000,1.01194,0.70121,0.29879
15.60000,1.01194,0.87579,0.12421
15.72000,1.01194,0.64744,0.35256
15.84000,1.01194,0.88192,0.11808
15.96000,1.01194,0.83508,0.16492
16.08000,1.01194,0.90047,0.09953
16.20000,1.01194,0.89132,0.10868
16.32000,1.01194,0.92539,0.07461
16.44000,1.01194,0.85787,0.14213
16.56000,1.01194,0.92466,0.07534
16.68000,1.01194,0.78115,0.21885
16.80000,1.01194,0.89702,0.10298
16.92000,1.01194,0.82039,0.17961
17.04000,1.01194,0.92980,0.07020
17.16000,1.01194,0.82898,0.17102
17.28000,1.01194,0.91009,0.08991
17.40000,1.01194,0.91703,0.08297
17.52000,1.01194,0.83328,0.16672
17.64000,1.01194,0.83909,0.16091
17.76000,1.01194,0.58164,0.41836
17.88000,1.01194,0.62762,0.37238
18.00000,1.01194,0.21920,0.78080
18.12000,1.01194,0.39093,0.60907
18.24000,1.01194,0.17582,0.82418
18.36000,1.01194,0.21319,0.78681
18.48000,1.01194,0.17434,0.82566
18.60000,1.01194,0.18061,0.81939
18.72000,1.01194,0.15441,0.84559
18.84000,1.01194,0.17803,0.82197
18.96000,1.01194,0.12493,0.87507
19.08000,1.01194,0.15870,0.84130
19.20000,1.01194,0.16955,0.83045
19.32000,1.01194,0.17833,0.82167
19.44000,1.01194,0.18172,0.81828
19.56000,1.01194,0.29236,0.70764
19.68000,1.01194,0.30227,0.69773
19.80000,1.01194,0.59394,0.40606
19.92000,1.01194,0.61772,0.38228
20.04000,1.01194,0.83449,0.16551
20.16000,1.01194,0.89436,0.10564
20.28000,1.01194,0.94512,0.05488
20.40000,1.01194,0.88510,0.11490
20.52000,1.01194,0.97283,0.02717
20.64000,1.01194,0.90186,0.09814
20.76000,1.01194,0.96474,0.03526
20.88000,1.01194,0.87444,0.12556
21.00000,1.01194,0.96656,0.03344
21.12000,1.01194,0.94286,0.05714
21.24000,1.01194,0.95164,0.04836
21.36000,1.01194,0.97479,0.02521
21.48000,1.01194,0.87004,0.12996
21.60000,1.01194,0.92031,0.07969
21.72000,1.01194,0.73100,0.26900
21.84000,1.01194,0.81712,0.18288
21.96000,1.01194,0.49189,0.50811
22.08000,1.01194,0.39864,0.60136
22.20000,1.01194,0.21627,0.78373
22.32000,1.01194,0.15635,0.84365
22.44000,1.01194,0.16053,0.83947
22.56000,1.01194,0.20180,0.79820
22.68000,1.01194,0.12681,0.87319
22.80000,1.01194,0.15456,0.84544
22.92000,1.01194,0.33789,0.66211
23.04000,1.01194,0.38025,0.61975
23.16000,1.01194,0.57523,0.42477
23.28000,1.01194,0.49573,0.50427
23.40000,1.01194,0.43588,0.56412
23.52000,1.01194,0.39361,0.60639
23.64000,1.01194,0.26887,0.73113
23.76000,1.01194,0.37069,0.62931
23.88000,1.01194,0.34736,0.65264
24.00000,1.01194,0.34326,0.65674
24.12000,1.01194,0.56342,0.43658
24.24000,1.01194,0.70423,0.29577
24.36000,1.01194,0.76818,0.23182
24.48000,1.01194,0.67510,0.32490
24.60000,1.01194,0.69902,0.30098
24.72000,1.01194,0.75682,0.24318
24.84000,1.01194,0.74918,0.25082
24.96000,1.01194,0.84268,0.15732
25.08000,1.01194,0.77478,0.22522
25.20000,1.01194,0.92145,0.07855
25.32000,1.01194,0.88224,0.11776
25.44000,1.01194,0.91526,0.08474
25.56000,1.01194,0.79495,0.20505
25.68000,1.01194,0.81772,0.18228
25.80000,1.01194,0.74489,0.25511
25.92000,1.01194,0.61105,0.38895
26.04000,1.01194,0.61239,0.38761
26.16000,1.01194,0.33589,0.66411
26.28000,1.01194,0.32191,0.67809
26.40000,1.01194,0.35054,0.64946
26.52000,1.01194,0.11858,0.88142
26.64000,1.01194,0.28158,0.71842
26.76000,1.01194,0.13926,0.86074
26.88000,1.01194,0.20669,0.79331
27.00000,1.01194,0.27455,0.72545
27.12000,1.01194,0.26550,0.73450
27.24000,1.01194,0.46311,0.53689
27.36000,1.01194,0.39311,0.60689
27.48000,1.01194,0.72747,0.27253
27.60000,1.01194,0.70978,0.29022
27.72000,1.01194,0.81718,0.18282
27.84000,1.01194,0.94509,0.05491
27.96000,1.01194,0.88108,0.11892
28.08000,1.01194,0.97027,0.02973
28.20000,1.01194,0.89510,0.10490
28.32000,1.01194,0.98181,0.01819
28.44000,1.01194,0.94369,0.05631
28.56000,1.01194,0.98071,0.01929
28.68000,1.01194,0.92612,0.07388
28.80000,1.01194,0.96690,0.03310
28.92000,1.01194,0.89613,0.10387
29.04000,1.01194,0.97422,0.02578
29.16000,1.01194,0.91677,0.08323
29.28000,1.01194,0.94966,0.05034
29.40000,1.01194,0.85173,0.14827
29.52000,1.01194,0.92318,0.07682
29.64000,1.01194,0.92222,0.07778
29.76000,1.01194,0.91240,0.08760
29.88000,1.01194,0.93447,0.06553
30.00000,1.01194,0.93343,0.06657
30.12000,1.01194,0.90198,0.09802
30.24000,1.01194,0.93305,0.06695
30.36000,1.01194,0.91961,0.08039
30.48000,1.01194,0.91589,0.08411
30.60000,1.01194,0.90017,0.09983
30.72000,1.01194,0.93034,0.06966
30.84000,1.01194,0.90836,0.09164
30.96000,1.01194,0.94065,0.05935
31.08000,1.01194,0.95234,0.04766
31.20000,1.01194,0.89346,0.10654
31.32000,1.01194,0.93427,0.06573
31.44000,1.01194,0.91428,0.08572
31.56000,1.01194,0.88637,0.11363
31.68000,1.01194,0.93342,0.06658
31.80000,1.01194,0.86204,0.13796
31.92000,1.01194,0.94690,0.05310
32.04000,1.01194,0.85853,0.14147
32.16000,1.01194,0.96733,0.03267
32.28000,1.01194,0.92006,0.07994
32.40000,1.01194,0.95190,0.04810
32.52000,1.01194,0.94435,0.05565
32.64000,1.01194,0.97630,0.02370
32.76000,1.01194,0.97375,0.02625
32.88000,1.01194,0.96659,0.03341
33.00000,1.01194,0.91344,0.08656
33.12000,1.01194,0.97167,0.02833
33.24000,1.01194,0.91830,0.08170
33.36000,1.01194,0.95221,0.04779
33.48000,1.01194,0.91238,0.08762
33.60000,1.01194,0.97155,0.02845
33.72000,1.01194,0.94275,0.05725
33.84000,1.01194,0.92765,0.07235
33.96000,1.01194,0.88805,0.11195
34.08000,1.01194,0.86210,0.13790
34.20000,1.01194,0.86671,0.13329
34.32000,1.01194,0.90319,0.09681
34.44000,1.01194,0.87949,0.12051
34.56000,1.01194,0.94359,0.05641
34.68000,1.01194,0.95172,0.04828
34.80000,1.01194,0.93592,0.06408
34.92000,1.01194,0.95876,0.04124
35.04000,1.01194,0.92825,0.07175
35.16000,1.01194,0.93719,0.06281
35.28000,1.01194,0.83674,0.16326
35.40000,1.01194,0.92267,0.07733
35.52000,1.01194,0.93927,0.06073
35.64000,1.01194,0.94201,0.05799
35.76000,1.01194,0.95348,0.04652
35.88000,1.01194,0.95815,0.04185
36.00000,1.01194,0.97109,0.02891
36.12000,1.01194,0.95731,0.04269
36.24000,1.01194,0.95769,0.04231
36.36000,1.01194,0.96496,0.03504
36.48000,1.01194,0.95096,0.04904
36.60000,1.01194,0.96776,0.03224
36.72000,1.01194,0.95416,0.04584
36.84000,1.01194,0.93685,0.06315
36.96000,1.01194,0.89931,0.10069
37.08000,1.01194,0.95133,0.04867
37.20000,1.01194,0.95712,0.04288
37.32000,1.01194,0.95724,0.04276
37.44000,1.01194,0.93481,0.06519
37.56000,1.01194,0.93730,0.06270
37.68000,1.01194,0.97015,0.02985
37.80000,1.01194,0.90756,0.09244
37.92000,1.01194,0.92086,0.07914
38.04000,1.01194,0.87179,0.12821
38.16000,1.01194,0.94484,0.05516
38.28000,1.01194,0.88917,0.11083
38.40000,1.01194,0.98071,0.01929
38.52000,1.01194,0.90192,0.09808
38.64000,1.01194,0.96378,0.03622
38.76000,1.01194,0.91609,0.08391
38.88000,1.01194,0.93164,0.06836
39.00000,1.01194,0.80580,0.19420
39.12000,1.01194,0.83187,0.16813
39.24000,1.01194,0.76679,0.23321
39.36000,1.01194,0.95521,0.04479
39.48000,1.01194,0.74281,0.25719
39.60000,1.01194,0.95271,0.04729
39.72000,1.01194,0.83674,0.16326
39.84000,1.01194,0.94886,0.05114
39.96000,1.01194,0.87479,0.12521
40.08000,1.01194,0.88593,0.11407
40.20000,1.01194,0.91894,0.08106
40.32000,1.01194,0.88243,0.11757
40.44000,1.01194,0.93761,0.06239
40.56000,1.01194,0.88597,0.11403
40.68000,1.01194,0.95200,0.04800
40.80000,1.01194,0.95653,0.04347
40.92000,1.01194,0.90599,0.09401
41.04000,1.01194,0.97743,0.02257
41.16000,1.01194,0.93882,0.06118
41.28000,1.01194,0.97789,0.02211
41.40000,1.01194,0.95508,0.04492
41.52000,1.01194,0.91185,0.08815
41.64000,1.01194,0.91436,0.08564
41.76000,1.01194,0.88463,0.11537
41.88000,1.01194,0.89200,0.10800
42.00000,1.01194,0.80453,0.19547
42.12000,1.01194,0.91263,0.08737
42.24000,1.01194,0.87348,0.12652
42.36000,1.01194,0.90812,0.09188
42.48000,1.01194,0.86132,0.13868
42.60000,1.01194,0.95900,0.04100
42.72000,1.01194,0.94393,0.05607
42.84000,1.01194,0.93225,0.06775
42.96000,1.01194,0.90169,0.09831
43.08000,1.01194,0.90021,0.09979
43.20000,1.01194,0.92864,0.07136
43.32000,1.01194,0.87872,0.12128
43.44000,1.01194,0.90851,0.09149
43.56000,1.01194,0.91907,0.08093
43.68000,1.01194,0.87456,0.12544
43.80000,1.01194,0.93634,0.06366
43.92000,1.01194,0.90287,0.09713
44.04000,1.01194,0.88285,0.11715
44.16000,1.01194,0.92713,0.07287
44.28000,1.01194,0.94551,0.05449
44.40000,1.01194,0.92414,0.07586
44.52000,1.01194,0.97407,0.02593
44.64000,1.01194,0.96617,0.03383
44.76000,1.01194,0.97557,0.02443
44.88000,1.01194,0.94374,0.05626
45.00000,1.01194,0.98620,0.01380
45.12000,1.01194,0.96793,0.03207
45.24000,1.01194,0.98517,0.01483
45.36000,1.01194,0.96732,0.03268
45.48000,1.01194,0.98278,0.01722
45.60000,1.01194,0.97565,0.02435
45.72000,1.01194,0.98032,0.01968
45.84000,1.01194,0.98133,0.01867
45.96000,1.01194,0.96990,0.03010
46.08000,1.01194,0.96932,0.03068
46.20000,1.01194,0.97025,0.02975
46.32000,1.01194,0.98642,0.01358
46.44000,1.01194,0.97653,0.02347
46.56000,1.01194,0.98927,0.01073
46.68000,1.01194,0.92254,0.07746
46.80000,1.01194,0.98945,0.01055
46.92000,1.01194,0.98051,0.01949
47.04000,1.01194,0.98043,0.01957
47.16000,1.01194,0.96227,0.03773
47.28000,1.01194,0.97170,0.02830
47.40000,1.01194,0.97490,0.02510
47.52000,1.01194,0.96218,0.03782
47.64000,1.01194,0.95974,0.04026
47.76000,1.01194,0.93996,0.06004
47.88000,1.01194,0.97889,0.02111
48.00000,1.01194,0.95603,0.04397
48.12000,1.01194,0.97786,0.02214
48.24000,1.01194,0.95502,0.04498
48.36000,1.01194,0.96802,0.03198
48.48000,1.01194,0.97236,0.02764
48.60000,1.01194,0.96538,0.03462
48.72000,1.01194,0.97865,0.02135
48.84000,1.01194,0.97651,0.02349
48.96000,1.01194,0.96462,0.03538
49.08000,1.01194,0.98495,0.01505
49.20000,1.01194,0.98181,0.01819
49.32000,1.01194,0.98535,0.01465
49.44000,1.01194,0.96219,0.03781
49.56000,1.01194,0.98147,0.01853
49.68000,1.01194,0.95953,0.04047
49.80000,1.01194,0.98023,0.01977
49.92000,1.01194,0.97104,0.02896
50.04000,1.01194,0.95635,0.04365
50.16000,1.01194,0.77825,0.22175
50.28000,1.01194,0.90338,0.09662
50.40000,1.01194,0.84828,0.15172
50.52000,1.01194,0.90344,0.09656
50.64000,1.01194,0.84076,0.15924
50.76000,1.01194,0.94046,0.05954
50.88000,1.01194,0.96465,0.03535
51.00000,1.01194,0.95663,0.04337
51.12000,1.01194,0.98524,0.01476
51.24000,1.01194,0.94365,0.05635
51.36000,1.01194,0.98387,0.01613
51.48000,1.01194,0.97003,0.02997
51.60000,1.01194,0.98680,0.01320
51.72000,1.01194,0.93619,0.06381
51.84000,1.01194,0.98212,0.01788
51.96000,1.01194,0.95077,0.04923
52.08000,1.01194,0.98229,0.01771
52.20000,1.01194,0.95599,0.04401
52.32000,1.01194,0.96300,0.03700
52.44000,1.01194,0.96598,0.03402
52.56000,1.01194,0.97216,0.02784
52.68000,1.01194,0.98570,0.01430
52.80000,1.01194,0.97503,0.02497
52.92000,1.01194,0.96724,0.03276
53.04000,1.01194,0.97169,0.02831
53.16000,1.01194,0.96677,0.03323
53.28000,1.01194,0.96174,0.03826
53.40000,1.01194,0.96801,0.03199
53.52000,1.01194,0.95914,0.04086
53.64000,1.01194,0.93305,0.06695
53.76000,1.01194,0.95659,0.04341
53.88000,1.01194,0.92903,0.07097
54.00000,1.01194,0.97752,0.02248
54.12000,1.01194,0.96721,0.03279
54.24000,1.01194,0.96684,0.03316
54.36000,1.01194,0.97334,0.02666
54.48000,1.01194,0.98511,0.01489
54.60000,1.01194,0.98916,0.01084
54.72000,1.01194,0.98153,0.01847
54.84000,1.01194,0.98471,0.01529
54.96000,1.01194,0.98899,0.01101
55.08000,1.01194,0.97856,0.02144
55.20000,1.01194,0.98537,0.01463
55.32000,1.01194,0.97944,0.02056
55.44000,1.01194,0.98444,0.01556
55.56000,1.01194,0.96768,0.03232
55.68000,1.01194,0.98640,0.01360
55.80000,1.01194,0.95063,0.04937
55.92000,1.01194,0.97878,0.02122
56.04000,1.01194,0.95773,0.04227
56.16000,1.01194,0.96774,0.03226
56.28000,1.01194,0.95954,0.04046
56.40000,1.01194,0.98464,0.01536
56.52000,1.01194,0.97444,0.02556
56.64000,1.01194,0.96500,0.03500
56.76000,1.01194,0.95810,0.04190
56.88000,1.01194,0.95922,0.04078
57.00000,1.01194,0.97604,0.02396
57.12000,1.01194,0.97879,0.02121
57.24000,1.01194,0.97558,0.02442
57.36000,1.01194,0.98170,0.01830
57.48000,1.01194,0.98037,0.01963
57.60000,1.01194,0.98302,0.01698
57.72000,1.01194,0.98924,0.01076
57.84000,1.01194,0.99144,0.00856
57.96000,1.01194,0.98785,0.01215
58.08000,1.01194,0.97828,0.02172
58.20000,1.01194,0.98742,0.01258
58.32000,1.01194,0.98068,0.01932
58.44000,1.01194,0.98138,0.01862
58.56000,1.01194,0.97337,0.02663
58.68000,1.01194,0.97575,0.02425
58.80000,1.01194,0.97347,0.02653
58.92000,1.01194,0.97837,0.02163
59.04000,1.01194,0.97714,0.02286
59.16000,1.01194,0.99218,0.00782
59.28000,1.01194,0.97524,0.02476
59.40000,1.01194,0.98696,0.01304
59.52000,1.01194,0.97747,0.02253
59.64000,1.01194,0.98945,0.01055
59.76000,1.01194,0.98529,0.01471
59.88000,1.01194,0.98774,0.01226
60.00000,1.01194,0.97813,0.02187
60.12000,1.01194,0.98583,0.01417
60.24000,1.01194,0.99032,0.00968
60.36000,1.01194,0.98170,0.01830
60.48000,1.01194,0.98768,0.01232
60.60000,1.01194,0.96030,0.03970
60.72000,1.01194,0.98259,0.01741
60.84000,1.01194,0.98248,0.01752
60.96000,1.01194,0.98489,0.01511
61.08000,1.01194,0.98907,0.01093
61.20000,1.01194,0.97327,0.02673
61.32000,1.01194,0.99095,0.00905
61.44000,1.01194,0.97312,0.02688
61.56000,1.01194,0.99072,0.00928
61.68000,1.01194,0.98034,0.01966
61.80000,1.01194,0.97525,0.02475
61.92000,1.01194,0.98516,0.01484
62.04000,1.01194,0.98029,0.01971
62.16000,1.01194,0.97780,0.02220
62.28000,1.01194,0.97336,0.02664
62.40000,1.01194,0.97806,0.02193
62.52000,1.01194,0.95809,0.04191
62.64000,1.01194,0.97255,0.02745
62.76000,1.01194,0.97321,0.02679
62.88000,1.01194,0.98144,0.01856
63.00000,1.01194,0.98456,0.01544
63.12000,1.01194,0.98018,0.01982
63.24000,1.01194,0.97989,0.02011
63.36000,1.01194,0.98437,0.01563
63.48000,1.01194,0.97840,0.02160
63.60000,1.01194,0.97964,0.02036
63.72000,1.01194,0.96151,0.03849
63.84000,1.01194,0.99148,0.00852
63.96000,1.01194,0.95394,0.04606
64.08000,1.01193,0.98994,0.01006
64.20000,1.01194,0.94411,0.05589
64.32000,1.01194,0.97998,0.02002
64.44000,1.01193,0.95929,0.04071
64.56000,1.01194,0.98786,0.01214
64.68000,1.01194,0.97901,0.02099
64.80000,1.01193,0.98371,0.01629
64.92000,1.01194,0.97285,0.02715
65.04000,1.01194,0.97594,0.02406
65.16000,1.01193,0.97291,0.02709
65.28000,1.01194,0.99068,0.00932
65.40000,1.01193,0.98554,0.01446
65.52000,1.01194,0.98737,0.01263
65.64000,1.01194,0.98458,0.01542
65.76000,1.01193,0.98860,0.01140
65.88000,1.01194,0.98607,0.01393
66.00000,1.01194,0.99060,0.00940
66.12000,1.01193,0.98574,0.01426
66.24000,1.01194,0.98648,0.01352
66.36000,1.01194,0.98277,0.01723
66.48000,1.01193,0.98343,0.01657
66.60000,1.01194,0.97767,0.02233
66.72000,1.01194,0.98297,0.01703
66.84000,1.01194,0.96472,0.03528
66.96000,1.01194,0.97164,0.02836
67.08000,1.01193,0.97890,0.02110
67.20000,1.01194,0.98028,0.01972
67.32000,1.01194,0.96826,0.03174
67.44000,1.01193,0.97772,0.02228
67.56000,1.01194,0.99259,0.00741
67.68000,1.01194,0.98347,0.01653
67.80000,1.01193,0.98692,0.01308
67.92000,1.01194,0.98093,0.01907
68.04000,1.01194,0.97412,0.02588
68.16000,1.01193,0.98407,0.01593
68.28000,1.01194,0.96481,0.03519
68.40000,1.01193,0.99210,0.00790
68.52000,1.01194,0.97422,0.02578
68.64000,1.01194,0.99235,0.00765
68.76000,1.01193,0.96208,0.03792
68.88000,1.01194,0.99048,0.00952
69.00000,1.01194,0.97402,0.02598
69.12000,1.01193,0.98885,0.01115
69.24000,1.01194,0.96816,0.03184
69.36000,1.01194,0.99066,0.00934
69.48000,1.01193,0.97921,0.02079
69.60000,1.01194,0.98946,0.01054
69.72000,1.01194,0.96273,0.03727
69.84000,1.01194,0.95983,0.04017
69.96000,1.01194,0.97723,0.02277
70.08000,1.01193,0.97398,0.02602
70.20000,1.01194,0.96705,0.03295
70.32000,1.01194,0.97009,0.02991
70.44000,1.01193,0.98908,0.01092
70.56000,1.01194,0.97541,0.02459
70.68000,1.01194,0.95967,0.04033
70.80000,1.01193,0.92800,0.07200
70.92000,1.01194,0.98578,0.01422
71.04000,1.01194,0.97976,0.02024
71.16000,1.01193,0.97826,0.02174
71.28000,1.01194,0.95604,0.04396
71.40000,1.01193,0.98524,0.01476
71.52000,1.01194,0.97002,0.02998
71.64000,1.01194,0.98923,0.01077
71.76000,1.01193,0.98479,0.01521
71.88000,1.01194,0.98923,0.01077
72.00000,1.01194,0.98980,0.01020
72.12000,1.01193,0.99087,0.00913
72.24000,1.01194,0.98863,0.01137
72.36000,1.01194,0.99132,0.00868
72.48000,1.01193,0.97946,0.02054
72.60000,1.01194,0.98963,0.01037
72.72000,1.01194,0.97319,0.02681
72.84000,1.01194,0.98963,0.01037
72.96000,1.01194,0.97770,0.02230
73.08000,1.01193,0.98924,0.01076
73.20000,1.01194,0.98416,0.01584
73.32000,1.01194,0.98244,0.01756
73.44000,1.01193,0.98225,0.01775
73.56000,1.01194,0.98116,0.01884
73.68000,1.01194,0.98472,0.01528
73.80000,1.01193,0.98502,0.01498
73.92000,1.01194,0.97915,0.02085
74.04000,1.01194,0.96711,0.03289
74.16000,1.01193,0.91292,0.08708
74.28000,1.01194,0.87476,0.12524
74.40000,1.01193,0.87784,0.12216
74.52000,1.01194,0.93463,0.06537
74.64000,1.01194,0.91760,0.08240
74.76000,1.01193,0.90244,0.09756
74.88000,1.01194,0.95507,0.04493
75.00000,1.01194,0.97725,0.02275
75.12000,1.01193,0.98144,0.01856
75.24000,1.01194,0.96287,0.03713
75.36000,1.01194,0.97938,0.02062
75.48000,1.01193,0.94183,0.05817
75.60000,1.01194,0.98043,0.01957
75.72000,1.01194,0.95664,0.04336
75.84000,1.01194,0.96239,0.03761
75.96000,1.01194,0.93117,0.06883
76.08000,1.01193,0.96672,0.03328
76.20000,1.01194,0.93779,0.06221
76.32000,1.01194,0.96159,0.03841
76.44000,1.01193,0.93012,0.06988
76.56000,1.01194,0.96301,0.03699
76.68000,1.01194,0.96951,0.03049
76.80000,1.01193,0.97689,0.02311
76.92000,1.01194,0.96646,0.03354
77.04000,1.01194,0.98565,0.01435
77.16000,1.01193,0.98499,0.01501
77.28000,1.01194,0.98199,0.01801
77.40000,1.01193,0.97495,0.02505
77.52000,1.01194,0.97926,0.02074
77.64000,1.01194,0.98922,0.01078
77.76000,1.01193,0.97931,0.02069
77.88000,1.01194,0.97379,0.02621
78.00000,1.01194,0.97598,0.02402
78.12000,1.01193,0.97786,0.02214
78.24000,1.01194,0.98622,0.01378
78.36000,1.01194,0.97526,0.02474
78.48000,1.01193,0.98636,0.01364
78.60000,1.01194,0.98139,0.01861
78.72000,1.01194,0.97805,0.02195
78.84000,1.01194,0.97767,0.02233
78.96000,1.01194,0.97397,0.02603
79.08000,1.01193,0.98686,0.01314
79.20000,1.01194,0.98218,0.01782
79.32000,1.01194,0.97404,0.02596
79.44000,1.01193,0.97374,0.02626
79.56000,1.01194,0.97588,0.02412
79.68000,1.01194,0.97730,0.02270
79.80000,1.01193,0.95081,0.04919
79.92000,1.01194,0.94122,0.05878
80.04000,1.01194,0.91889,0.08111
80.16000,1.01193,0.95246,0.04754
80.28000,1.01194,0.95825,0.04175
80.40000,1.01193,0.96456,0.03544
80.52000,1.01194,0.96654,0.03346
80.64000,1.01194,0.95443,0.04557
80.76000,1.01193,0.96645,0.03355
80.88000,1.01194,0.98415,0.01585
81.00000,1.01194,0.97705,0.02295
81.12000,1.01193,0.98665,0.01335
81.24000,1.01194,0.98251,0.01749
81.36000,1.01194,0.97678,0.02322
81.48000,1.01193,0.97174,0.02826
81.60000,1.01194,0.97893,0.02107
81.72000,1.01194,0.96304,0.03696
81.84000,1.01194,0.98283,0.01717
81.96000,1.01194,0.97718,0.02282
82.08000,1.01193,0.98690,0.01310
82.20000,1.01194,0.97519,0.02481
82.32000,1.01194,0.98775,0.01225
82.44000,1.01193,0.98630,0.01370
82.56000,1.01194,0.98729,0.01271
82.68000,1.01194,0.97747,0.02253
82.80000,1.01193,0.98665,0.01335
82.92000,1.01194,0.98362,0.01638
83.04000,1.01194,0.98850,0.01150
83.16000,1.01193,0.98560,0.01440
83.28000,1.01194,0.99471,0.00529
83.40000,1.01193,0.98846,0.01154
83.52000,1.01194,0.98461,0.01539
83.64000,1.01194,0.95331,0.04669
83.76000,1.01193,0.97220,0.02780
83.88000,1.01194,0.96244,0.03756
84.00000,1.01194,0.98624,0.01376
84.12000,1.01193,0.94382,0.05618
84.24000,1.01194,0.96568,0.03432
84.36000,1.01194,0.98961,0.01039
84.48000,1.01193,0.99317,0.00683
84.60000,1.01194,0.98380,0.01620
84.72000,1.01194,0.98363,0.01637
84.84000,1.01194,0.98727,0.01273
84.96000,1.01194,0.99017,0.00983
85.08000,1.01193,0.97319,0.02681
85.20000,1.01194,0.96490,0.03510
85.32000,1.01194,0.98093,0.01907
85.44000,1.01193,0.96536,0.03464
85.56000,1.01194,0.97161,0.02839
85.68000,1.01194,0.97400,0.02600
85.80000,1.01193,0.98082,0.01918
85.92000,1.01194,0.97679,0.02321
86.04000,1.01194,0.98560,0.01440
86.16000,1.01193,0.98775,0.01225
86.28000,1.01194,0.98905,0.01095
86.40000,1.01193,0.98241,0.01759
86.52000,1.01194,0.98141,0.01859
86.64000,1.01194,0.97761,0.02239
86.76000,1.01193,0.97432,0.02568
86.88000,1.01194,0.95972,0.04028
87.00000,1.01194,0.98186,0.01814
87.12000,1.01193,0.96052,0.03948
87.24000,1.01194,0.96880,0.03120
87.36000,1.01194,0.97731,0.02269
87.48000,1.01193,0.95681,0.04319
87.60000,1.01194,0.98242,0.01758
87.72000,1.01194,0.94756,0.05244
87.84000,1.01194,0.98346,0.01654
87.96000,1.01194,0.95007,0.04993
88.08000,1.01193,0.99267,0.00733
88.20000,1.01194,0.96660,0.03340
88.32000,1.01194,0.98980,0.01020
88.44000,1.01193,0.96959,0.03041
88.56000,1.01194,0.99495,0.00505
88.68000,1.01194,0.98919,0.01081
88.80000,1.01193,0.99161,0.00839
88.92000,1.01194,0.99004,0.00996
89.04000,1.01194,0.98952,0.01048
89.16000,1.01193,0.97786,0.02214
89.28000,1.01194,0.96727,0.03273
89.40000,1.01193,0.96453,0.03547
89.52000,1.01194,0.98501,0.01499
89.64000,1.01194,0.96413,0.03587
89.76000,1.01193,0.96540,0.03460
89.88000,1.01194,0.92057,0.07943
90.00000,1.01194,0.98464,0.01535
90.12000,1.01193,0.96169,0.03831
90.24000,1.01194,0.98906,0.01094
90.36000,1.01194,0.95515,0.04485
90.48000,1.01193,0.97269,0.02731
90.60000,1.01194,0.93702,0.06298
90.72000,1.01194,0.97507,0.02493
90.84000,1.01194,0.95625,0.04375
90.96000,1.01194,0.97894,0.02106
91.08000,1.01193,0.97759,0.02241
91.20000,1.01194,0.97996,0.02004
91.32000,1.01194,0.97679,0.02321
91.44000,1.01193,0.97351,0.02649
91.56000,1.01194,0.98429,0.01571
91.68000,1.01194,0.96740,0.03260
91.80000,1.01193,0.98479,0.01521
91.92000,1.01194,0.96618,0.03382
92.04000,1.01194,0.98556,0.01444
92.16000,1.01193,0.96613,0.03387
92.28000,1.01194,0.98468,0.01532
92.40000,1.01193,0.96018,0.03982
92.52000,1.01194,0.97270,0.02730
92.64000,1.01194,0.97001,0.02999
92.76000,1.01193,0.99108,0.00892
92.88000,1.01194,0.95442,0.04558
93.00000,1.01194,0.98543,0.01457
93.12000,1.01193,0.94030,0.05970
93.24000,1.01194,0.97315,0.02685
93.36000,1.01194,0.97321,0.02679
93.48000,1.01193,0.96802,0.03198
93.60000,1.01194,0.97770,0.02230
93.72000,1.01194,0.98026,0.01974
93.84000,1.01194,0.98044,0.01956
93.96000,1.01194,0.98159,0.01841
94.08000,1.01193,0.97898,0.02102
94.20000,1.01194,0.96451,0.03549
94.32000,1.01194,0.98368,0.01632
94.44000,1.01193,0.97992,0.02008
94.56000,1.01194,0.98291,0.01709
94.68000,1.01194,0.97467,0.02533
94.80000,1.01193,0.95708,0.04292
94.92000,1.01194,0.97113,0.02887
95.04000,1.01194,0.94725,0.05275
95.16000,1.01193,0.96155,0.03845
95.28000,1.01194,0.97202,0.02798
95.40000,1.01193,0.94684,0.05316
95.52000,1.01194,0.97246,0.02754
95.64000,1.01194,0.96608,0.03392
95.76000,1.01193,0.98852,0.01148
95.88000,1.01194,0.97523,0.02477
96.00000,1.01194,0.97732,0.02268
96.12000,1.01193,0.97971,0.02029
96.24000,1.01194,0.98238,0.01762
96.36000,1.01194,0.97874,0.02126
96.48000,1.01193,0.97956,0.02044
96.60000,1.01194,0.97323,0.02677
96.72000,1.01194,0.97647,0.02353
96.84000,1.01194,0.96370,0.03630
96.96000,1.01194,0.97966,0.02034
97.08000,1.01193,0.97303,0.02697
97.20000,1.01194,0.95639,0.04361
97.32000,1.01194,0.96880,0.03120
97.44000,1.01193,0.95768,0.04232
97.56000,1.01194,0.96354,0.03646
97.68000,1.01194,0.93869,0.06131
97.80000,1.01193,0.97677,0.02323
97.92000,1.01194,0.98003,0.01997
98.04000,1.01194,0.96075,0.03925
98.16000,1.01193,0.96914,0.03086
98.28000,1.01194,0.93011,0.06989
98.40000,1.01193,0.97983,0.02017
98.52000,1.01194,0.97703,0.02297
98.64000,1.01194,0.97494,0.02506
98.76000,1.01193,0.97262,0.02738
98.88000,1.01194,0.98431,0.01569
99.00000,1.01194,0.99247,0.00753
99.12000,1.01193,0.97975,0.02025
99.24000,1.01194,0.99055,0.00945
99.36000,1.01194,0.97528,0.02472
99.48000,1.01193,0.98883,0.01117
99.60000,1.01194,0.95998,0.04002
99.72000,1.01194,0.96239,0.03761
99.84000,1.01194,0.97575,0.02425
99.96000,1.01194,0.97153,0.02847
100.08000,1.01193,0.98842,0.01158
100.20000,1.01194,0.97701,0.02299
100.32000,1.01194,0.97910,0.02090
100.44000,1.01193,0.97951,0.02049
100.56000,1.01194,0.98946,0.01054
100.68000,1.01194,0.97097,0.02903
100.80000,1.01193,0.99105,0.00895
100.92000,1.01194,0.97235,0.02765
101.04000,1.01194,0.98878,0.01122
101.16000,1.01193,0.96090,0.03910
101.28000,1.01194,0.98184,0.01816
101.40000,1.01193,0.97999,0.02001
101.52000,1.01194,0.97701,0.02299
101.64000,1.01194,0.98614,0.01386
101.76000,1.01193,0.98083,0.01917
101.88000,1.01194,0.98257,0.01743
102.00000,1.01194,0.97041,0.02959
102.12000,1.01193,0.97885,0.02115
102.24000,1.01194,0.95323,0.04677
102.36000,1.01194,0.97004,0.02996
102.48000,1.01193,0.98444,0.01556
102.60000,1.01194,0.97475,0.02525
102.72000,1.01194,0.97982,0.02018
102.84000,1.01194,0.95496,0.04504
102.96000,1.01194,0.97923,0.02077
103.08000,1.01193,0.96550,0.03450
103.20000,1.01194,0.97146,0.02854
103.32000,1.01194,0.96438,0.03562
103.44000,1.01193,0.97891,0.02109
103.56000,1.01194,0.97619,0.02381
103.68000,1.01194,0.95175,0.04825
103.80000,1.01193,0.97986,0.02014
103.92000,1.01194,0.97528,0.02472
104.04000,1.01194,0.98529,0.01471
104.16000,1.01193,0.92492,0.07508
104.28000,1.01194,0.97141,0.02859
104.40000,1.01193,0.95956,0.04044
104.52000,1.01194,0.97792,0.02208
104.64000,1.01194,0.93721,0.06279
104.76000,1.01193,0.97628,0.02372
104.88000,1.01194,0.98115,0.01885
105.00000,1.01194,0.96726,0.03274
105.12000,1.01193,0.98159,0.01841
105.24000,1.01194,0.97382,0.02618
105.36000,1.01194,0.98562,0.01438
105.48000,1.01193,0.96677,0.03323
105.60000,1.01194,0.95650,0.04350
105.72000,1.01194,0.97851,0.02149
105.84000,1.01194,0.97474,0.02526
105.96000,1.01194,0.96928,0.03072
106.08000,1.01193,0.96513,0.03487
106.20000,1.01194,0.98395,0.01605
106.32000,1.01194,0.96704,0.03296
106.44000,1.01193,0.98075,0.01925
106.56000,1.01194,0.98499,0.01501
106.68000,1.01194,0.98104,0.01896
106.80000,1.01193,0.97594,0.02406
106.92000,1.01194,0.98664,0.01336
107.04000,1.01194,0.97896,0.02104
107.16000,1.01193,0.98496,0.01504
107.28000,1.01194,0.97737,0.02263
107.40000,1.01193,0.98624,0.01376
107.52000,1.01194,0.98318,0.01682
107.64000,1.01194,0.97647,0.02353
107.76000,1.01193,0.96240,0.03760
107.88000,1.01194,0.94429,0.05571
108.00000,1.01194,0.94472,0.05528
108.12000,1.01193,0.92645,0.07355
108.24000,1.01194,0.95153,0.04846
108.36000,1.01194,0.96012,0.03988
108.48000,1.01193,0.96065,0.03935
108.60000,1.01194,0.98227,0.01773
108.72000,1.01194,0.98189,0.01811
108.84000,1.01194,0.98102,0.01898
108.96000,1.01194,0.96298,0.03702
109.08000,1.01193,0.98303,0.01697
109.20000,1.01194,0.96711,0.03289
109.32000,1.01194,0.97566,0.02434
109.44000,1.01193,0.95855,0.04145
109.56000,1.01194,0.97822,0.02178
109.68000,1.01194,0.98192,0.01808
109.80000,1.01193,0.97223,0.02777
109.92000,1.01194,0.96975,0.03025
110.04000,1.01194,0.97120,0.02880
110.16000,1.01193,0.97793,0.02207
110.28000,1.01194,0.97207,0.02793
110.40000,1.01193,0.97540,0.02460
110.52000,1.01194,0.95075,0.04925
110.64000,1.01194,0.98401,0.01599
110.76000,1.01193,0.96619,0.03381
110.88000,1.01194,0.98339,0.01661
111.00000,1.01194,0.97254,0.02746
111.12000,1.01193,0.97916,0.02084
111.24000,1.01194,0.97741,0.02259
111.36000,1.01194,0.98510,0.01490
111.48000,1.01193,0.95921,0.04079
111.60000,1.01194,0.98541,0.01459
111.72000,1.01194,0.95821,0.04179
111.84000,1.01194,0.98021,0.01979
111.96000,1.01194,0.88339,0.11661
112.08000,1.01193,0.94859,0.05141
112.20000,1.01194,0.89354,0.10646
112.32000,1.01194,0.97728,0.02272
112.44000,1.01193,0.96770,0.03230
112.56000,1.01194,0.96706,0.03294
112.68000,1.01194,0.95545,0.04455
112.80000,1.01193,0.97570,0.02430
112.92000,1.01194,0.95912,0.04088
113.04000,1.01194,0.98554,0.01446
113.16000,1.01193,0.93259,0.06741
113.28000,1.01194,0.97083,0.02917
113.40000,1.01193,0.94324,0.05676
113.52000,1.01194,0.98285,0.01715
113.64000,1.01194,0.92732,0.07268
113.76000,1.01193,0.94592,0.05408
113.88000,1.01194,0.94015,0.05985
114.00000,1.01194,0.94658,0.05342
114.12000,1.01193,0.96389,0.03611
114.24000,1.01194,0.95066,0.04934
114.36000,1.01194,0.97185,0.02815
114.48000,1.01193,0.97352,0.02648
114.60000,1.01194,0.97427,0.02573
114.72000,1.01194,0.97315,0.02685
114.84000,1.01194,0.97807,0.02193
114.96000,1.01194,0.98214,0.01786
115.08000,1.01193,0.96466,0.03534
115.20000,1.01194,0.96061,0.03939
115.32000,1.01194,0.96034,0.03966
115.44000,1.01193,0.93356,0.06644
115.56000,1.01194,0.96608,0.03392
115.68000,1.01194,0.96591,0.03409
115.80000,1.01193,0.96307,0.03693
115.92000,1.01194,0.93855,0.06145
116.04000,1.01194,0.90104,0.09896
116.16000,1.01193,0.96951,0.03049
116.28000,1.01194,0.92591,0.07409
116.40000,1.01193,0.96555,0.03445
116.52000,1.01194,0.92446,0.07554
116.64000,1.01194,0.93964,0.06036
116.76000,1.01193,0.92772,0.07228
116.88000,1.01194,0.95201,0.04799
117.00000,1.01194,0.92520,0.07480
117.12000,1.01193,0.91766,0.08234
117.24000,1.01194,0.95753,0.04247
117.36000,1.01194,0.94366,0.05634
117.48000,1.01193,0.96978,0.03022
117.60000,1.01194,0.94996,0.05004
117.72000,1.01194,0.98070,0.01930
117.84000,1.01194,0.97820,0.02180
117.96000,1.01194,0.97352,0.02648
118.08000,1.01193,0.97778,0.02222
118.20000,1.01194,0.96244,0.03756
118.32000,1.01194,0.97028,0.02972
118.44000,1.01193,0.96993,0.03007
118.56000,1.01194,0.96056,0.03944
118.68000,1.01194,0.95756,0.04244
118.80000,1.01193,0.98022,0.01978
118.92000,1.01194,0.97356,0.02644
119.04000,1.01194,0.96600,0.03400
119.16000,1.01193,0.96440,0.03560
119.28000,1.01194,0.93057,0.06943
119.40000,1.01193,0.95180,0.04820
119.52000,1.01194,0.91774,0.08226
119.64000,1.01194,0.91472,0.08528
119.76000,1.01193,0.92824,0.07176
119.88000,1.01194,0.97586,0.02414
120.00000,1.01194,0.94295,0.05705
120.12000,1.01193,0.96384,0.03616
120.24000,1.01194,0.94788,0.05212
120.36000,1.01194,0.96410,0.03590
120.48000,1.01193,0.95992,0.04008
120.60000,1.01194,0.93853,0.06147
120.72000,1.01194,0.96504,0.03496
120.84000,1.01194,0.94876,0.05124
120.96000,1.01194,0.96884,0.03116
121.08000,1.01193,0.94244,0.05756
121.20000,1.01194,0.96401,0.03599
121.32000,1.01194,0.91776,0.08224
121.44000,1.01193,0.97528,0.02472
121.56000,1.01194,0.95212,0.04788
121.68000,1.01194,0.98457,0.01543
121.80000,1.01193,0.93411,0.06589
121.92000,1.01194,0.97771,0.02229
122.04000,1.01194,0.97259,0.02741
122.16000,1.01193,0.97381,0.02619
122.28000,1.01194,0.97158,0.02842
122.40000,1.01193,0.92455,0.07545
122.52000,1.01194,0.98627,0.01373
122.64000,1.01194,0.94338,0.05662
122.76000,1.01193,0.96262,0.03738
122.88000,1.01194,0.95584,0.04416
123.00000,1.01194,0.94969,0.05031
123.12000,1.01193,0.95727,0.04273
123.24000,1.01194,0.97916,0.02084
123.36000,1.01194,0.96596,0.03404
123.48000,1.01193,0.98133,0.01867
123.60000,1.01194,0.95677,0.04323
123.72000,1.01194,0.98190,0.01810
123.84000,1.01194,0.97195,0.02805
123.96000,1.01194,0.97508,0.02492
124.08000,1.01193,0.94940,0.05060
124.20000,1.01194,0.95013,0.04987
124.32000,1.01194,0.89364,0.10636
124.44000,1.01193,0.92440,0.07560
124.56000,1.01194,0.91616,0.08384
124.68000,1.01194,0.94678,0.05322
124.80000,1.01193,0.96572,0.03428
124.92000,1.01194,0.96156,0.03844
125.04000,1.01194,0.98336,0.01664
125.16000,1.01193,0.96296,0.03704
125.28000,1.01194,0.96317,0.03683
125.40000,1.01193,0.91983,0.08017
125.52000,1.01194,0.95394,0.04606
125.64000,1.01194,0.95461,0.04539
125.76000,1.01193,0.94201,0.05799
125.88000,1.01194,0.95533,0.04467
126.00000,1.01194,0.96189,0.03811
126.12000,1.01193,0.98714,0.01286
126.24000,1.01194,0.97164,0.02836
126.36000,1.01194,0.99041,0.00959
126.48000,1.01193,0.97557,0.02443
126.60000,1.01194,0.98317,0.01683
126.72000,1.01194,0.96648,0.03352
126.84000,1.01194,0.97909,0.02091
126.96000,1.01194,0.97186,0.02814
127.08000,1.01193,0.97256,0.02744
127.20000,1.01195,0.96121,0.03879
127.32000,1.01194,0.97724,0.02276
127.44000,1.01193,0.96348,0.03652
127.56000,1.01193,0.94831,0.05169
127.68000,1.01194,0.95778,0.04222
127.80000,1.01193,0.97220,0.02780
127.92000,1.01193,0.96981,0.03019
128.03999,1.01195,0.97264,0.02736
128.16000,1.01193,0.96054,0.03946
128.28000,1.01193,0.95610,0.04390
128.39999,1.01195,0.94750,0.05250
128.52000,1.01193,0.96439,0.03561
128.64000,1.01193,0.97889,0.02111
128.75999,1.01195,0.96818,0.03182
128.88000,1.01193,0.96854,0.03146
129.00000,1.01193,0.96688,0.03312
129.12000,1.01195,0.97212,0.02788
129.24001,1.01193,0.95969,0.04031
129.36000,1.01193,0.96947,0.03053
129.48000,1.01195,0.95473,0.04527
129.60001,1.01193,0.96494,0.03506
129.72000,1.01193,0.97537,0.02463
129.84000,1.01195,0.96699,0.03301
129.96001,1.01193,0.96343,0.03657
130.08000,1.01193,0.98076,0.01924
130.20000,1.01195,0.93909,0.06091
130.32001,1.01193,0.97604,0.02396
130.44000,1.01193,0.95480,0.04520
130.56000,1.01193,0.97372,0.02628
130.67999,1.01195,0.98245,0.01755
130.80000,1.01193,0.96564,0.03436
130.92000,1.01193,0.98709,0.01291
131.03999,1.01195,0.95971,0.04029
131.16000,1.01193,0.97527,0.02473
131.28000,1.01193,0.95242,0.04758
131.39999,1.01195,0.96755,0.03245
131.52000,1.01193,0.87202,0.12798
131.64000,1.01193,0.95041,0.04959
131.75999,1.01195,0.94696,0.05304
131.88000,1.01193,0.96557,0.03443
132.00000,1.01193,0.93903,0.06097
132.12000,1.01195,0.89980,0.10020
132.24001,1.01193,0.61235,0.38765
132.36000,1.01193,0.75758,0.24242
132.48000,1.01195,0.27828,0.72172
132.60001,1.01193,0.64303,0.35697
132.72000,1.01193,0.56243,0.43757
132.84000,1.01195,0.82414,0.17586
132.96001,1.01193,0.92179,0.07821
133.08000,1.01193,0.97179,0.02821
133.20000,1.01195,0.96921,0.03079
133.32001,1.01193,0.97361,0.02639
133.44000,1.01193,0.96648,0.03352
133.56000,1.01193,0.97508,0.02492
133.67999,1.01195,0.96248,0.03752
133.80000,1.01193,0.97411,0.02589
133.92000,1.01193,0.96597,0.03403
134.03999,1.01195,0.96254,0.03746
134.16000,1.01193,0.96192,0.03808
134.28000,1.01193,0.96429,0.03571
134.39999,1.01195,0.96369,0.03631
134.52000,1.01193,0.96533,0.03467
134.64000,1.01193,0.96339,0.03661
134.75999,1.01195,0.95661,0.04339
134.88000,1.01193,0.96306,0.03694
135.00000,1.01193,0.94106,0.05894
135.12000,1.01195,0.96412,0.03588
135.24001,1.01193,0.97974,0.02026
135.36000,1.01193,0.95251,0.04749
135.48000,1.01195,0.96173,0.03827
135.60001,1.01193,0.93846,0.06154
135.72000,1.01193,0.95254,0.04746
135.84000,1.01195,0.98271,0.01729
135.96001,1.01193,0.95741,0.04259
136.08000,1.01193,0.95937,0.04063
136.20000,1.01195,0.96643,0.03357
136.32001,1.01193,0.96612,0.03388
136.44000,1.01193,0.97721,0.02279
136.56000,1.01193,0.97344,0.02656
136.67999,1.01195,0.97014,0.02986
136.80000,1.01193,0.97882,0.02118
136.92000,1.01193,0.98077,0.01923
137.03999,1.01195,0.97036,0.02964
137.16000,1.01193,0.96946,0.03054
137.28000,1.01193,0.97504,0.02496
137.39999,1.01195,0.97490,0.02510
137.52000,1.01193,0.97965,0.02035
137.64000,1.01193,0.96382,0.03618
137.75999,1.01195,0.96174,0.03826
137.88000,1.01193,0.96768,0.03232
138.00000,1.01193,0.97319,0.02681
138.12000,1.01195,0.98646,0.01354
138.24001,1.01193,0.96050,0.03950
138.36000,1.01193,0.98648,0.01352
138.48000,1.01195,0.96523,0.03477
138.60001,1.01193,0.97163,0.02837
138.72000,1.01193,0.95620,0.04380
138.84000,1.01195,0.95935,0.04065
138.96001,1.01193,0.96572,0.03428
139.08000,1.01193,0.96834,0.03166
139.20000,1.01195,0.96337,0.03663
139.32001,1.01193,0.98325,0.01675
139.44000,1.01193,0.97746,0.02254
139.56000,1.01193,0.98358,0.01642
139.67999,1.01195,0.94536,0.05464
139.80000,1.01193,0.95446,0.04554
139.92000,1.01193,0.96167,0.03833
140.03999,1.01195,0.97859,0.02141
140.16000,1.01193,0.94453,0.05547
140.28000,1.01193,0.96870,0.03130
140.39999,1.01195,0.90492,0.09508
140.52000,1.01193,0.97337,0.02663
140.64000,1.01193,0.89180,0.10820
140.75999,1.01195,0.94596,0.05404
140.88000,1.01193,0.87949,0.12051
141.00000,1.01193,0.93272,0.06728
141.12000,1.01195,0.95601,0.04399
141.24001,1.01193,0.95945,0.04055
141.36000,1.01193,0.97863,0.02137
141.48000,1.01195,0.97451,0.02549
141.60001,1.01193,0.98338,0.01663
141.72000,1.01193,0.97391,0.02609
141.84000,1.01195,0.97810,0.02190
141.96001,1.01193,0.98393,0.01607
142.08000,1.01193,0.97588,0.02412
142.20000,1.01195,0.97916,0.02084
142.32001,1.01193,0.97447,0.02553
142.44000,1.01193,0.97101,0.02899
142.56000,1.01193,0.96967,0.03033
142.67999,1.01195,0.98143,0.01857
142.80000,1.01193,0.96702,0.03298
142.92000,1.01193,0.97822,0.02178
143.03999,1.01195,0.91471,0.08529
143.16000,1.01193,0.97371,0.02629
143.28000,1.01193,0.94095,0.05905
143.39999,1.01195,0.97536,0.02464
143.52000,1.01193,0.91434,0.08566
143.64000,1.01193,0.96924,0.03076
143.75999,1.01195,0.90239,0.09761
143.88000,1.01193,0.96734,0.03266
144.00000,1.01193,0.94975,0.05025
144.12000,1.01195,0.96608,0.03392
144.24001,1.01193,0.97285,0.02715
144.36000,1.01193,0.96474,0.03526
144.48000,1.01195,0.96478,0.03522
144.60001,1.01193,0.87912,0.12088
144.72000,1.01193,0.96490,0.03510
144.84000,1.01195,0.96955,0.03045
144.96001,1.01193,0.93468,0.06532
145.08000,1.01193,0.97271,0.02729
145.20000,1.01195,0.96259,0.03741
145.32001,1.01193,0.98617,0.01383
145.44000,1.01193,0.95067,0.04933
145.56000,1.01193,0.92885,0.07115
145.67999,1.01195,0.98219,0.01781
145.80000,1.01193,0.93806,0.06194
145.92000,1.01193,0.94590,0.05410
146.03999,1.01195,0.87086,0.12914
146.16000,1.01193,0.95097,0.04903
146.28000,1.01193,0.91091,0.08909
146.39999,1.01195,0.94530,0.05470
146.52000,1.01193,0.96132,0.03868
146.64000,1.01193,0.96586,0.03414
146.75999,1.01195,0.97955,0.02045
146.88000,1.01193,0.96789,0.03211
147.00000,1.01193,0.97879,0.02121
147.12000,1.01195,0.96665,0.03335
147.24001,1.01193,0.98077,0.01923
147.36000,1.01193,0.96769,0.03231
147.48000,1.01195,0.94708,0.05292
147.60001,1.01193,0.94968,0.05032
147.72000,1.01193,0.95478,0.04522
147.84000,1.01195,0.95536,0.04464
147.96001,1.01193,0.96554,0.03446
148.08000,1.01193,0.96207,0.03793
148.20000,1.01195,0.97964,0.02036
148.32001,1.01193,0.96867,0.03133
148.44000,1.01193,0.98177,0.01823
148.56000,1.01193,0.98578,0.01422
148.67999,1.01195,0.98867,0.01133
148.80000,1.01193,0.97623,0.02377
148.92000,1.01193,0.98165,0.01835
149.03999,1.01195,0.97173,0.02827
149.16000,1.01193,0.96154,0.03846
149.28000,1.01193,0.97361,0.02639
149.39999,1.01195,0.94026,0.05974
149.52000,1.01193,0.95849,0.04151
149.64000,1.01193,0.91770,0.08230
149.75999,1.01195,0.96117,0.03883
149.88000,1.01193,0.91227,0.08773
150.00000,1.01193,0.96371,0.03629
150.12000,1.01195,0.91691,0.08309
150.24001,1.01193,0.94735,0.05265
150.36000,1.01193,0.94538,0.05462
150.48000,1.01195,0.97230,0.02770
150.60001,1.01193,0.96152,0.03848
150.72000,1.01193,0.96422,0.03578
150.84000,1.01195,0.96546,0.03454
150.96001,1.01193,0.97197,0.02803
151.08000,1.01193,0.95151,0.04849
151.20000,1.01195,0.97244,0.02756
151.32001,1.01193,0.92587,0.07413
151.44000,1.01193,0.94086,0.05914
151.56000,1.01193,0.92503,0.07497
151.67999,1.01195,0.96515,0.03485
151.80000,1.01193,0.96851,0.03149
151.92000,1.01193,0.96857,0.03143
152.03999,1.01195,0.97196,0.02804
152.16000,1.01193,0.98346,0.01654
152.28000,1.01193,0.92852,0.07148
152.39999,1.01195,0.95468,0.04532
152.52000,1.01193,0.93880,0.06120
152.64000,1.01193,0.97628,0.02372
152.75999,1.01195,0.94049,0.05951
152.88000,1.01193,0.96199,0.03801
153.00000,1.01193,0.95805,0.04195
153.12000,1.01195,0.98882,0.01118
153.24001,1.01193,0.97679,0.02321
153.36000,1.01193,0.98126,0.01874
153.48000,1.01195,0.97641,0.02359
153.60001,1.01193,0.97792,0.02208
153.72000,1.01193,0.97896,0.02104
153.84000,1.01195,0.95695,0.04305
153.96001,1.01193,0.96192,0.03808
154.08000,1.01193,0.97204,0.02796
154.20000,1.01195,0.96398,0.03602
154.32001,1.01193,0.96245,0.03755
154.44000,1.01193,0.98244,0.01756
154.56000,1.01193,0.97272,0.02728
154.67999,1.01195,0.98041,0.01959
154.80000,1.01193,0.96278,0.03722
154.92000,1.01193,0.96785,0.03215
155.03999,1.01195,0.96510,0.03490
155.16000,1.01193,0.96639,0.03361
155.28000,1.01193,0.95155,0.04845
155.39999,1.01195,0.96297,0.03703
155.52000,1.01193,0.95019,0.04981
155.64000,1.01193,0.95820,0.04180
155.75999,1.01195,0.96839,0.03161
155.88000,1.01193,0.97038,0.02962
156.00000,1.01193,0.97958,0.02042
156.12000,1.01195,0.96206,0.03794
156.24001,1.01193,0.97715,0.02285
156.36000,1.01193,0.94443,0.05557
156.48000,1.01195,0.96587,0.03413
156.60001,1.01193,0.97422,0.02578
156.72000,1.01193,0.96992,0.03008
156.84000,1.01195,0.98643,0.01357
156.96001,1.01193,0.98009,0.01991
157.08000,1.01193,0.97910,0.02090
157.20000,1.01195,0.98515,0.01485
157.32001,1.01193,0.97000,0.03000
157.44000,1.01193,0.98778,0.01222
157.56000,1.01193,0.96107,0.03893
157.67999,1.01195,0.96138,0.03862
157.80000,1.01193,0.96798,0.03202
157.92000,1.01193,0.95834,0.04166
158.03999,1.01195,0.98295,0.01705
158.16000,1.01193,0.96801,0.03199
158.28000,1.01193,0.97709,0.02291
158.39999,1.01195,0.96002,0.03998
158.52000,1.01193,0.96055,0.03945
158.64000,1.01193,0.95474,0.04526
158.75999,1.01195,0.94939,0.05061
158.88000,1.01193,0.97637,0.02363
159.00000,1.01193,0.95589,0.04411
159.12000,1.01195,0.98413,0.01587
159.24001,1.01193,0.95157,0.04843
159.36000,1.01193,0.96834,0.03166
159.48000,1.01195,0.95343,0.04657
159.60001,1.01193,0.97421,0.02579
159.72000,1.01193,0.97358,0.02642
159.84000,1.01195,0.97283,0.02717
159.96001,1.01193,0.97974,0.02026
160.08000,1.01193,0.95643,0.04357
160.20000,1.01195,0.98606,0.01394
160.32001,1.01193,0.97697,0.02303
160.44000,1.01193,0.98859,0.01141
160.56000,1.01193,0.98714,0.01286
160.67999,1.01195,0.98883,0.01117
160.80000,1.01193,0.98199,0.01801
160.92000,1.01193,0.97111,0.02889
161.03999,1.01195,0.97766,0.02234
161.16000,1.01193,0.98182,0.01818
161.28000,1.01193,0.96866,0.03134
161.39999,1.01195,0.97729,0.02271
161.52000,1.01193,0.96290,0.03710
161.64000,1.01193,0.95604,0.04396
161.75999,1.01195,0.93219,0.06781
161.88000,1.01193,0.95300,0.04700
162.00000,1.01193,0.94696,0.05304
162.12000,1.01195,0.93410,0.06590
162.24001,1.01193,0.95522,0.04478
162.36000,1.01193,0.96414,0.03586
162.48000,1.01195,0.97013,0.02987
162.60001,1.01193,0.96982,0.03018
162.72000,1.01193,0.97182,0.02818
162.84000,1.01195,0.96085,0.03915
162.96001,1.01193,0.98316,0.01684
163.08000,1.01193,0.95639,0.04361
163.20000,1.01195,0.97869,0.02131
163.32001,1.01193,0.97140,0.02860
163.44000,1.01193,0.95984,0.04016
163.56000,1.01193,0.97197,0.02803
163.67999,1.01195,0.96983,0.03017
163.80000,1.01193,0.97692,0.02308
163.92000,1.01193,0.97891,0.02109
164.03999,1.01195,0.98530,0.01470
164.16000,1.01193,0.97805,0.02195
164.28000,1.01193,0.99143,0.00857
164.39999,1.01195,0.97394,0.02606
164.52000,1.01193,0.99080,0.00920
164.64000,1.01193,0.92670,0.07330
164.75999,1.01195,0.98642,0.01358
164.88000,1.01193,0.94407,0.05593
165.00000,1.01193,0.97420,0.02580
165.12000,1.01195,0.96342,0.03658
165.24001,1.01193,0.98006,0.01994
165.36000,1.01193,0.96869,0.03131
165.48000,1.01195,0.97001,0.02999
165.60001,1.01193,0.97843,0.02157
165.72000,1.01193,0.96991,0.03009
165.84000,1.01195,0.97152,0.02848
165.96001,1.01193,0.97857,0.02143
166.08000,1.01193,0.98556,0.01444
166.20000,1.01195,0.98346,0.01654
166.32001,1.01193,0.98121,0.01879
166.44000,1.01193,0.98392,0.01607
166.56000,1.01193,0.98684,0.01316
166.67999,1.01195,0.97952,0.02048
166.80000,1.01193,0.97157,0.02843
166.92000,1.01193,0.98413,0.01587
167.03999,1.01195,0.96918,0.03082
