Time (seconds), Duration (seconds),pred_unlabeled,pred_East,pred_Nord,pred_South,pred_West
0.00000,0.50594,0.77564,0.06076,0.00229,0.12031,0.04099
0.06000,0.50594,0.66055,0.21488,0.00984,0.04535,0.06938
0.12000,0.50594,0.09277,0.16158,0.32774,0.20508,0.21284
0.18000,0.50594,0.08909,0.13663,0.42342,0.22631,0.12454
0.24000,0.50594,0.07110,0.13285,0.42083,0.20652,0.16871
0.30000,0.50594,0.06817,0.10300,0.43980,0.29112,0.09792
0.36000,0.50594,0.05910,0.12668,0.44285,0.20360,0.16776
0.42000,0.50594,0.06617,0.09993,0.49636,0.26125,0.07628
0.48000,0.50594,0.05926,0.11180,0.49326,0.18166,0.15401
0.54000,0.50594,0.07271,0.12683,0.46257,0.25960,0.07829
0.60000,0.50594,0.05954,0.10949,0.45250,0.24102,0.13745
0.66000,0.50594,0.06521,0.10399,0.48504,0.26734,0.07842
0.72000,0.50594,0.05635,0.12080,0.48620,0.23487,0.10177
0.78000,0.50594,0.08431,0.12930,0.36146,0.33065,0.09428
0.84000,0.50594,0.12335,0.19621,0.23142,0.27304,0.17598
0.90000,0.50594,0.07523,0.07958,0.26233,0.45037,0.13249
0.96000,0.50594,0.10497,0.13775,0.12402,0.51407,0.11920
1.02000,0.50594,0.07095,0.04742,0.13124,0.63075,0.11964
1.08000,0.50594,0.09653,0.09627,0.06741,0.62128,0.11851
1.14000,0.50594,0.06338,0.05039,0.07393,0.68914,0.12315
1.20000,0.50594,0.08817,0.08649,0.04719,0.65995,0.11820
1.26000,0.50594,0.05321,0.04601,0.02663,0.81457,0.05957
1.32000,0.50594,0.05954,0.07619,0.04774,0.70398,0.11254
1.38000,0.50594,0.04743,0.05007,0.03542,0.81037,0.05671
1.44000,0.50594,0.05766,0.06934,0.04083,0.75861,0.07357
1.50000,0.50594,0.04502,0.06194,0.04076,0.79204,0.06024
1.56000,0.50594,0.05919,0.08037,0.03442,0.73146,0.09457
1.62000,0.50594,0.04416,0.09387,0.05443,0.72198,0.08556
1.68000,0.50594,0.05629,0.12351,0.07607,0.60989,0.13423
1.74000,0.50594,0.05528,0.12744,0.05895,0.58388,0.17446
1.80000,0.50594,0.06300,0.10618,0.06313,0.61360,0.15409
1.86000,0.50594,0.05931,0.13627,0.06550,0.57340,0.16553
1.92000,0.50594,0.06883,0.11551,0.09141,0.56514,0.15911
1.98000,0.50594,0.07672,0.14778,0.05057,0.49457,0.23036
2.04000,0.50594,0.07581,0.11692,0.05801,0.54876,0.20050
2.10000,0.50594,0.07327,0.13800,0.05557,0.45820,0.27496
2.16000,0.50594,0.12430,0.13485,0.04285,0.33841,0.35960
2.22000,0.50594,0.07360,0.11778,0.07728,0.52538,0.20596
2.28000,0.50594,0.11325,0.10609,0.02890,0.51698,0.23478
2.34000,0.50594,0.08546,0.09868,0.03811,0.59779,0.17997
2.40000,0.50594,0.11003,0.14377,0.03184,0.34822,0.36613
2.46000,0.50594,0.07206,0.10335,0.07794,0.57384,0.17282
2.52000,0.50594,0.09433,0.13285,0.08732,0.47323,0.21227
2.58000,0.50594,0.07294,0.10249,0.04438,0.64005,0.14013
2.64000,0.50594,0.06815,0.20897,0.14556,0.38836,0.18896
2.70000,0.50594,0.07500,0.18076,0.10267,0.43929,0.20228
2.76000,0.50594,0.05053,0.28190,0.23336,0.28216,0.15205
2.82000,0.50594,0.06053,0.21832,0.26416,0.24136,0.21563
2.88000,0.50594,0.05272,0.25578,0.40092,0.13814,0.15243
2.94000,0.50594,0.06042,0.20303,0.31428,0.27230,0.14997
3.00000,0.50594,0.04506,0.17205,0.47288,0.20589,0.10412
3.06000,0.50594,0.04974,0.13925,0.44816,0.27269,0.09017
3.12000,0.50594,0.04279,0.12842,0.48940,0.26479,0.07459
3.18000,0.50594,0.04605,0.09102,0.40613,0.39995,0.05685
3.24000,0.50594,0.04440,0.08047,0.38805,0.41703,0.07005
3.30000,0.50594,0.05202,0.09371,0.38706,0.41593,0.05128
3.36000,0.50594,0.05260,0.09183,0.39262,0.40426,0.05869
3.42000,0.50594,0.05654,0.10092,0.39953,0.37738,0.06563
3.48000,0.50594,0.05232,0.07520,0.35135,0.44500,0.07613
3.54000,0.50594,0.05372,0.08867,0.46821,0.29636,0.09303
3.60000,0.50594,0.05838,0.07156,0.36989,0.38163,0.11854
3.66000,0.50594,0.06631,0.07158,0.35783,0.38272,0.12155
3.72000,0.50594,0.07315,0.05285,0.30223,0.40308,0.16869
3.78000,0.50594,0.07645,0.07173,0.33061,0.33230,0.18891
3.84000,0.50594,0.10116,0.07635,0.23326,0.34196,0.24726
3.90000,0.50594,0.08021,0.11082,0.24601,0.37257,0.19039
3.96000,0.50594,0.09386,0.11360,0.24345,0.34252,0.20657
4.02000,0.50594,0.09207,0.14274,0.26238,0.30821,0.19461
4.08000,0.50594,0.07988,0.13257,0.30974,0.27144,0.20637
4.14000,0.50594,0.08332,0.22139,0.25653,0.27915,0.15961
4.20000,0.50594,0.06889,0.17149,0.33522,0.34003,0.08437
4.26000,0.50594,0.08621,0.20709,0.29391,0.31036,0.10243
4.32000,0.50594,0.06967,0.09767,0.18339,0.59380,0.05548
4.38000,0.50594,0.07460,0.10953,0.21867,0.52805,0.06914
4.44000,0.50594,0.05132,0.06271,0.10796,0.74077,0.03724
4.50000,0.50594,0.06424,0.04541,0.07540,0.78598,0.02897
4.56000,0.50594,0.03735,0.02446,0.02686,0.89211,0.01921
4.62000,0.50594,0.04502,0.02316,0.01976,0.88658,0.02548
4.68000,0.50594,0.02493,0.01177,0.00974,0.94590,0.00766
4.74000,0.50594,0.02543,0.01253,0.00767,0.94783,0.00655
4.80000,0.50594,0.02088,0.01159,0.00973,0.95302,0.00477
4.86000,0.50594,0.01613,0.00775,0.00385,0.96825,0.00402
4.92000,0.50594,0.02005,0.00731,0.00346,0.96573,0.00344
4.98000,0.50594,0.01783,0.00719,0.00322,0.96826,0.00350
5.04000,0.50594,0.02031,0.01088,0.00492,0.95881,0.00508
5.10000,0.50594,0.01651,0.00923,0.00302,0.96612,0.00511
5.16000,0.50594,0.02462,0.02179,0.01000,0.92504,0.01855
5.22000,0.50594,0.01796,0.01130,0.00424,0.96074,0.00576
5.28000,0.50594,0.02735,0.02051,0.01912,0.91577,0.01725
5.34000,0.50594,0.01749,0.01249,0.00963,0.95461,0.00577
5.40000,0.50594,0.02449,0.01254,0.01538,0.93831,0.00927
5.46000,0.50594,0.01497,0.00702,0.00399,0.97169,0.00232
5.52000,0.50594,0.01712,0.01093,0.01208,0.95637,0.00351
5.58000,0.50594,0.01350,0.00700,0.00941,0.96855,0.00154
5.64000,0.50594,0.01334,0.00918,0.01046,0.96442,0.00260
5.70000,0.50594,0.01571,0.01046,0.01204,0.95809,0.00371
5.76000,0.50594,0.02158,0.01769,0.01306,0.93796,0.00971
5.82000,0.50594,0.02097,0.01409,0.01760,0.93942,0.00793
5.88000,0.50594,0.03271,0.03791,0.02060,0.88465,0.02412
5.94000,0.50594,0.02955,0.02960,0.03797,0.87662,0.02626
6.00000,0.50594,0.05540,0.05611,0.02729,0.79778,0.06342
6.06000,0.50594,0.06408,0.04710,0.03082,0.82870,0.02930
6.12000,0.50594,0.11458,0.10447,0.05588,0.67365,0.05141
6.18000,0.50594,0.15942,0.08551,0.02166,0.69977,0.03364
6.24000,0.50594,0.27868,0.22314,0.02432,0.42739,0.04647
6.30000,0.50594,0.45810,0.16084,0.01372,0.33954,0.02781
6.36000,0.50594,0.50760,0.24089,0.02558,0.19252,0.03341
6.42000,0.50594,0.58713,0.13452,0.01757,0.23437,0.02641
6.48000,0.50594,0.59687,0.19724,0.03600,0.10382,0.06607
6.54000,0.50594,0.60661,0.15362,0.03634,0.15857,0.04485
6.60000,0.50594,0.69702,0.14342,0.02408,0.08135,0.05414
6.66000,0.50594,0.75728,0.10353,0.01594,0.09714,0.02611
6.72000,0.50594,0.74921,0.07043,0.02874,0.09675,0.05486
6.78000,0.50594,0.81951,0.06069,0.00672,0.07340,0.03968
6.84000,0.50594,0.81498,0.04598,0.01107,0.07846,0.04951
6.90000,0.50594,0.85001,0.05130,0.00355,0.05767,0.03748
6.96000,0.50594,0.88162,0.02539,0.00571,0.05648,0.03081
7.02000,0.50594,0.85525,0.04244,0.00655,0.04875,0.04702
7.08000,0.50594,0.83540,0.02704,0.01989,0.07618,0.04148
7.14000,0.50594,0.78162,0.04067,0.03191,0.06392,0.08188
7.20000,0.50594,0.80693,0.04550,0.02557,0.05281,0.06919
7.26000,0.50594,0.78444,0.04242,0.04923,0.03817,0.08574
7.32000,0.50594,0.84308,0.03708,0.03421,0.04065,0.04498
7.38000,0.50594,0.87187,0.03466,0.03252,0.02443,0.03652
7.44000,0.50594,0.83297,0.03689,0.02602,0.06157,0.04256
7.50000,0.50594,0.87025,0.06017,0.01441,0.02229,0.03288
7.56000,0.50594,0.86076,0.05252,0.01741,0.03264,0.03667
7.62000,0.50594,0.87685,0.07993,0.00653,0.00963,0.02706
7.68000,0.50594,0.90436,0.04587,0.00678,0.01497,0.02802
7.74000,0.50594,0.83758,0.12596,0.00429,0.00965,0.02252
7.80000,0.50594,0.89476,0.05082,0.00238,0.01302,0.03903
7.86000,0.50594,0.66399,0.26246,0.01222,0.02201,0.03932
7.92000,0.50594,0.75086,0.09704,0.01295,0.05068,0.08847
7.98000,0.50594,0.48835,0.26157,0.04427,0.12356,0.08225
8.04000,0.50594,0.53895,0.12929,0.02817,0.19366,0.10993
8.10000,0.50594,0.24865,0.38433,0.06068,0.24022,0.06611
8.16000,0.50594,0.12884,0.18259,0.10906,0.50050,0.07900
8.22000,0.50594,0.06763,0.12706,0.25323,0.50728,0.04480
8.28000,0.50594,0.06080,0.20229,0.35717,0.33159,0.04816
8.34000,0.50594,0.06899,0.14684,0.31804,0.41891,0.04722
8.40000,0.50594,0.07359,0.23334,0.37878,0.25190,0.06239
8.46000,0.50594,0.09660,0.18342,0.24627,0.35948,0.11422
8.52000,0.50594,0.10858,0.26219,0.25355,0.25239,0.12329
8.58000,0.50594,0.09254,0.21080,0.30571,0.30427,0.08669
8.64000,0.50594,0.10255,0.33809,0.23859,0.21165,0.10911
8.70000,0.50594,0.08400,0.23942,0.36071,0.19691,0.11896
8.76000,0.50594,0.10044,0.33677,0.26456,0.18890,0.10934
8.82000,0.50594,0.07365,0.17449,0.37774,0.28541,0.08871
8.88000,0.50594,0.08867,0.25549,0.30318,0.28339,0.06927
8.94000,0.50594,0.07778,0.18390,0.38048,0.28314,0.07469
9.00000,0.50594,0.09006,0.20487,0.28079,0.32895,0.09533
9.06000,0.50594,0.07877,0.19638,0.27581,0.30796,0.14108
9.12000,0.50594,0.09344,0.22438,0.20240,0.27346,0.20632
9.18000,0.50594,0.06615,0.27426,0.19104,0.17406,0.29449
9.24000,0.50594,0.06814,0.21082,0.24543,0.20441,0.27119
9.30000,0.50594,0.05209,0.31612,0.23860,0.13284,0.26035
9.36000,0.50594,0.06010,0.23212,0.30067,0.20171,0.20539
9.42000,0.50594,0.04533,0.30545,0.35770,0.15771,0.13381
9.48000,0.50594,0.06110,0.14691,0.45042,0.17190,0.16967
9.54000,0.50594,0.06988,0.25273,0.30169,0.21246,0.16324
9.60000,0.50594,0.06578,0.09789,0.42097,0.31901,0.09635
9.66000,0.50594,0.08029,0.15867,0.27835,0.36613,0.11656
9.72000,0.50594,0.07964,0.09099,0.32514,0.43091,0.07333
9.78000,0.50594,0.07998,0.10649,0.20391,0.48759,0.12203
9.84000,0.50594,0.10730,0.05298,0.13193,0.62020,0.08759
9.90000,0.50594,0.07998,0.06944,0.12217,0.63310,0.09531
9.96000,0.50594,0.08415,0.10139,0.12007,0.55918,0.13521
10.02000,0.50594,0.08910,0.10350,0.11425,0.54998,0.14316
10.08000,0.50594,0.08719,0.08826,0.08717,0.57291,0.16446
10.14000,0.50594,0.08025,0.11337,0.09604,0.55824,0.15210
10.20000,0.50594,0.08173,0.11353,0.09627,0.53127,0.17721
10.26000,0.50594,0.06392,0.09837,0.10851,0.54838,0.18081
10.32000,0.50594,0.06147,0.11135,0.08453,0.49603,0.24662
10.38000,0.50594,0.05162,0.10202,0.20799,0.41451,0.22387
10.44000,0.50594,0.05466,0.14077,0.15020,0.47906,0.17531
10.50000,0.50594,0.05898,0.10540,0.20925,0.43244,0.19392
10.56000,0.50594,0.05593,0.16049,0.16990,0.40112,0.21255
10.62000,0.50594,0.03878,0.10768,0.34114,0.31921,0.19318
10.68000,0.50594,0.05595,0.18775,0.27163,0.33173,0.15294
10.74000,0.50594,0.04389,0.10842,0.33645,0.34314,0.16810
10.80000,0.50594,0.05372,0.16627,0.26228,0.38547,0.13227
10.86000,0.50594,0.05420,0.13252,0.27891,0.33890,0.19547
10.92000,0.50594,0.05208,0.14268,0.23266,0.40596,0.16661
10.98000,0.50594,0.05022,0.15918,0.18311,0.42432,0.18318
11.04000,0.50594,0.07182,0.11134,0.12190,0.52775,0.16718
11.10000,0.50594,0.06584,0.16748,0.09544,0.45942,0.21182
11.16000,0.50594,0.07217,0.11299,0.11888,0.49496,0.20101
11.22000,0.50594,0.08097,0.17786,0.08615,0.37727,0.27775
11.28000,0.50594,0.08164,0.20911,0.13911,0.30119,0.26894
11.34000,0.50594,0.07928,0.23577,0.13934,0.31121,0.23440
11.40000,0.50594,0.07190,0.25885,0.19718,0.28975,0.18232
11.46000,0.50594,0.05326,0.28712,0.27920,0.19840,0.18203
11.52000,0.50594,0.05683,0.32671,0.28881,0.17033,0.15733
11.58000,0.50594,0.05087,0.29079,0.40399,0.12531,0.12904
11.64000,0.50594,0.03998,0.24013,0.50666,0.10843,0.10480
11.70000,0.50594,0.04001,0.18233,0.54815,0.13272,0.09679
11.76000,0.50594,0.04719,0.22477,0.48469,0.15514,0.08821
11.82000,0.50594,0.04324,0.13804,0.49687,0.19953,0.12232
11.88000,0.50594,0.05677,0.16702,0.43746,0.21695,0.12180
11.94000,0.50594,0.05886,0.13490,0.46572,0.25785,0.08266
12.00000,0.50594,0.06803,0.16131,0.39907,0.27978,0.09181
12.06000,0.50594,0.06433,0.10544,0.40702,0.34289,0.08033
12.12000,0.50594,0.05782,0.15605,0.40526,0.24988,0.13100
12.18000,0.50594,0.08383,0.12890,0.37118,0.29816,0.11793
12.24000,0.50594,0.10050,0.20610,0.28911,0.22541,0.17888
12.30000,0.50594,0.12117,0.17925,0.21070,0.34811,0.14076
12.36000,0.50594,0.10330,0.20781,0.21044,0.25431,0.22414
12.42000,0.50594,0.11447,0.14883,0.18331,0.21704,0.33636
12.48000,0.50594,0.11152,0.22355,0.22042,0.15886,0.28565
12.54000,0.50594,0.10189,0.15267,0.20287,0.20098,0.34159
12.60000,0.50594,0.11696,0.28596,0.18295,0.18831,0.22581
12.66000,0.50594,0.07743,0.18542,0.34737,0.17186,0.21791
12.72000,0.50594,0.08721,0.24876,0.32992,0.17634,0.15777
12.78000,0.50594,0.05321,0.18931,0.49029,0.11781,0.14938
12.84000,0.50594,0.06863,0.19020,0.41068,0.12806,0.20244
12.90000,0.50594,0.08037,0.16877,0.37475,0.27228,0.10382
12.96000,0.50594,0.10243,0.17719,0.36995,0.20811,0.14233
13.02000,0.50594,0.06964,0.16247,0.42680,0.27449,0.06660
13.08000,0.50594,0.07487,0.10968,0.45805,0.23002,0.12739
13.14000,0.50594,0.05875,0.11089,0.35664,0.40784,0.06588
13.20000,0.50594,0.05933,0.06390,0.50059,0.25195,0.12424
13.26000,0.50594,0.05023,0.09479,0.36402,0.42054,0.07042
13.32000,0.50594,0.05386,0.06249,0.44306,0.37318,0.06741
13.38000,0.50594,0.04676,0.07141,0.42904,0.37156,0.08123
13.44000,0.50594,0.04348,0.07207,0.45242,0.34203,0.08999
13.50000,0.50594,0.05872,0.08519,0.32967,0.41123,0.11519
13.56000,0.50594,0.07361,0.07396,0.34711,0.28617,0.21914
13.62000,0.50594,0.07210,0.08508,0.23411,0.47010,0.13860
13.68000,0.50594,0.08680,0.09206,0.19158,0.38939,0.24017
13.74000,0.50594,0.06768,0.05963,0.10939,0.59349,0.16980
13.80000,0.50594,0.10142,0.11661,0.08936,0.33982,0.35280
13.86000,0.50594,0.08536,0.09977,0.09640,0.55459,0.16388
13.92000,0.50594,0.10300,0.11957,0.06719,0.42538,0.28486
13.98000,0.50594,0.07810,0.11571,0.05841,0.60377,0.14401
14.04000,0.50594,0.08340,0.14057,0.07658,0.48195,0.21750
14.10000,0.50594,0.07589,0.15499,0.12098,0.44191,0.20623
14.16000,0.50594,0.07242,0.13707,0.10758,0.39819,0.28474
14.22000,0.50594,0.08078,0.13232,0.11861,0.44448,0.22380
14.28000,0.50594,0.07434,0.11883,0.09696,0.47546,0.23440
14.34000,0.50594,0.07306,0.11354,0.16475,0.31064,0.33801
14.40000,0.50594,0.07433,0.09832,0.22422,0.36374,0.23939
14.46000,0.50594,0.07107,0.12017,0.22319,0.26637,0.31920
14.52000,0.50594,0.07823,0.09156,0.19035,0.38232,0.25754
14.58000,0.50594,0.12970,0.09091,0.08724,0.55876,0.13339
14.64000,0.50594,0.14184,0.13199,0.10311,0.49933,0.12372
14.70000,0.50594,0.20729,0.19539,0.14432,0.29218,0.16082
14.76000,0.50594,0.27117,0.20783,0.06856,0.25560,0.19685
14.82000,0.50594,0.35676,0.18488,0.08597,0.27024,0.10216
14.88000,0.50594,0.40163,0.26599,0.05607,0.16972,0.10659
14.94000,0.50594,0.52943,0.18036,0.06031,0.15864,0.07125
15.00000,0.50594,0.57707,0.18949,0.04551,0.07188,0.11605
