Time (seconds), Duration (seconds),pred_unlabeled,pred_sirens
0.00000,1.01194,0.07381,0.92619
0.12000,1.01194,0.06739,0.93261
0.24000,1.01194,0.04998,0.95002
0.36000,1.01194,0.04810,0.95190
0.48000,1.01194,0.03674,0.96326
0.60000,1.01194,0.03464,0.96536
0.72000,1.01194,0.03523,0.96477
0.84000,1.01194,0.02589,0.97411
0.96000,1.01194,0.02222,0.97778
1.08000,1.01194,0.02153,0.97847
1.20000,1.01194,0.02848,0.97152
1.32000,1.01194,0.03691,0.96309
1.44000,1.01194,0.01764,0.98236
1.56000,1.01194,0.01411,0.98589
1.68000,1.01194,0.01644,0.98356
1.80000,1.01194,0.01833,0.98167
1.92000,1.01194,0.02298,0.97702
2.04000,1.01194,0.01877,0.98123
2.16000,1.01194,0.02890,0.97110
2.28000,1.01194,0.03834,0.96166
2.40000,1.01194,0.02576,0.97424
2.52000,1.01194,0.04526,0.95474
2.64000,1.01194,0.03847,0.96153
2.76000,1.01194,0.02341,0.97659
2.88000,1.01194,0.05139,0.94861
3.00000,1.01194,0.03993,0.96007
3.12000,1.01194,0.04514,0.95486
3.24000,1.01194,0.04287,0.95713
3.36000,1.01194,0.03784,0.96216
3.48000,1.01194,0.04820,0.95180
3.60000,1.01194,0.04024,0.95976
3.72000,1.01194,0.03905,0.96095
3.84000,1.01194,0.04973,0.95027
3.96000,1.01194,0.02751,0.97249
4.08000,1.01194,0.02715,0.97285
4.20000,1.01194,0.02767,0.97233
4.32000,1.01194,0.03692,0.96308
4.44000,1.01194,0.04714,0.95286
4.56000,1.01194,0.01981,0.98019
4.68000,1.01194,0.03095,0.96905
4.80000,1.01194,0.01524,0.98476
4.92000,1.01194,0.03115,0.96885
5.04000,1.01194,0.01790,0.98210
5.16000,1.01194,0.02578,0.97422
5.28000,1.01194,0.02061,0.97939
5.40000,1.01194,0.02361,0.97639
5.52000,1.01194,0.01788,0.98212
5.64000,1.01194,0.02614,0.97386
5.76000,1.01194,0.02309,0.97691
5.88000,1.01194,0.02655,0.97345
6.00000,1.01194,0.02856,0.97144
6.12000,1.01194,0.02953,0.97047
6.24000,1.01194,0.04366,0.95634
6.36000,1.01194,0.03217,0.96783
6.48000,1.01194,0.06763,0.93237
6.60000,1.01194,0.02821,0.97179
6.72000,1.01194,0.06106,0.93894
6.84000,1.01194,0.04110,0.95890
6.96000,1.01194,0.02963,0.97037
7.08000,1.01194,0.03287,0.96713
7.20000,1.01194,0.03871,0.96129
7.32000,1.01194,0.05158,0.94842
7.44000,1.01194,0.03460,0.96540
7.56000,1.01194,0.04779,0.95221
7.68000,1.01194,0.05187,0.94813
7.80000,1.01194,0.06295,0.93705
7.92000,1.01194,0.03905,0.96095
8.04000,1.01194,0.06581,0.93419
8.16000,1.01194,0.03765,0.96235
8.28000,1.01194,0.03039,0.96961
8.40000,1.01194,0.03096,0.96904
8.52000,1.01194,0.03377,0.96623
8.64000,1.01194,0.01786,0.98214
8.76000,1.01194,0.01762,0.98238
8.88000,1.01194,0.01335,0.98665
9.00000,1.01194,0.01177,0.98823
9.12000,1.01194,0.00769,0.99231
9.24000,1.01194,0.00520,0.99480
9.36000,1.01194,0.00435,0.99565
9.48000,1.01194,0.00388,0.99612
9.60000,1.01194,0.00432,0.99568
9.72000,1.01194,0.00300,0.99700
9.84000,1.01194,0.00303,0.99697
9.96000,1.01194,0.00252,0.99748
10.08000,1.01194,0.00187,0.99813
10.20000,1.01194,0.00218,0.99782
10.32000,1.01194,0.00109,0.99891
10.44000,1.01194,0.00186,0.99814
10.56000,1.01194,0.00261,0.99739
10.68000,1.01194,0.00465,0.99535
10.80000,1.01194,0.00563,0.99437
10.92000,1.01194,0.00777,0.99223
11.04000,1.01194,0.01667,0.98333
11.16000,1.01194,0.02161,0.97839
11.28000,1.01194,0.04278,0.95722
11.40000,1.01194,0.04034,0.95966
11.52000,1.01194,0.03700,0.96300
11.64000,1.01194,0.04798,0.95202
11.76000,1.01194,0.03369,0.96631
11.88000,1.01194,0.07485,0.92515
12.00000,1.01194,0.03422,0.96578
12.12000,1.01194,0.02931,0.97069
12.24000,1.01194,0.01961,0.98039
12.36000,1.01194,0.02630,0.97370
12.48000,1.01194,0.03215,0.96785
12.60000,1.01194,0.02106,0.97894
12.72000,1.01194,0.03174,0.96826
12.84000,1.01194,0.03874,0.96126
12.96000,1.01194,0.03777,0.96223
13.08000,1.01194,0.04753,0.95247
13.20000,1.01194,0.04201,0.95799
13.32000,1.01194,0.03310,0.96690
13.44000,1.01194,0.03833,0.96167
13.56000,1.01194,0.02466,0.97534
13.68000,1.01194,0.01946,0.98054
13.80000,1.01194,0.02667,0.97333
13.92000,1.01194,0.02362,0.97638
14.04000,1.01194,0.01845,0.98155
14.16000,1.01194,0.01831,0.98169
14.28000,1.01194,0.01107,0.98893
14.40000,1.01194,0.01409,0.98591
14.52000,1.01194,0.00772,0.99228
14.64000,1.01194,0.00932,0.99068
14.76000,1.01194,0.00310,0.99690
14.88000,1.01194,0.00354,0.99646
15.00000,1.01194,0.00356,0.99644
15.12000,1.01194,0.00283,0.99717
15.24000,1.01194,0.00337,0.99663
15.36000,1.01194,0.00388,0.99612
15.48000,1.01194,0.01078,0.98922
15.60000,1.01194,0.00700,0.99300
15.72000,1.01194,0.03263,0.96737
15.84000,1.01194,0.02580,0.97420
15.96000,1.01194,0.05263,0.94737
16.08000,1.01194,0.04230,0.95770
16.20000,1.01194,0.06858,0.93142
16.32000,1.01194,0.08290,0.91710
16.44000,1.01194,0.09020,0.90980
16.56000,1.01194,0.17368,0.82632
16.68000,1.01194,0.10544,0.89456
16.80000,1.01194,0.10849,0.89151
16.92000,1.01194,0.12499,0.87501
17.04000,1.01194,0.07285,0.92715
17.16000,1.01194,0.08147,0.91853
17.28000,1.01194,0.03886,0.96114
17.40000,1.01194,0.03477,0.96523
17.52000,1.01194,0.03385,0.96615
17.64000,1.01194,0.03710,0.96290
17.76000,1.01194,0.03134,0.96866
17.88000,1.01194,0.03991,0.96009
18.00000,1.01194,0.03271,0.96729
18.12000,1.01194,0.02918,0.97082
18.24000,1.01194,0.02169,0.97831
18.36000,1.01194,0.03029,0.96971
18.48000,1.01194,0.02091,0.97909
18.60000,1.01194,0.03089,0.96911
18.72000,1.01194,0.04173,0.95827
18.84000,1.01194,0.02137,0.97863
18.96000,1.01194,0.03261,0.96739
19.08000,1.01194,0.04362,0.95638
19.20000,1.01194,0.06334,0.93666
19.32000,1.01194,0.03760,0.96240
19.44000,1.01194,0.09611,0.90389
19.56000,1.01194,0.05180,0.94820
19.68000,1.01194,0.09965,0.90035
19.80000,1.01194,0.07542,0.92458
19.92000,1.01194,0.11247,0.88753
20.04000,1.01194,0.10345,0.89655
20.16000,1.01194,0.19128,0.80872
20.28000,1.01194,0.12989,0.87011
20.40000,1.01194,0.14697,0.85303
20.52000,1.01194,0.12633,0.87367
20.64000,1.01194,0.11959,0.88041
20.76000,1.01194,0.15296,0.84704
20.88000,1.01194,0.08612,0.91388
21.00000,1.01194,0.08922,0.91078
21.12000,1.01194,0.11112,0.88888
21.24000,1.01194,0.11261,0.88739
21.36000,1.01194,0.02683,0.97317
21.48000,1.01194,0.10427,0.89573
21.60000,1.01194,0.03417,0.96583
21.72000,1.01194,0.07601,0.92399
21.84000,1.01194,0.02292,0.97708
21.96000,1.01194,0.07277,0.92723
22.08000,1.01194,0.05559,0.94441
22.20000,1.01194,0.04391,0.95609
22.32000,1.01194,0.04606,0.95394
22.44000,1.01194,0.04529,0.95471
22.56000,1.01194,0.07195,0.92805
22.68000,1.01194,0.03215,0.96785
22.80000,1.01194,0.02774,0.97226
22.92000,1.01194,0.04387,0.95613
23.04000,1.01194,0.03268,0.96732
23.16000,1.01194,0.03298,0.96702
23.28000,1.01194,0.03302,0.96698
23.40000,1.01194,0.04263,0.95737
23.52000,1.01194,0.04198,0.95802
23.64000,1.01194,0.03447,0.96553
23.76000,1.01194,0.05740,0.94260
23.88000,1.01194,0.06857,0.93143
24.00000,1.01194,0.07125,0.92875
24.12000,1.01194,0.09548,0.90452
24.24000,1.01194,0.11366,0.88634
24.36000,1.01194,0.14541,0.85459
24.48000,1.01194,0.10412,0.89588
24.60000,1.01194,0.11513,0.88487
24.72000,1.01194,0.10639,0.89361
24.84000,1.01194,0.09750,0.90250
24.96000,1.01194,0.12572,0.87428
25.08000,1.01194,0.07469,0.92531
25.20000,1.01194,0.10874,0.89126
25.32000,1.01194,0.05108,0.94892
25.44000,1.01194,0.08918,0.91082
25.56000,1.01194,0.02813,0.97187
25.68000,1.01194,0.05238,0.94762
25.80000,1.01194,0.05073,0.94927
25.92000,1.01194,0.05480,0.94520
26.04000,1.01194,0.04318,0.95682
26.16000,1.01194,0.04506,0.95494
26.28000,1.01194,0.07408,0.92592
26.40000,1.01194,0.07726,0.92274
26.52000,1.01194,0.04501,0.95499
26.64000,1.01194,0.07429,0.92571
26.76000,1.01194,0.07251,0.92749
26.88000,1.01194,0.10471,0.89529
27.00000,1.01194,0.04582,0.95418
27.12000,1.01194,0.11597,0.88403
27.24000,1.01194,0.08399,0.91601
27.36000,1.01194,0.10808,0.89192
27.48000,1.01194,0.14735,0.85265
27.60000,1.01194,0.07058,0.92942
27.72000,1.01194,0.07751,0.92249
27.84000,1.01194,0.07633,0.92367
27.96000,1.01194,0.09494,0.90506
28.08000,1.01194,0.08823,0.91177
28.20000,1.01194,0.06863,0.93137
28.32000,1.01194,0.14831,0.85169
28.44000,1.01194,0.07502,0.92498
28.56000,1.01194,0.11415,0.88585
28.68000,1.01194,0.09329,0.90671
28.80000,1.01194,0.17866,0.82134
28.92000,1.01194,0.10066,0.89934
29.04000,1.01194,0.13129,0.86871
29.16000,1.01194,0.23053,0.76947
29.28000,1.01194,0.18700,0.81300
29.40000,1.01194,0.17392,0.82608
29.52000,1.01194,0.04798,0.95202
29.64000,1.01194,0.13085,0.86915
29.76000,1.01194,0.05651,0.94349
29.88000,1.01194,0.05266,0.94734
30.00000,1.01194,0.05069,0.94931
30.12000,1.01194,0.05795,0.94205
30.24000,1.01194,0.05587,0.94413
30.36000,1.01194,0.06479,0.93521
30.48000,1.01194,0.09897,0.90103
30.60000,1.01194,0.05714,0.94286
30.72000,1.01194,0.06387,0.93613
30.84000,1.01194,0.04470,0.95530
30.96000,1.01194,0.05174,0.94826
31.08000,1.01194,0.05967,0.94033
31.20000,1.01194,0.04651,0.95349
31.32000,1.01194,0.05352,0.94648
31.44000,1.01194,0.06187,0.93813
31.56000,1.01194,0.04137,0.95863
31.68000,1.01194,0.07345,0.92655
31.80000,1.01194,0.06788,0.93212
31.92000,1.01194,0.10250,0.89750
32.04000,1.01194,0.12082,0.87918
32.16000,1.01194,0.12192,0.87808
32.28000,1.01194,0.08798,0.91202
32.40000,1.01194,0.11809,0.88191
32.52000,1.01194,0.10762,0.89238
32.64000,1.01194,0.13246,0.86754
32.76000,1.01194,0.15243,0.84757
32.88000,1.01194,0.17906,0.82094
33.00000,1.01194,0.31092,0.68908
33.12000,1.01194,0.19099,0.80901
33.24000,1.01194,0.28143,0.71857
33.36000,1.01194,0.12140,0.87860
33.48000,1.01194,0.22602,0.77398
33.60000,1.01194,0.07908,0.92092
33.72000,1.01194,0.10369,0.89631
33.84000,1.01194,0.05255,0.94745
33.96000,1.01194,0.05094,0.94906
34.08000,1.01194,0.04864,0.95136
34.20000,1.01194,0.04626,0.95374
34.32000,1.01194,0.03205,0.96795
34.44000,1.01194,0.03052,0.96948
34.56000,1.01194,0.03142,0.96858
34.68000,1.01194,0.03599,0.96401
34.80000,1.01194,0.02990,0.97010
34.92000,1.01194,0.02796,0.97204
35.04000,1.01194,0.03875,0.96125
35.16000,1.01194,0.03494,0.96506
35.28000,1.01194,0.01887,0.98113
35.40000,1.01194,0.03865,0.96135
35.52000,1.01194,0.02824,0.97176
35.64000,1.01194,0.02382,0.97618
35.76000,1.01194,0.02876,0.97124
35.88000,1.01194,0.02477,0.97523
36.00000,1.01194,0.03946,0.96054
36.12000,1.01194,0.02703,0.97297
36.24000,1.01194,0.03829,0.96171
36.36000,1.01194,0.04892,0.95108
36.48000,1.01194,0.10261,0.89739
36.60000,1.01194,0.03785,0.96215
36.72000,1.01194,0.05269,0.94731
36.84000,1.01194,0.04049,0.95951
36.96000,1.01194,0.03891,0.96109
37.08000,1.01194,0.02898,0.97102
37.20000,1.01194,0.05288,0.94712
37.32000,1.01194,0.03655,0.96345
37.44000,1.01194,0.05993,0.94007
37.56000,1.01194,0.06264,0.93736
37.68000,1.01194,0.03731,0.96269
37.80000,1.01194,0.03329,0.96671
37.92000,1.01194,0.03709,0.96291
38.04000,1.01194,0.03314,0.96686
38.16000,1.01194,0.02867,0.97133
38.28000,1.01194,0.02206,0.97794
38.40000,1.01194,0.03014,0.96986
38.52000,1.01194,0.02232,0.97768
38.64000,1.01194,0.02686,0.97314
38.76000,1.01194,0.03065,0.96935
38.88000,1.01194,0.02158,0.97842
39.00000,1.01194,0.02181,0.97819
39.12000,1.01194,0.02124,0.97876
39.24000,1.01194,0.01289,0.98711
39.36000,1.01194,0.01175,0.98825
39.48000,1.01194,0.00828,0.99172
39.60000,1.01194,0.00755,0.99245
39.72000,1.01194,0.00754,0.99246
39.84000,1.01194,0.00409,0.99591
39.96000,1.01194,0.00407,0.99593
40.08000,1.01194,0.00406,0.99594
40.20000,1.01194,0.00633,0.99367
40.32000,1.01194,0.01040,0.98960
40.44000,1.01194,0.00478,0.99522
40.56000,1.01194,0.00426,0.99574
40.68000,1.01194,0.00885,0.99115
40.80000,1.01194,0.00954,0.99046
40.92000,1.01194,0.01785,0.98215
41.04000,1.01194,0.02393,0.97606
41.16000,1.01194,0.02977,0.97023
41.28000,1.01194,0.04758,0.95242
41.40000,1.01194,0.04380,0.95620
41.52000,1.01194,0.08317,0.91683
41.64000,1.01194,0.07539,0.92461
41.76000,1.01194,0.09744,0.90256
41.88000,1.01194,0.06900,0.93100
42.00000,1.01194,0.05158,0.94842
42.12000,1.01194,0.04292,0.95708
42.24000,1.01194,0.05711,0.94289
42.36000,1.01194,0.04160,0.95840
42.48000,1.01194,0.04631,0.95369
42.60000,1.01194,0.03490,0.96510
42.72000,1.01194,0.04354,0.95646
42.84000,1.01194,0.04589,0.95411
42.96000,1.01194,0.03134,0.96866
43.08000,1.01194,0.02516,0.97484
43.20000,1.01194,0.02478,0.97522
43.32000,1.01194,0.02295,0.97705
43.44000,1.01194,0.01308,0.98692
43.56000,1.01194,0.02122,0.97878
43.68000,1.01194,0.00683,0.99317
43.80000,1.01194,0.00799,0.99201
43.92000,1.01194,0.00564,0.99436
44.04000,1.01194,0.00436,0.99564
44.16000,1.01194,0.00376,0.99624
44.28000,1.01194,0.00419,0.99581
44.40000,1.01194,0.00406,0.99594
44.52000,1.01194,0.00248,0.99752
44.64000,1.01194,0.00362,0.99638
44.76000,1.01194,0.00205,0.99795
44.88000,1.01194,0.00303,0.99697
45.00000,1.01194,0.00236,0.99764
45.12000,1.01194,0.00472,0.99528
45.24000,1.01194,0.00460,0.99540
45.36000,1.01194,0.01623,0.98377
45.48000,1.01194,0.01835,0.98165
45.60000,1.01194,0.05347,0.94652
45.72000,1.01194,0.04243,0.95757
45.84000,1.01194,0.08244,0.91756
45.96000,1.01194,0.05768,0.94232
46.08000,1.01194,0.12272,0.87728
46.20000,1.01194,0.06553,0.93447
46.32000,1.01194,0.06152,0.93848
46.44000,1.01194,0.08550,0.91450
46.56000,1.01194,0.03255,0.96745
46.68000,1.01194,0.05539,0.94461
46.80000,1.01194,0.04479,0.95521
46.92000,1.01194,0.03690,0.96310
47.04000,1.01194,0.03631,0.96369
47.16000,1.01194,0.03547,0.96453
47.28000,1.01194,0.03091,0.96909
47.40000,1.01194,0.02363,0.97637
47.52000,1.01194,0.02648,0.97352
47.64000,1.01194,0.02754,0.97246
47.76000,1.01194,0.01710,0.98290
47.88000,1.01194,0.02263,0.97737
48.00000,1.01194,0.02255,0.97745
48.12000,1.01194,0.01510,0.98490
48.24000,1.01194,0.01623,0.98377
48.36000,1.01194,0.02035,0.97965
48.48000,1.01194,0.01186,0.98814
48.60000,1.01194,0.02088,0.97912
48.72000,1.01194,0.01798,0.98202
48.84000,1.01194,0.02102,0.97898
48.96000,1.01194,0.02934,0.97066
49.08000,1.01194,0.02887,0.97113
49.20000,1.01194,0.02086,0.97914
49.32000,1.01194,0.03238,0.96762
49.44000,1.01194,0.02941,0.97059
49.56000,1.01194,0.04077,0.95924
49.68000,1.01194,0.03669,0.96331
49.80000,1.01194,0.02426,0.97574
49.92000,1.01194,0.03499,0.96501
50.04000,1.01194,0.02483,0.97517
50.16000,1.01194,0.02365,0.97635
50.28000,1.01194,0.04877,0.95123
50.40000,1.01194,0.03182,0.96818
50.52000,1.01194,0.03804,0.96197
50.64000,1.01194,0.02506,0.97494
50.76000,1.01194,0.04612,0.95388
50.88000,1.01194,0.04456,0.95544
51.00000,1.01194,0.05846,0.94154
51.12000,1.01194,0.05574,0.94426
51.24000,1.01194,0.06529,0.93471
51.36000,1.01194,0.04297,0.95703
51.48000,1.01194,0.06371,0.93629
51.60000,1.01194,0.03485,0.96515
51.72000,1.01194,0.05508,0.94492
51.84000,1.01194,0.05603,0.94397
51.96000,1.01194,0.09592,0.90408
52.08000,1.01194,0.04730,0.95270
52.20000,1.01194,0.07301,0.92699
52.32000,1.01194,0.07700,0.92300
52.44000,1.01194,0.08749,0.91251
52.56000,1.01194,0.17525,0.82475
52.68000,1.01194,0.17258,0.82742
52.80000,1.01194,0.07688,0.92312
52.92000,1.01194,0.08347,0.91653
53.04000,1.01194,0.14724,0.85276
53.16000,1.01194,0.06219,0.93781
53.28000,1.01194,0.08726,0.91274
53.40000,1.01194,0.05168,0.94832
53.52000,1.01194,0.06048,0.93952
53.64000,1.01194,0.06332,0.93668
53.76000,1.01194,0.06009,0.93991
53.88000,1.01194,0.07139,0.92861
54.00000,1.01194,0.09965,0.90035
54.12000,1.01194,0.05292,0.94708
54.24000,1.01194,0.07954,0.92046
54.36000,1.01194,0.05828,0.94172
54.48000,1.01194,0.07798,0.92202
54.60000,1.01194,0.02613,0.97387
54.72000,1.01194,0.06362,0.93638
54.84000,1.01194,0.02331,0.97669
54.96000,1.01194,0.08045,0.91955
55.08000,1.01194,0.03595,0.96405
55.20000,1.01194,0.06533,0.93467
55.32000,1.01194,0.03027,0.96973
55.44000,1.01194,0.04574,0.95426
55.56000,1.01194,0.04888,0.95112
55.68000,1.01194,0.05167,0.94833
55.80000,1.01194,0.04281,0.95719
55.92000,1.01194,0.03139,0.96861
56.04000,1.01194,0.04457,0.95543
56.16000,1.01194,0.03118,0.96882
56.28000,1.01194,0.05712,0.94288
56.40000,1.01194,0.04196,0.95804
56.52000,1.01194,0.06499,0.93501
56.64000,1.01194,0.04319,0.95681
56.76000,1.01194,0.05272,0.94728
56.88000,1.01194,0.06202,0.93798
57.00000,1.01194,0.08005,0.91995
57.12000,1.01194,0.05898,0.94102
57.24000,1.01194,0.03465,0.96535
57.36000,1.01194,0.03354,0.96646
57.48000,1.01194,0.02005,0.97995
57.60000,1.01194,0.03312,0.96688
57.72000,1.01194,0.03937,0.96063
57.84000,1.01194,0.02416,0.97584
57.96000,1.01194,0.04116,0.95884
58.08000,1.01194,0.01484,0.98516
58.20000,1.01194,0.04288,0.95712
58.32000,1.01194,0.01606,0.98394
58.44000,1.01194,0.04341,0.95659
58.56000,1.01194,0.01424,0.98576
58.68000,1.01194,0.02131,0.97869
58.80000,1.01194,0.02554,0.97446
58.92000,1.01194,0.02999,0.97001
59.04000,1.01194,0.02460,0.97540
59.16000,1.01194,0.03458,0.96542
59.28000,1.01194,0.01958,0.98042
59.40000,1.01194,0.02481,0.97519
59.52000,1.01194,0.01503,0.98497
59.64000,1.01194,0.01501,0.98499
59.76000,1.01194,0.01102,0.98898
59.88000,1.01194,0.00683,0.99317
60.00000,1.01194,0.01469,0.98531
60.12000,1.01194,0.00554,0.99446
60.24000,1.01194,0.00716,0.99284
60.36000,1.01194,0.00366,0.99634
60.48000,1.01194,0.00852,0.99148
60.60000,1.01194,0.00482,0.99518
60.72000,1.01194,0.01843,0.98157
60.84000,1.01194,0.01413,0.98587
60.96000,1.01194,0.01714,0.98286
61.08000,1.01194,0.01246,0.98754
61.20000,1.01194,0.02667,0.97333
61.32000,1.01194,0.03446,0.96554
61.44000,1.01194,0.11059,0.88941
61.56000,1.01194,0.07368,0.92632
61.68000,1.01194,0.05399,0.94601
61.80000,1.01194,0.08582,0.91418
61.92000,1.01194,0.10615,0.89385
62.04000,1.01194,0.13354,0.86646
62.16000,1.01194,0.06052,0.93948
62.28000,1.01194,0.14952,0.85048
62.40000,1.01194,0.06974,0.93026
62.52000,1.01194,0.08684,0.91316
62.64000,1.01194,0.03551,0.96449
62.76000,1.01194,0.03282,0.96718
62.88000,1.01194,0.03042,0.96958
63.00000,1.01194,0.03389,0.96611
63.12000,1.01194,0.05373,0.94627
63.24000,1.01194,0.01998,0.98002
63.36000,1.01194,0.02926,0.97074
63.48000,1.01194,0.01893,0.98107
63.60000,1.01194,0.02552,0.97448
63.72000,1.01194,0.01642,0.98358
63.84000,1.01194,0.01161,0.98839
63.96000,1.01194,0.01269,0.98731
64.08000,1.01193,0.00777,0.99223
64.20000,1.01194,0.00602,0.99398
64.32000,1.01194,0.00427,0.99573
64.44000,1.01193,0.00394,0.99606
64.56000,1.01194,0.00404,0.99596
64.68000,1.01194,0.00429,0.99571
64.80000,1.01193,0.00334,0.99666
64.92000,1.01194,0.00285,0.99715
65.04000,1.01194,0.00316,0.99684
65.16000,1.01193,0.00634,0.99366
65.28000,1.01194,0.00788,0.99212
65.40000,1.01193,0.01771,0.98229
65.52000,1.01194,0.03250,0.96750
65.64000,1.01194,0.10967,0.89033
65.76000,1.01193,0.06255,0.93745
65.88000,1.01194,0.11129,0.88871
66.00000,1.01194,0.09107,0.90893
66.12000,1.01193,0.10803,0.89197
66.24000,1.01194,0.07768,0.92232
66.36000,1.01194,0.09570,0.90430
66.48000,1.01193,0.06471,0.93529
66.60000,1.01194,0.07960,0.92040
66.72000,1.01194,0.04562,0.95438
66.84000,1.01194,0.04639,0.95361
66.96000,1.01194,0.04073,0.95927
67.08000,1.01193,0.04217,0.95783
67.20000,1.01194,0.05658,0.94342
67.32000,1.01194,0.03649,0.96351
67.44000,1.01193,0.07771,0.92229
67.56000,1.01194,0.03043,0.96957
67.68000,1.01194,0.06661,0.93339
67.80000,1.01193,0.02205,0.97795
67.92000,1.01194,0.03111,0.96889
68.04000,1.01194,0.00675,0.99325
68.16000,1.01193,0.00767,0.99233
68.28000,1.01194,0.00308,0.99692
68.40000,1.01193,0.00303,0.99697
68.52000,1.01194,0.00106,0.99894
68.64000,1.01194,0.00201,0.99799
68.76000,1.01193,0.00198,0.99802
68.88000,1.01194,0.00251,0.99749
69.00000,1.01194,0.00183,0.99817
69.12000,1.01193,0.00165,0.99835
69.24000,1.01194,0.00149,0.99851
69.36000,1.01194,0.00396,0.99604
69.48000,1.01193,0.00186,0.99814
69.60000,1.01194,0.00515,0.99485
69.72000,1.01194,0.00643,0.99357
69.84000,1.01194,0.02080,0.97920
69.96000,1.01194,0.02934,0.97066
70.08000,1.01193,0.08025,0.91975
70.20000,1.01194,0.02655,0.97345
70.32000,1.01194,0.09066,0.90934
70.44000,1.01193,0.06626,0.93374
70.56000,1.01194,0.13066,0.86934
70.68000,1.01194,0.08025,0.91975
70.80000,1.01193,0.06483,0.93517
70.92000,1.01194,0.05751,0.94249
71.04000,1.01194,0.06441,0.93559
71.16000,1.01193,0.03513,0.96487
71.28000,1.01194,0.02951,0.97049
71.40000,1.01193,0.02578,0.97422
71.52000,1.01194,0.03348,0.96652
71.64000,1.01194,0.04597,0.95403
71.76000,1.01193,0.03337,0.96663
71.88000,1.01194,0.06950,0.93050
72.00000,1.01194,0.04991,0.95009
72.12000,1.01193,0.05251,0.94749
72.24000,1.01194,0.04187,0.95813
72.36000,1.01194,0.01850,0.98150
72.48000,1.01193,0.01379,0.98621
72.60000,1.01194,0.00810,0.99190
72.72000,1.01194,0.00859,0.99141
72.84000,1.01194,0.00413,0.99587
72.96000,1.01194,0.00539,0.99461
73.08000,1.01193,0.00329,0.99671
73.20000,1.01194,0.00451,0.99549
73.32000,1.01194,0.00238,0.99762
73.44000,1.01193,0.00283,0.99717
73.56000,1.01194,0.00274,0.99726
73.68000,1.01194,0.00300,0.99700
73.80000,1.01193,0.00567,0.99433
73.92000,1.01194,0.00484,0.99516
74.04000,1.01194,0.00586,0.99414
74.16000,1.01193,0.01526,0.98474
74.28000,1.01194,0.01280,0.98720
74.40000,1.01193,0.03312,0.96688
74.52000,1.01194,0.02885,0.97115
74.64000,1.01194,0.03799,0.96201
74.76000,1.01193,0.03298,0.96702
74.88000,1.01194,0.05354,0.94646
75.00000,1.01194,0.04254,0.95746
75.12000,1.01193,0.07774,0.92226
75.24000,1.01194,0.07650,0.92350
75.36000,1.01194,0.05523,0.94477
75.48000,1.01193,0.05703,0.94297
75.60000,1.01194,0.07823,0.92177
75.72000,1.01194,0.03132,0.96868
75.84000,1.01194,0.06794,0.93206
75.96000,1.01194,0.04259,0.95741
76.08000,1.01193,0.09212,0.90788
76.20000,1.01194,0.03908,0.96092
76.32000,1.01194,0.06189,0.93811
76.44000,1.01193,0.04033,0.95967
76.56000,1.01194,0.04930,0.95070
76.68000,1.01194,0.03714,0.96286
76.80000,1.01193,0.02430,0.97570
76.92000,1.01194,0.01215,0.98785
77.04000,1.01194,0.01694,0.98306
77.16000,1.01193,0.00504,0.99496
77.28000,1.01194,0.00909,0.99091
77.40000,1.01193,0.00489,0.99511
77.52000,1.01194,0.00432,0.99568
77.64000,1.01194,0.00197,0.99803
77.76000,1.01193,0.00268,0.99732
77.88000,1.01194,0.00263,0.99737
78.00000,1.01194,0.00282,0.99718
78.12000,1.01193,0.00545,0.99455
78.24000,1.01194,0.00416,0.99584
78.36000,1.01194,0.00443,0.99557
78.48000,1.01193,0.00859,0.99141
78.60000,1.01194,0.01112,0.98888
78.72000,1.01194,0.04635,0.95365
78.84000,1.01194,0.03608,0.96392
78.96000,1.01194,0.02202,0.97798
79.08000,1.01193,0.03043,0.96957
79.20000,1.01194,0.03980,0.96020
79.32000,1.01194,0.04850,0.95150
79.44000,1.01193,0.04669,0.95331
79.56000,1.01194,0.03410,0.96590
79.68000,1.01194,0.04008,0.95992
79.80000,1.01193,0.03707,0.96293
79.92000,1.01194,0.05938,0.94062
80.04000,1.01194,0.04534,0.95466
80.16000,1.01193,0.04708,0.95292
80.28000,1.01194,0.03708,0.96292
80.40000,1.01193,0.04106,0.95894
80.52000,1.01194,0.04767,0.95233
80.64000,1.01194,0.03521,0.96479
80.76000,1.01193,0.04117,0.95883
80.88000,1.01194,0.03742,0.96258
81.00000,1.01194,0.06781,0.93219
81.12000,1.01193,0.01931,0.98069
81.24000,1.01194,0.02229,0.97771
81.36000,1.01194,0.00546,0.99454
81.48000,1.01193,0.00928,0.99072
81.60000,1.01194,0.00363,0.99637
81.72000,1.01194,0.00628,0.99372
81.84000,1.01194,0.00255,0.99745
81.96000,1.01194,0.00512,0.99488
82.08000,1.01193,0.00126,0.99874
82.20000,1.01194,0.00827,0.99173
82.32000,1.01194,0.00248,0.99752
82.44000,1.01193,0.00294,0.99706
82.56000,1.01194,0.00445,0.99555
82.68000,1.01194,0.00431,0.99569
82.80000,1.01193,0.00680,0.99320
82.92000,1.01194,0.01091,0.98909
83.04000,1.01194,0.01278,0.98722
83.16000,1.01193,0.02836,0.97164
83.28000,1.01194,0.06684,0.93316
83.40000,1.01193,0.08420,0.91580
83.52000,1.01194,0.06758,0.93242
83.64000,1.01194,0.05480,0.94520
83.76000,1.01193,0.06286,0.93714
83.88000,1.01194,0.06105,0.93895
84.00000,1.01194,0.03703,0.96297
84.12000,1.01193,0.04889,0.95111
84.24000,1.01194,0.04125,0.95875
84.36000,1.01194,0.03274,0.96726
84.48000,1.01193,0.04601,0.95399
84.60000,1.01194,0.02520,0.97480
84.72000,1.01194,0.02603,0.97397
84.84000,1.01194,0.03627,0.96373
84.96000,1.01194,0.03086,0.96914
85.08000,1.01193,0.03060,0.96940
85.20000,1.01194,0.03780,0.96220
85.32000,1.01194,0.02603,0.97397
85.44000,1.01193,0.02980,0.97020
85.56000,1.01194,0.01823,0.98177
85.68000,1.01194,0.01582,0.98418
85.80000,1.01193,0.01525,0.98475
85.92000,1.01194,0.00718,0.99282
86.04000,1.01194,0.00841,0.99159
86.16000,1.01193,0.00435,0.99565
86.28000,1.01194,0.00295,0.99705
86.40000,1.01193,0.00331,0.99669
86.52000,1.01194,0.00350,0.99650
86.64000,1.01194,0.00296,0.99704
86.76000,1.01193,0.00419,0.99581
86.88000,1.01194,0.00692,0.99308
87.00000,1.01194,0.00777,0.99223
87.12000,1.01193,0.01125,0.98875
87.24000,1.01194,0.00686,0.99314
87.36000,1.01194,0.03549,0.96451
87.48000,1.01193,0.02099,0.97901
87.60000,1.01194,0.06287,0.93713
87.72000,1.01194,0.03138,0.96862
87.84000,1.01194,0.07970,0.92030
87.96000,1.01194,0.03107,0.96893
88.08000,1.01193,0.04599,0.95401
88.20000,1.01194,0.04421,0.95579
88.32000,1.01194,0.03256,0.96744
88.44000,1.01193,0.06623,0.93377
88.56000,1.01194,0.05428,0.94572
88.68000,1.01194,0.04022,0.95978
88.80000,1.01193,0.07246,0.92754
88.92000,1.01194,0.03259,0.96741
89.04000,1.01194,0.03952,0.96048
89.16000,1.01193,0.04150,0.95850
89.28000,1.01194,0.04799,0.95201
89.40000,1.01193,0.04210,0.95790
89.52000,1.01194,0.04758,0.95242
89.64000,1.01194,0.02716,0.97284
89.76000,1.01193,0.03949,0.96051
89.88000,1.01194,0.03995,0.96005
90.00000,1.01194,0.04801,0.95199
90.12000,1.01193,0.01904,0.98096
90.24000,1.01194,0.01526,0.98474
90.36000,1.01194,0.01363,0.98637
90.48000,1.01193,0.02522,0.97478
90.60000,1.01194,0.01069,0.98931
90.72000,1.01194,0.01632,0.98368
90.84000,1.01194,0.01472,0.98528
90.96000,1.01194,0.04064,0.95936
91.08000,1.01193,0.02451,0.97549
91.20000,1.01194,0.03207,0.96793
91.32000,1.01194,0.02547,0.97453
91.44000,1.01193,0.03607,0.96393
91.56000,1.01194,0.01940,0.98060
91.68000,1.01194,0.04697,0.95303
91.80000,1.01193,0.02947,0.97053
91.92000,1.01194,0.07576,0.92424
92.04000,1.01194,0.02557,0.97443
92.16000,1.01193,0.15824,0.84176
92.28000,1.01194,0.08391,0.91609
92.40000,1.01193,0.19690,0.80310
92.52000,1.01194,0.12346,0.87654
92.64000,1.01194,0.22844,0.77156
92.76000,1.01193,0.10120,0.89880
92.88000,1.01194,0.27291,0.72709
93.00000,1.01194,0.17225,0.82775
93.12000,1.01193,0.29778,0.70222
93.24000,1.01194,0.17336,0.82664
93.36000,1.01194,0.21917,0.78083
93.48000,1.01193,0.22854,0.77146
93.60000,1.01194,0.30650,0.69350
93.72000,1.01194,0.23930,0.76070
93.84000,1.01194,0.18944,0.81056
93.96000,1.01194,0.16094,0.83906
94.08000,1.01193,0.19341,0.80659
94.20000,1.01194,0.16331,0.83669
94.32000,1.01194,0.23950,0.76050
94.44000,1.01193,0.22873,0.77127
94.56000,1.01194,0.29914,0.70086
94.68000,1.01194,0.27275,0.72725
94.80000,1.01193,0.42111,0.57889
94.92000,1.01194,0.22407,0.77593
95.04000,1.01194,0.41664,0.58336
95.16000,1.01193,0.19173,0.80827
95.28000,1.01194,0.40542,0.59458
95.40000,1.01193,0.20988,0.79012
95.52000,1.01194,0.48078,0.51922
95.64000,1.01194,0.22418,0.77582
95.76000,1.01193,0.38638,0.61362
95.88000,1.01194,0.25712,0.74288
96.00000,1.01194,0.26154,0.73846
96.12000,1.01193,0.17973,0.82027
96.24000,1.01194,0.19120,0.80880
96.36000,1.01194,0.22916,0.77084
96.48000,1.01193,0.19226,0.80774
96.60000,1.01194,0.15712,0.84288
96.72000,1.01194,0.18290,0.81710
96.84000,1.01194,0.28572,0.71428
96.96000,1.01194,0.18391,0.81609
97.08000,1.01193,0.15889,0.84111
97.20000,1.01194,0.13895,0.86105
97.32000,1.01194,0.19719,0.80281
97.44000,1.01193,0.19923,0.80077
97.56000,1.01194,0.14769,0.85231
97.68000,1.01194,0.19236,0.80764
97.80000,1.01193,0.11131,0.88869
97.92000,1.01194,0.21941,0.78059
98.04000,1.01194,0.12061,0.87939
98.16000,1.01193,0.19033,0.80967
98.28000,1.01194,0.11860,0.88140
98.40000,1.01193,0.20265,0.79735
98.52000,1.01194,0.13341,0.86659
98.64000,1.01194,0.10389,0.89611
98.76000,1.01193,0.16500,0.83500
98.88000,1.01194,0.16439,0.83561
99.00000,1.01194,0.32271,0.67729
99.12000,1.01193,0.25930,0.74070
99.24000,1.01194,0.54531,0.45469
99.36000,1.01194,0.24872,0.75128
99.48000,1.01193,0.25901,0.74099
99.60000,1.01194,0.39058,0.60942
99.72000,1.01194,0.31096,0.68904
99.84000,1.01194,0.33384,0.66616
99.96000,1.01194,0.25712,0.74288
100.08000,1.01193,0.41464,0.58536
100.20000,1.01194,0.37703,0.62297
100.32000,1.01194,0.54712,0.45288
100.44000,1.01193,0.47986,0.52014
100.56000,1.01194,0.44131,0.55869
100.68000,1.01194,0.45453,0.54547
100.80000,1.01193,0.49214,0.50786
100.92000,1.01194,0.51146,0.48854
101.04000,1.01194,0.47814,0.52186
101.16000,1.01193,0.43345,0.56655
101.28000,1.01194,0.48808,0.51192
101.40000,1.01193,0.66848,0.33152
101.52000,1.01194,0.40573,0.59427
101.64000,1.01194,0.36506,0.63494
101.76000,1.01193,0.33476,0.66524
101.88000,1.01194,0.27345,0.72655
102.00000,1.01194,0.28220,0.71780
102.12000,1.01193,0.25536,0.74464
102.24000,1.01194,0.40018,0.59982
102.36000,1.01194,0.56618,0.43382
102.48000,1.01193,0.64930,0.35070
102.60000,1.01194,0.59423,0.40577
102.72000,1.01194,0.69534,0.30466
102.84000,1.01194,0.72922,0.27078
102.96000,1.01194,0.74897,0.25103
103.08000,1.01193,0.64549,0.35451
103.20000,1.01194,0.76997,0.23003
103.32000,1.01194,0.74774,0.25226
103.44000,1.01193,0.80676,0.19324
103.56000,1.01194,0.72174,0.27826
103.68000,1.01194,0.79081,0.20919
103.80000,1.01193,0.77751,0.22249
103.92000,1.01194,0.80796,0.19204
104.04000,1.01194,0.73357,0.26643
104.16000,1.01193,0.73290,0.26710
104.28000,1.01194,0.74417,0.25583
104.40000,1.01193,0.78918,0.21082
104.52000,1.01194,0.59902,0.40098
104.64000,1.01194,0.76633,0.23367
104.76000,1.01193,0.55500,0.44500
104.88000,1.01194,0.56452,0.43548
105.00000,1.01194,0.53098,0.46902
105.12000,1.01193,0.42261,0.57739
105.24000,1.01194,0.52484,0.47516
105.36000,1.01194,0.58858,0.41142
105.48000,1.01193,0.60719,0.39281
105.60000,1.01194,0.65506,0.34494
105.72000,1.01194,0.68507,0.31493
105.84000,1.01194,0.64003,0.35997
105.96000,1.01194,0.61567,0.38433
106.08000,1.01193,0.68871,0.31129
106.20000,1.01194,0.75167,0.24833
106.32000,1.01194,0.74583,0.25417
106.44000,1.01193,0.68026,0.31974
106.56000,1.01194,0.72711,0.27289
106.68000,1.01194,0.78033,0.21967
106.80000,1.01193,0.77594,0.22406
106.92000,1.01194,0.80454,0.19546
107.04000,1.01194,0.76476,0.23524
107.16000,1.01193,0.71392,0.28608
107.28000,1.01194,0.68179,0.31821
107.40000,1.01193,0.71168,0.28832
107.52000,1.01194,0.64573,0.35427
107.64000,1.01194,0.60924,0.39076
107.76000,1.01193,0.62463,0.37537
107.88000,1.01194,0.57585,0.42415
108.00000,1.01194,0.69111,0.30889
108.12000,1.01193,0.60653,0.39347
108.24000,1.01194,0.72657,0.27343
108.36000,1.01194,0.58774,0.41226
108.48000,1.01193,0.82149,0.17851
108.60000,1.01194,0.68632,0.31368
108.72000,1.01194,0.79959,0.20041
108.84000,1.01194,0.71887,0.28113
108.96000,1.01194,0.80934,0.19066
109.08000,1.01193,0.75475,0.24525
109.20000,1.01194,0.71093,0.28907
109.32000,1.01194,0.73104,0.26896
109.44000,1.01193,0.60475,0.39525
109.56000,1.01194,0.62661,0.37339
109.68000,1.01194,0.55914,0.44086
109.80000,1.01193,0.74874,0.25126
109.92000,1.01194,0.63366,0.36634
110.04000,1.01194,0.75804,0.24196
110.16000,1.01193,0.67916,0.32084
110.28000,1.01194,0.67439,0.32561
110.40000,1.01193,0.73653,0.26347
110.52000,1.01194,0.71562,0.28438
110.64000,1.01194,0.70949,0.29051
110.76000,1.01193,0.72574,0.27426
110.88000,1.01194,0.73814,0.26186
111.00000,1.01194,0.64593,0.35407
111.12000,1.01193,0.75581,0.24419
111.24000,1.01194,0.67863,0.32137
