Time (seconds), Duration (seconds),pred_unlabeled,pred_sirens
0.00000,1.01194,0.68269,0.31731
0.12000,1.01194,0.45738,0.54262
0.24000,1.01194,0.37922,0.62078
0.36000,1.01194,0.43855,0.56145
0.48000,1.01194,0.46573,0.53427
0.60000,1.01194,0.48783,0.51217
0.72000,1.01194,0.58344,0.41656
0.84000,1.01194,0.31511,0.68489
0.96000,1.01194,0.52366,0.47634
1.08000,1.01194,0.44513,0.55487
1.20000,1.01194,0.58631,0.41369
1.32000,1.01194,0.45076,0.54924
1.44000,1.01194,0.63290,0.36710
1.56000,1.01194,0.32046,0.67954
1.68000,1.01194,0.68112,0.31888
1.80000,1.01194,0.45238,0.54762
1.92000,1.01194,0.56772,0.43228
2.04000,1.01194,0.38148,0.61852
2.16000,1.01194,0.57363,0.42637
2.28000,1.01194,0.51948,0.48052
2.40000,1.01194,0.52978,0.47022
2.52000,1.01194,0.54162,0.45838
2.64000,1.01194,0.57754,0.42246
2.76000,1.01194,0.53384,0.46616
2.88000,1.01194,0.51087,0.48913
3.00000,1.01194,0.56873,0.43127
3.12000,1.01194,0.44497,0.55503
3.24000,1.01194,0.49307,0.50693
3.36000,1.01194,0.36796,0.63204
3.48000,1.01194,0.59585,0.40415
3.60000,1.01194,0.54431,0.45569
3.72000,1.01194,0.63191,0.36809
3.84000,1.01194,0.39825,0.60175
3.96000,1.01194,0.53367,0.46633
4.08000,1.01194,0.59683,0.40317
4.20000,1.01194,0.58490,0.41510
4.32000,1.01194,0.63371,0.36629
4.44000,1.01194,0.59941,0.40059
4.56000,1.01194,0.53293,0.46707
4.68000,1.01194,0.54199,0.45801
4.80000,1.01194,0.53903,0.46097
4.92000,1.01194,0.52987,0.47013
5.04000,1.01194,0.42619,0.57381
5.16000,1.01194,0.37127,0.62873
5.28000,1.01194,0.45225,0.54775
5.40000,1.01194,0.23843,0.76157
5.52000,1.01194,0.44965,0.55035
5.64000,1.01194,0.27264,0.72736
5.76000,1.01194,0.50095,0.49905
5.88000,1.01194,0.31973,0.68027
6.00000,1.01194,0.60386,0.39614
6.12000,1.01194,0.49056,0.50944
6.24000,1.01194,0.52643,0.47357
6.36000,1.01194,0.50722,0.49278
6.48000,1.01194,0.48335,0.51665
6.60000,1.01194,0.50896,0.49104
6.72000,1.01194,0.55060,0.44940
6.84000,1.01194,0.48237,0.51763
6.96000,1.01194,0.50549,0.49451
7.08000,1.01194,0.37315,0.62685
7.20000,1.01194,0.40452,0.59548
7.32000,1.01194,0.23467,0.76533
7.44000,1.01194,0.34593,0.65407
7.56000,1.01194,0.20385,0.79615
7.68000,1.01194,0.28868,0.71132
7.80000,1.01194,0.20389,0.79611
7.92000,1.01194,0.24475,0.75525
8.04000,1.01194,0.29915,0.70085
8.16000,1.01194,0.30970,0.69030
8.28000,1.01194,0.43850,0.56150
8.40000,1.01194,0.33562,0.66438
8.52000,1.01194,0.50779,0.49221
8.64000,1.01194,0.48591,0.51409
8.76000,1.01194,0.45997,0.54003
8.88000,1.01194,0.49564,0.50436
9.00000,1.01194,0.50093,0.49907
9.12000,1.01194,0.47023,0.52977
9.24000,1.01194,0.43642,0.56358
9.36000,1.01194,0.48909,0.51091
9.48000,1.01194,0.58060,0.41940
9.60000,1.01194,0.36169,0.63831
9.72000,1.01194,0.44680,0.55320
9.84000,1.01194,0.31797,0.68203
9.96000,1.01194,0.30491,0.69509
10.08000,1.01194,0.29553,0.70447
10.20000,1.01194,0.38076,0.61924
10.32000,1.01194,0.25512,0.74488
10.44000,1.01194,0.30645,0.69355
10.56000,1.01194,0.46990,0.53010
10.68000,1.01194,0.42568,0.57432
10.80000,1.01194,0.44596,0.55404
10.92000,1.01194,0.19139,0.80861
11.04000,1.01194,0.47105,0.52895
11.16000,1.01194,0.20892,0.79108
11.28000,1.01194,0.30169,0.69831
11.40000,1.01194,0.21085,0.78915
11.52000,1.01194,0.37693,0.62307
11.64000,1.01194,0.36022,0.63978
11.76000,1.01194,0.35869,0.64131
11.88000,1.01194,0.45860,0.54140
12.00000,1.01194,0.38444,0.61556
12.12000,1.01194,0.53997,0.46003
12.24000,1.01194,0.47051,0.52949
12.36000,1.01194,0.34498,0.65502
12.48000,1.01194,0.52808,0.47192
12.60000,1.01194,0.29171,0.70829
12.72000,1.01194,0.55397,0.44603
12.84000,1.01194,0.26386,0.73614
12.96000,1.01194,0.44438,0.55562
13.08000,1.01194,0.19835,0.80165
13.20000,1.01194,0.39270,0.60730
13.32000,1.01194,0.19118,0.80882
13.44000,1.01194,0.38826,0.61174
13.56000,1.01194,0.18667,0.81333
13.68000,1.01194,0.36948,0.63052
13.80000,1.01194,0.29865,0.70135
13.92000,1.01194,0.32252,0.67748
14.04000,1.01194,0.25932,0.74068
14.16000,1.01194,0.26975,0.73025
14.28000,1.01194,0.43848,0.56152
14.40000,1.01194,0.20063,0.79937
14.52000,1.01194,0.37568,0.62432
14.64000,1.01194,0.22599,0.77401
14.76000,1.01194,0.40620,0.59380
14.88000,1.01194,0.23528,0.76472
15.00000,1.01194,0.45971,0.54029
15.12000,1.01194,0.38925,0.61075
15.24000,1.01194,0.48096,0.51904
15.36000,1.01194,0.38625,0.61375
15.48000,1.01194,0.35569,0.64431
15.60000,1.01194,0.44142,0.55858
15.72000,1.01194,0.33421,0.66579
15.84000,1.01194,0.33039,0.66961
15.96000,1.01194,0.38167,0.61833
16.08000,1.01194,0.23182,0.76818
16.20000,1.01194,0.27436,0.72564
16.32000,1.01194,0.33585,0.66415
16.44000,1.01194,0.42789,0.57211
16.56000,1.01194,0.33629,0.66371
16.68000,1.01194,0.59985,0.40015
16.80000,1.01194,0.47004,0.52996
16.92000,1.01194,0.56807,0.43193
17.04000,1.01194,0.62245,0.37755
17.16000,1.01194,0.54380,0.45620
17.28000,1.01194,0.57054,0.42946
17.40000,1.01194,0.60231,0.39769
17.52000,1.01194,0.67470,0.32530
17.64000,1.01194,0.56976,0.43024
17.76000,1.01194,0.64891,0.35109
17.88000,1.01194,0.59193,0.40807
18.00000,1.01194,0.63230,0.36770
18.12000,1.01194,0.50237,0.49763
18.24000,1.01194,0.48100,0.51900
18.36000,1.01194,0.40676,0.59324
18.48000,1.01194,0.57493,0.42507
18.60000,1.01194,0.48313,0.51687
18.72000,1.01194,0.49849,0.50151
18.84000,1.01194,0.54943,0.45057
18.96000,1.01194,0.51867,0.48133
19.08000,1.01194,0.62873,0.37127
19.20000,1.01194,0.46149,0.53851
19.32000,1.01194,0.47799,0.52201
19.44000,1.01194,0.49477,0.50523
19.56000,1.01194,0.46640,0.53360
19.68000,1.01194,0.34316,0.65684
19.80000,1.01194,0.43246,0.56754
19.92000,1.01194,0.35546,0.64454
20.04000,1.01194,0.20155,0.79845
20.16000,1.01194,0.36403,0.63597
20.28000,1.01194,0.37339,0.62661
20.40000,1.01194,0.42257,0.57743
20.52000,1.01194,0.19587,0.80413
20.64000,1.01194,0.45342,0.54658
20.76000,1.01194,0.32764,0.67236
20.88000,1.01194,0.38729,0.61271
21.00000,1.01194,0.28403,0.71597
21.12000,1.01194,0.29528,0.70472
21.24000,1.01194,0.21800,0.78200
21.36000,1.01194,0.19515,0.80485
21.48000,1.01194,0.22911,0.77089
21.60000,1.01194,0.11554,0.88446
21.72000,1.01194,0.14356,0.85644
21.84000,1.01194,0.08061,0.91939
21.96000,1.01194,0.07053,0.92947
22.08000,1.01194,0.05589,0.94411
22.20000,1.01194,0.09387,0.90613
22.32000,1.01194,0.13010,0.86990
22.44000,1.01194,0.08675,0.91325
22.56000,1.01194,0.09817,0.90183
22.68000,1.01194,0.08527,0.91473
22.80000,1.01194,0.06262,0.93738
22.92000,1.01194,0.08238,0.91762
23.04000,1.01194,0.15011,0.84989
23.16000,1.01194,0.07769,0.92231
23.28000,1.01194,0.10563,0.89437
23.40000,1.01194,0.07524,0.92476
23.52000,1.01194,0.11820,0.88180
23.64000,1.01194,0.08255,0.91745
23.76000,1.01194,0.10817,0.89183
23.88000,1.01194,0.15021,0.84979
24.00000,1.01194,0.08567,0.91433
24.12000,1.01194,0.07434,0.92566
24.24000,1.01194,0.04771,0.95229
24.36000,1.01194,0.05794,0.94206
24.48000,1.01194,0.06454,0.93546
24.60000,1.01194,0.06496,0.93504
24.72000,1.01194,0.06267,0.93733
24.84000,1.01194,0.05828,0.94172
24.96000,1.01194,0.18603,0.81397
25.08000,1.01194,0.11556,0.88444
25.20000,1.01194,0.11258,0.88742
25.32000,1.01194,0.19078,0.80922
25.44000,1.01194,0.12134,0.87866
25.56000,1.01194,0.21645,0.78355
25.68000,1.01194,0.15184,0.84816
25.80000,1.01194,0.22532,0.77468
25.92000,1.01194,0.16327,0.83673
26.04000,1.01194,0.25948,0.74052
26.16000,1.01194,0.20047,0.79953
26.28000,1.01194,0.21481,0.78519
26.40000,1.01194,0.33760,0.66240
26.52000,1.01194,0.21453,0.78547
26.64000,1.01194,0.28290,0.71710
26.76000,1.01194,0.12487,0.87513
26.88000,1.01194,0.18200,0.81800
27.00000,1.01194,0.11514,0.88486
27.12000,1.01194,0.10307,0.89693
27.24000,1.01194,0.10823,0.89177
27.36000,1.01194,0.10951,0.89049
27.48000,1.01194,0.14954,0.85046
27.60000,1.01194,0.07453,0.92547
27.72000,1.01194,0.23983,0.76017
27.84000,1.01194,0.07919,0.92081
27.96000,1.01194,0.16255,0.83745
28.08000,1.01194,0.11494,0.88506
28.20000,1.01194,0.27222,0.72778
28.32000,1.01194,0.21730,0.78270
28.44000,1.01194,0.26158,0.73842
28.56000,1.01194,0.25531,0.74469
28.68000,1.01194,0.24188,0.75812
28.80000,1.01194,0.22843,0.77157
28.92000,1.01194,0.30756,0.69244
29.04000,1.01194,0.31915,0.68085
29.16000,1.01194,0.28570,0.71430
29.28000,1.01194,0.24130,0.75870
29.40000,1.01194,0.42744,0.57256
29.52000,1.01194,0.35282,0.64718
29.64000,1.01194,0.38592,0.61408
29.76000,1.01194,0.53039,0.46961
29.88000,1.01194,0.35449,0.64551
30.00000,1.01194,0.39479,0.60521
30.12000,1.01194,0.36523,0.63477
30.24000,1.01194,0.48566,0.51434
30.36000,1.01194,0.40801,0.59199
30.48000,1.01194,0.50610,0.49390
30.60000,1.01194,0.36425,0.63575
30.72000,1.01194,0.33228,0.66772
30.84000,1.01194,0.50096,0.49904
30.96000,1.01194,0.38131,0.61869
31.08000,1.01194,0.38502,0.61498
31.20000,1.01194,0.44239,0.55761
31.32000,1.01194,0.51671,0.48329
31.44000,1.01194,0.31202,0.68798
31.56000,1.01194,0.52166,0.47834
31.68000,1.01194,0.49878,0.50122
31.80000,1.01194,0.35239,0.64761
31.92000,1.01194,0.49454,0.50546
32.04000,1.01194,0.54820,0.45180
32.16000,1.01194,0.43170,0.56830
32.28000,1.01194,0.52007,0.47993
32.40000,1.01194,0.47541,0.52459
32.52000,1.01194,0.40501,0.59499
32.64000,1.01194,0.47769,0.52231
32.76000,1.01194,0.34199,0.65801
32.88000,1.01194,0.32323,0.67677
33.00000,1.01194,0.25074,0.74926
33.12000,1.01194,0.38598,0.61402
33.24000,1.01194,0.24610,0.75390
33.36000,1.01194,0.40203,0.59797
33.48000,1.01194,0.32279,0.67721
33.60000,1.01194,0.37330,0.62670
33.72000,1.01194,0.29373,0.70627
33.84000,1.01194,0.52162,0.47838
33.96000,1.01194,0.32273,0.67727
34.08000,1.01194,0.48661,0.51339
34.20000,1.01194,0.34490,0.65510
34.32000,1.01194,0.53221,0.46779
34.44000,1.01194,0.43312,0.56688
34.56000,1.01194,0.50275,0.49725
34.68000,1.01194,0.45450,0.54550
34.80000,1.01194,0.50267,0.49733
34.92000,1.01194,0.54337,0.45663
35.04000,1.01194,0.43870,0.56130
35.16000,1.01194,0.42362,0.57638
35.28000,1.01194,0.43082,0.56918
35.40000,1.01194,0.58931,0.41069
35.52000,1.01194,0.34935,0.65065
35.64000,1.01194,0.50390,0.49610
35.76000,1.01194,0.45550,0.54450
35.88000,1.01194,0.50436,0.49564
36.00000,1.01194,0.60123,0.39877
36.12000,1.01194,0.51360,0.48640
36.24000,1.01194,0.57204,0.42796
36.36000,1.01194,0.54761,0.45239
36.48000,1.01194,0.59528,0.40472
36.60000,1.01194,0.57813,0.42187
36.72000,1.01194,0.62424,0.37576
36.84000,1.01194,0.53531,0.46469
36.96000,1.01194,0.53844,0.46156
37.08000,1.01194,0.58820,0.41180
37.20000,1.01194,0.43502,0.56498
37.32000,1.01194,0.53830,0.46170
37.44000,1.01194,0.43071,0.56929
37.56000,1.01194,0.50342,0.49658
37.68000,1.01194,0.42050,0.57950
37.80000,1.01194,0.56612,0.43388
37.92000,1.01194,0.59765,0.40235
38.04000,1.01194,0.53529,0.46471
38.16000,1.01194,0.57092,0.42908
38.28000,1.01194,0.59451,0.40549
38.40000,1.01194,0.65439,0.34561
38.52000,1.01194,0.61589,0.38411
38.64000,1.01194,0.65046,0.34954
38.76000,1.01194,0.62641,0.37359
38.88000,1.01194,0.61442,0.38558
39.00000,1.01194,0.66610,0.33390
39.12000,1.01194,0.64292,0.35708
39.24000,1.01194,0.71582,0.28418
39.36000,1.01194,0.54761,0.45239
39.48000,1.01194,0.69022,0.30978
39.60000,1.01194,0.36965,0.63035
39.72000,1.01194,0.61199,0.38801
39.84000,1.01194,0.49486,0.50514
39.96000,1.01194,0.59537,0.40463
40.08000,1.01194,0.53389,0.46611
40.20000,1.01194,0.57817,0.42183
40.32000,1.01194,0.61103,0.38897
40.44000,1.01194,0.63318,0.36682
40.56000,1.01194,0.63146,0.36854
40.68000,1.01194,0.63005,0.36995
40.80000,1.01194,0.63541,0.36459
40.92000,1.01194,0.61213,0.38787
41.04000,1.01194,0.62646,0.37354
41.16000,1.01194,0.67049,0.32951
41.28000,1.01194,0.67261,0.32739
41.40000,1.01194,0.69749,0.30251
41.52000,1.01194,0.70590,0.29410
41.64000,1.01194,0.71510,0.28490
41.76000,1.01194,0.64345,0.35655
41.88000,1.01194,0.71312,0.28688
42.00000,1.01194,0.67662,0.32338
42.12000,1.01194,0.70721,0.29279
42.24000,1.01194,0.59874,0.40126
42.36000,1.01194,0.61872,0.38128
42.48000,1.01194,0.63677,0.36323
42.60000,1.01194,0.60548,0.39452
42.72000,1.01194,0.66816,0.33184
42.84000,1.01194,0.55183,0.44817
42.96000,1.01194,0.62636,0.37364
43.08000,1.01194,0.51825,0.48175
43.20000,1.01194,0.66192,0.33808
43.32000,1.01194,0.36909,0.63091
43.44000,1.01194,0.61638,0.38362
43.56000,1.01194,0.43117,0.56883
43.68000,1.01194,0.59720,0.40280
43.80000,1.01194,0.49366,0.50634
43.92000,1.01194,0.58528,0.41472
44.04000,1.01194,0.46456,0.53544
44.16000,1.01194,0.51194,0.48806
44.28000,1.01194,0.64107,0.35893
44.40000,1.01194,0.62071,0.37929
44.52000,1.01194,0.59384,0.40616
44.64000,1.01194,0.60994,0.39006
44.76000,1.01194,0.56083,0.43917
44.88000,1.01194,0.54586,0.45414
45.00000,1.01194,0.59425,0.40575
45.12000,1.01194,0.53795,0.46205
45.24000,1.01194,0.48571,0.51429
45.36000,1.01194,0.49810,0.50190
45.48000,1.01194,0.49627,0.50373
45.60000,1.01194,0.58751,0.41249
45.72000,1.01194,0.41298,0.58702
45.84000,1.01194,0.60733,0.39267
45.96000,1.01194,0.54749,0.45251
46.08000,1.01194,0.61567,0.38433
46.20000,1.01194,0.46672,0.53328
46.32000,1.01194,0.57391,0.42609
46.44000,1.01194,0.56758,0.43242
46.56000,1.01194,0.62878,0.37122
46.68000,1.01194,0.54866,0.45134
46.80000,1.01194,0.58916,0.41084
46.92000,1.01194,0.51975,0.48025
47.04000,1.01194,0.60832,0.39168
47.16000,1.01194,0.57953,0.42047
47.28000,1.01194,0.47907,0.52093
47.40000,1.01194,0.67303,0.32697
47.52000,1.01194,0.57465,0.42535
47.64000,1.01194,0.69522,0.30478
47.76000,1.01194,0.54179,0.45821
47.88000,1.01194,0.68143,0.31857
48.00000,1.01194,0.62283,0.37717
48.12000,1.01194,0.57683,0.42317
48.24000,1.01194,0.62836,0.37164
48.36000,1.01194,0.59876,0.40124
48.48000,1.01194,0.61668,0.38332
48.60000,1.01194,0.61562,0.38438
48.72000,1.01194,0.55052,0.44948
48.84000,1.01194,0.56789,0.43211
48.96000,1.01194,0.49925,0.50075
49.08000,1.01194,0.46354,0.53646
49.20000,1.01194,0.54213,0.45787
49.32000,1.01194,0.42937,0.57063
49.44000,1.01194,0.50373,0.49627
49.56000,1.01194,0.49143,0.50857
49.68000,1.01194,0.61679,0.38321
49.80000,1.01194,0.57916,0.42084
49.92000,1.01194,0.63876,0.36124
50.04000,1.01194,0.57877,0.42123
50.16000,1.01194,0.51815,0.48185
50.28000,1.01194,0.53225,0.46775
50.40000,1.01194,0.44237,0.55763
50.52000,1.01194,0.43564,0.56436
50.64000,1.01194,0.53667,0.46333
50.76000,1.01194,0.46722,0.53278
50.88000,1.01194,0.58724,0.41276
51.00000,1.01194,0.54874,0.45126
51.12000,1.01194,0.71775,0.28225
51.24000,1.01194,0.59170,0.40830
51.36000,1.01194,0.70273,0.29727
51.48000,1.01194,0.63592,0.36408
51.60000,1.01194,0.66227,0.33773
51.72000,1.01194,0.55246,0.44754
51.84000,1.01194,0.73539,0.26461
51.96000,1.01194,0.65950,0.34050
52.08000,1.01194,0.71357,0.28643
52.20000,1.01194,0.63472,0.36528
52.32000,1.01194,0.70218,0.29782
52.44000,1.01194,0.56311,0.43689
52.56000,1.01194,0.56593,0.43407
52.68000,1.01194,0.54992,0.45008
52.80000,1.01194,0.53757,0.46243
52.92000,1.01194,0.50482,0.49518
53.04000,1.01194,0.54682,0.45318
53.16000,1.01194,0.44975,0.55025
53.28000,1.01194,0.63358,0.36642
53.40000,1.01194,0.50113,0.49887
53.52000,1.01194,0.68603,0.31397
53.64000,1.01194,0.58165,0.41835
53.76000,1.01194,0.60630,0.39370
53.88000,1.01194,0.51537,0.48463
54.00000,1.01194,0.60138,0.39862
54.12000,1.01194,0.64791,0.35209
54.24000,1.01194,0.53416,0.46584
54.36000,1.01194,0.66850,0.33150
54.48000,1.01194,0.54756,0.45244
54.60000,1.01194,0.67415,0.32585
54.72000,1.01194,0.63620,0.36380
54.84000,1.01194,0.66444,0.33556
54.96000,1.01194,0.68731,0.31269
55.08000,1.01194,0.68487,0.31513
55.20000,1.01194,0.72601,0.27399
55.32000,1.01194,0.73542,0.26458
55.44000,1.01194,0.62890,0.37110
55.56000,1.01194,0.72789,0.27211
55.68000,1.01194,0.67992,0.32008
55.80000,1.01194,0.67570,0.32430
55.92000,1.01194,0.65845,0.34155
56.04000,1.01194,0.65452,0.34548
56.16000,1.01194,0.55513,0.44487
56.28000,1.01194,0.57905,0.42095
56.40000,1.01194,0.35688,0.64312
56.52000,1.01194,0.49872,0.50128
56.64000,1.01194,0.35332,0.64668
56.76000,1.01194,0.53008,0.46992
56.88000,1.01194,0.45559,0.54441
57.00000,1.01194,0.50416,0.49584
57.12000,1.01194,0.44433,0.55567
57.24000,1.01194,0.56798,0.43202
57.36000,1.01194,0.45439,0.54561
57.48000,1.01194,0.54510,0.45490
57.60000,1.01194,0.50281,0.49719
57.72000,1.01194,0.49856,0.50144
57.84000,1.01194,0.57558,0.42442
57.96000,1.01194,0.43541,0.56459
58.08000,1.01194,0.60342,0.39658
58.20000,1.01194,0.42689,0.57311
58.32000,1.01194,0.63386,0.36614
58.44000,1.01194,0.51468,0.48532
58.56000,1.01194,0.56371,0.43629
58.68000,1.01194,0.60307,0.39693
58.80000,1.01194,0.61347,0.38653
58.92000,1.01194,0.64347,0.35653
59.04000,1.01194,0.50830,0.49170
59.16000,1.01194,0.66992,0.33008
59.28000,1.01194,0.60733,0.39267
59.40000,1.01194,0.73240,0.26760
59.52000,1.01194,0.60640,0.39360
59.64000,1.01194,0.70537,0.29463
59.76000,1.01194,0.65466,0.34534
59.88000,1.01194,0.67879,0.32121
60.00000,1.01194,0.61028,0.38972
60.12000,1.01194,0.57743,0.42257
60.24000,1.01194,0.65484,0.34516
60.36000,1.01194,0.58360,0.41640
60.48000,1.01194,0.67231,0.32769
60.60000,1.01194,0.55221,0.44779
60.72000,1.01194,0.70943,0.29057
60.84000,1.01194,0.57015,0.42985
60.96000,1.01194,0.66893,0.33107
61.08000,1.01194,0.55974,0.44026
61.20000,1.01194,0.65130,0.34870
61.32000,1.01194,0.53661,0.46339
61.44000,1.01194,0.66444,0.33556
61.56000,1.01194,0.49200,0.50800
61.68000,1.01194,0.64403,0.35597
61.80000,1.01194,0.52763,0.47237
61.92000,1.01194,0.67247,0.32753
62.04000,1.01194,0.59305,0.40695
62.16000,1.01194,0.61450,0.38550
62.28000,1.01194,0.54236,0.45764
62.40000,1.01194,0.64595,0.35405
62.52000,1.01194,0.64883,0.35117
62.64000,1.01194,0.57912,0.42088
62.76000,1.01194,0.62215,0.37785
62.88000,1.01194,0.66315,0.33685
63.00000,1.01194,0.66471,0.33529
63.12000,1.01194,0.55732,0.44268
63.24000,1.01194,0.63283,0.36717
63.36000,1.01194,0.64749,0.35251
63.48000,1.01194,0.53184,0.46816
63.60000,1.01194,0.58570,0.41430
63.72000,1.01194,0.53516,0.46484
63.84000,1.01194,0.60139,0.39861
63.96000,1.01194,0.53122,0.46878
64.08000,1.01193,0.61615,0.38385
64.20000,1.01194,0.58696,0.41304
64.32000,1.01194,0.57646,0.42354
64.44000,1.01193,0.48926,0.51074
64.56000,1.01194,0.64152,0.35848
64.68000,1.01194,0.52897,0.47103
64.80000,1.01193,0.63681,0.36319
64.92000,1.01194,0.54788,0.45212
65.04000,1.01194,0.67138,0.32862
65.16000,1.01193,0.58077,0.41923
65.28000,1.01194,0.66305,0.33695
65.40000,1.01193,0.69795,0.30205
65.52000,1.01194,0.66730,0.33270
65.64000,1.01194,0.73114,0.26886
65.76000,1.01193,0.62663,0.37337
65.88000,1.01194,0.67979,0.32021
66.00000,1.01194,0.60559,0.39441
66.12000,1.01193,0.66146,0.33854
66.24000,1.01194,0.60738,0.39262
66.36000,1.01194,0.66466,0.33534
66.48000,1.01193,0.53272,0.46728
66.60000,1.01194,0.58391,0.41609
66.72000,1.01194,0.59593,0.40407
66.84000,1.01194,0.63029,0.36971
66.96000,1.01194,0.67512,0.32488
67.08000,1.01193,0.67932,0.32068
67.20000,1.01194,0.69629,0.30371
67.32000,1.01194,0.69630,0.30370
67.44000,1.01193,0.72659,0.27341
67.56000,1.01194,0.63971,0.36029
67.68000,1.01194,0.70086,0.29914
67.80000,1.01193,0.65467,0.34533
67.92000,1.01194,0.67677,0.32323
68.04000,1.01194,0.62078,0.37922
68.16000,1.01193,0.67871,0.32129
68.28000,1.01194,0.63606,0.36394
68.40000,1.01193,0.66871,0.33129
68.52000,1.01194,0.68402,0.31598
68.64000,1.01194,0.72985,0.27015
68.76000,1.01193,0.69453,0.30547
68.88000,1.01194,0.65596,0.34404
69.00000,1.01194,0.68796,0.31204
69.12000,1.01193,0.60330,0.39670
69.24000,1.01194,0.70472,0.29528
69.36000,1.01194,0.59108,0.40892
69.48000,1.01193,0.61944,0.38056
69.60000,1.01194,0.53103,0.46897
69.72000,1.01194,0.58779,0.41221
69.84000,1.01194,0.64234,0.35766
69.96000,1.01194,0.58173,0.41827
70.08000,1.01193,0.64091,0.35909
70.20000,1.01194,0.70091,0.29909
70.32000,1.01194,0.64875,0.35125
70.44000,1.01193,0.64011,0.35989
70.56000,1.01194,0.59985,0.40015
70.68000,1.01194,0.63022,0.36978
70.80000,1.01193,0.48532,0.51468
70.92000,1.01194,0.61076,0.38924
71.04000,1.01194,0.55753,0.44247
71.16000,1.01193,0.61204,0.38796
71.28000,1.01194,0.39401,0.60599
71.40000,1.01193,0.62670,0.37330
71.52000,1.01194,0.54934,0.45066
71.64000,1.01194,0.68400,0.31600
71.76000,1.01193,0.62803,0.37197
71.88000,1.01194,0.71801,0.28199
72.00000,1.01194,0.61811,0.38189
72.12000,1.01193,0.66929,0.33071
72.24000,1.01194,0.67771,0.32229
72.36000,1.01194,0.65486,0.34514
72.48000,1.01193,0.62985,0.37015
72.60000,1.01194,0.69300,0.30700
72.72000,1.01194,0.58639,0.41361
72.84000,1.01194,0.64815,0.35185
72.96000,1.01194,0.58834,0.41166
73.08000,1.01193,0.52703,0.47297
73.20000,1.01194,0.62231,0.37769
73.32000,1.01194,0.53119,0.46881
73.44000,1.01193,0.65084,0.34916
73.56000,1.01194,0.30717,0.69283
73.68000,1.01194,0.60908,0.39092
73.80000,1.01193,0.49836,0.50164
73.92000,1.01194,0.68906,0.31094
74.04000,1.01194,0.56692,0.43308
74.16000,1.01193,0.63309,0.36691
74.28000,1.01194,0.59410,0.40590
74.40000,1.01193,0.54736,0.45264
74.52000,1.01194,0.58366,0.41634
74.64000,1.01194,0.50028,0.49972
74.76000,1.01193,0.55662,0.44338
74.88000,1.01194,0.51679,0.48321
75.00000,1.01194,0.44302,0.55698
75.12000,1.01193,0.56993,0.43007
75.24000,1.01194,0.66799,0.33201
75.36000,1.01194,0.64452,0.35548
75.48000,1.01193,0.68147,0.31853
75.60000,1.01194,0.58471,0.41529
75.72000,1.01194,0.67129,0.32871
75.84000,1.01194,0.57699,0.42301
75.96000,1.01194,0.72518,0.27482
76.08000,1.01193,0.62411,0.37589
76.20000,1.01194,0.66104,0.33896
76.32000,1.01194,0.65455,0.34545
76.44000,1.01193,0.60697,0.39303
76.56000,1.01194,0.65306,0.34694
76.68000,1.01194,0.69230,0.30770
76.80000,1.01193,0.63320,0.36680
76.92000,1.01194,0.62848,0.37152
77.04000,1.01194,0.61948,0.38052
77.16000,1.01193,0.64401,0.35599
77.28000,1.01194,0.59195,0.40805
77.40000,1.01193,0.70145,0.29855
77.52000,1.01194,0.59018,0.40982
77.64000,1.01194,0.70907,0.29093
77.76000,1.01193,0.67710,0.32290
77.88000,1.01194,0.68826,0.31174
78.00000,1.01194,0.64320,0.35680
78.12000,1.01193,0.68521,0.31479
78.24000,1.01194,0.68941,0.31059
78.36000,1.01194,0.65191,0.34809
78.48000,1.01193,0.62964,0.37036
78.60000,1.01194,0.63438,0.36562
78.72000,1.01194,0.58318,0.41682
78.84000,1.01194,0.69335,0.30665
78.96000,1.01194,0.50950,0.49050
79.08000,1.01193,0.50144,0.49856
79.20000,1.01194,0.48457,0.51543
79.32000,1.01194,0.53066,0.46934
79.44000,1.01193,0.50656,0.49344
79.56000,1.01194,0.56581,0.43419
79.68000,1.01194,0.67357,0.32643
79.80000,1.01193,0.63761,0.36239
79.92000,1.01194,0.64740,0.35260
80.04000,1.01194,0.72625,0.27375
80.16000,1.01193,0.68674,0.31326
80.28000,1.01194,0.74786,0.25214
80.40000,1.01193,0.64869,0.35131
80.52000,1.01194,0.71801,0.28199
80.64000,1.01194,0.58852,0.41148
80.76000,1.01193,0.70528,0.29472
80.88000,1.01194,0.58172,0.41828
81.00000,1.01194,0.68457,0.31543
81.12000,1.01193,0.68871,0.31129
81.24000,1.01194,0.70554,0.29446
81.36000,1.01194,0.71335,0.28665
81.48000,1.01193,0.70180,0.29820
81.60000,1.01194,0.65565,0.34435
81.72000,1.01194,0.64032,0.35968
81.84000,1.01194,0.62922,0.37078
81.96000,1.01194,0.61762,0.38238
82.08000,1.01193,0.58094,0.41906
82.20000,1.01194,0.62149,0.37851
82.32000,1.01194,0.53579,0.46421
82.44000,1.01193,0.58763,0.41237
82.56000,1.01194,0.59960,0.40040
82.68000,1.01194,0.65547,0.34453
82.80000,1.01193,0.64010,0.35990
82.92000,1.01194,0.63720,0.36280
83.04000,1.01194,0.67895,0.32105
83.16000,1.01193,0.72293,0.27707
83.28000,1.01194,0.73321,0.26679
83.40000,1.01193,0.69254,0.30746
83.52000,1.01194,0.67446,0.32554
83.64000,1.01194,0.61610,0.38390
83.76000,1.01193,0.60172,0.39828
83.88000,1.01194,0.61720,0.38280
84.00000,1.01194,0.60847,0.39153
84.12000,1.01193,0.59965,0.40035
84.24000,1.01194,0.57324,0.42676
84.36000,1.01194,0.62522,0.37478
84.48000,1.01193,0.62586,0.37414
84.60000,1.01194,0.62189,0.37811
84.72000,1.01194,0.57497,0.42503
84.84000,1.01194,0.58356,0.41644
84.96000,1.01194,0.50299,0.49701
85.08000,1.01193,0.58736,0.41264
85.20000,1.01194,0.49446,0.50554
85.32000,1.01194,0.53310,0.46690
85.44000,1.01193,0.55405,0.44595
85.56000,1.01194,0.52572,0.47428
85.68000,1.01194,0.66886,0.33114
85.80000,1.01193,0.44979,0.55021
85.92000,1.01194,0.64208,0.35792
86.04000,1.01194,0.43319,0.56681
86.16000,1.01193,0.57336,0.42664
86.28000,1.01194,0.56000,0.44000
86.40000,1.01193,0.42965,0.57035
86.52000,1.01194,0.54016,0.45984
86.64000,1.01194,0.40405,0.59595
86.76000,1.01193,0.55928,0.44072
86.88000,1.01194,0.42737,0.57263
87.00000,1.01194,0.55883,0.44117
87.12000,1.01193,0.57384,0.42616
87.24000,1.01194,0.58135,0.41865
87.36000,1.01194,0.55055,0.44945
87.48000,1.01193,0.67926,0.32074
87.60000,1.01194,0.68777,0.31223
87.72000,1.01194,0.66065,0.33935
87.84000,1.01194,0.68448,0.31552
87.96000,1.01194,0.53396,0.46604
88.08000,1.01193,0.65660,0.34340
88.20000,1.01194,0.41253,0.58747
88.32000,1.01194,0.57549,0.42451
88.44000,1.01193,0.45080,0.54920
88.56000,1.01194,0.47823,0.52177
88.68000,1.01194,0.47836,0.52164
88.80000,1.01193,0.40251,0.59749
88.92000,1.01194,0.52243,0.47757
89.04000,1.01194,0.38428,0.61572
89.16000,1.01193,0.60175,0.39825
89.28000,1.01194,0.45603,0.54397
89.40000,1.01193,0.59116,0.40884
89.52000,1.01194,0.53376,0.46624
89.64000,1.01194,0.64654,0.35346
89.76000,1.01193,0.63189,0.36811
89.88000,1.01194,0.62384,0.37616
90.00000,1.01194,0.67002,0.32998
90.12000,1.01193,0.56940,0.43060
90.24000,1.01194,0.62372,0.37628
90.36000,1.01194,0.57140,0.42860
90.48000,1.01193,0.60904,0.39096
90.60000,1.01194,0.49124,0.50876
90.72000,1.01194,0.52167,0.47833
90.84000,1.01194,0.49320,0.50680
90.96000,1.01194,0.57775,0.42225
91.08000,1.01193,0.50546,0.49454
91.20000,1.01194,0.61065,0.38935
91.32000,1.01194,0.50311,0.49689
91.44000,1.01193,0.61747,0.38253
91.56000,1.01194,0.68200,0.31800
91.68000,1.01194,0.66155,0.33845
91.80000,1.01193,0.66810,0.33190
91.92000,1.01194,0.65497,0.34503
92.04000,1.01194,0.57796,0.42204
92.16000,1.01193,0.58616,0.41384
92.28000,1.01194,0.57339,0.42661
92.40000,1.01193,0.51913,0.48087
92.52000,1.01194,0.50851,0.49149
92.64000,1.01194,0.50633,0.49367
92.76000,1.01193,0.51723,0.48277
92.88000,1.01194,0.38465,0.61535
93.00000,1.01194,0.47277,0.52723
93.12000,1.01193,0.51884,0.48116
93.24000,1.01194,0.43675,0.56325
93.36000,1.01194,0.50190,0.49810
93.48000,1.01193,0.39092,0.60908
93.60000,1.01194,0.44164,0.55836
93.72000,1.01194,0.47737,0.52263
93.84000,1.01194,0.47510,0.52490
93.96000,1.01194,0.48365,0.51635
94.08000,1.01193,0.54407,0.45593
94.20000,1.01194,0.60514,0.39486
94.32000,1.01194,0.54361,0.45639
94.44000,1.01193,0.57665,0.42335
94.56000,1.01194,0.58160,0.41840
94.68000,1.01194,0.62141,0.37859
94.80000,1.01193,0.62327,0.37673
94.92000,1.01194,0.61109,0.38891
95.04000,1.01194,0.59429,0.40571
95.16000,1.01193,0.58768,0.41232
95.28000,1.01194,0.58362,0.41638
95.40000,1.01193,0.62523,0.37477
95.52000,1.01194,0.54342,0.45658
95.64000,1.01194,0.57028,0.42972
95.76000,1.01193,0.58862,0.41138
95.88000,1.01194,0.61381,0.38619
96.00000,1.01194,0.61430,0.38570
96.12000,1.01193,0.61899,0.38101
96.24000,1.01194,0.67345,0.32655
96.36000,1.01194,0.64768,0.35232
96.48000,1.01193,0.66707,0.33293
96.60000,1.01194,0.63772,0.36228
96.72000,1.01194,0.68901,0.31099
96.84000,1.01194,0.63600,0.36400
96.96000,1.01194,0.69253,0.30747
97.08000,1.01193,0.52802,0.47198
97.20000,1.01194,0.61580,0.38420
97.32000,1.01194,0.48068,0.51932
97.44000,1.01193,0.47677,0.52323
97.56000,1.01194,0.49928,0.50072
97.68000,1.01194,0.51379,0.48621
97.80000,1.01193,0.51524,0.48476
97.92000,1.01194,0.46867,0.53133
98.04000,1.01194,0.60211,0.39789
98.16000,1.01193,0.55729,0.44271
98.28000,1.01194,0.62745,0.37255
98.40000,1.01193,0.64310,0.35690
98.52000,1.01194,0.68842,0.31158
98.64000,1.01194,0.68857,0.31143
98.76000,1.01193,0.65220,0.34780
98.88000,1.01194,0.61353,0.38647
99.00000,1.01194,0.61854,0.38146
99.12000,1.01193,0.62464,0.37536
99.24000,1.01194,0.67454,0.32546
99.36000,1.01194,0.58720,0.41280
99.48000,1.01193,0.68571,0.31429
99.60000,1.01194,0.60915,0.39085
99.72000,1.01194,0.56738,0.43262
99.84000,1.01194,0.62137,0.37863
99.96000,1.01194,0.61673,0.38327
100.08000,1.01193,0.71222,0.28778
100.20000,1.01194,0.64089,0.35911
100.32000,1.01194,0.64239,0.35761
100.44000,1.01193,0.61820,0.38180
100.56000,1.01194,0.48230,0.51770
100.68000,1.01194,0.63463,0.36537
100.80000,1.01193,0.41963,0.58037
100.92000,1.01194,0.63680,0.36320
101.04000,1.01194,0.42309,0.57691
101.16000,1.01193,0.65882,0.34118
101.28000,1.01194,0.50208,0.49792
101.40000,1.01193,0.66665,0.33335
101.52000,1.01194,0.56242,0.43758
101.64000,1.01194,0.58879,0.41121
101.76000,1.01193,0.52260,0.47740
101.88000,1.01194,0.54766,0.45234
102.00000,1.01194,0.50986,0.49014
102.12000,1.01193,0.45893,0.54107
102.24000,1.01194,0.55053,0.44947
102.36000,1.01194,0.53707,0.46293
102.48000,1.01193,0.71067,0.28933
102.60000,1.01194,0.67407,0.32593
102.72000,1.01194,0.71116,0.28884
102.84000,1.01194,0.58016,0.41984
102.96000,1.01194,0.65445,0.34555
103.08000,1.01193,0.53305,0.46695
103.20000,1.01194,0.66375,0.33625
103.32000,1.01194,0.56352,0.43648
103.44000,1.01193,0.60430,0.39570
103.56000,1.01194,0.57195,0.42805
103.68000,1.01194,0.64923,0.35077
103.80000,1.01193,0.57479,0.42521
103.92000,1.01194,0.67662,0.32338
104.04000,1.01194,0.53913,0.46087
104.16000,1.01193,0.55141,0.44859
104.28000,1.01194,0.54596,0.45404
104.40000,1.01193,0.46791,0.53209
104.52000,1.01194,0.63092,0.36908
104.64000,1.01194,0.53566,0.46434
104.76000,1.01193,0.60798,0.39202
104.88000,1.01194,0.44841,0.55159
105.00000,1.01194,0.65158,0.34842
105.12000,1.01193,0.61326,0.38674
105.24000,1.01194,0.62766,0.37234
105.36000,1.01194,0.66630,0.33370
105.48000,1.01193,0.52168,0.47832
105.60000,1.01194,0.65784,0.34216
105.72000,1.01194,0.58005,0.41995
105.84000,1.01194,0.62272,0.37728
105.96000,1.01194,0.51971,0.48029
106.08000,1.01193,0.54196,0.45804
106.20000,1.01194,0.49825,0.50174
106.32000,1.01194,0.56576,0.43424
106.44000,1.01193,0.43517,0.56483
106.56000,1.01194,0.43800,0.56200
106.68000,1.01194,0.47424,0.52576
106.80000,1.01193,0.37900,0.62100
106.92000,1.01194,0.48449,0.51551
107.04000,1.01194,0.28246,0.71754
107.16000,1.01193,0.50811,0.49189
107.28000,1.01194,0.17364,0.82636
107.40000,1.01193,0.45538,0.54462
107.52000,1.01194,0.23000,0.77000
107.64000,1.01194,0.59539,0.40461
107.76000,1.01193,0.41020,0.58980
107.88000,1.01194,0.52520,0.47480
108.00000,1.01194,0.46464,0.53536
108.12000,1.01193,0.59715,0.40285
108.24000,1.01194,0.44860,0.55140
108.36000,1.01194,0.55153,0.44847
108.48000,1.01193,0.49543,0.50457
108.60000,1.01194,0.59696,0.40304
108.72000,1.01194,0.45877,0.54123
108.84000,1.01194,0.66878,0.33122
108.96000,1.01194,0.54610,0.45390
109.08000,1.01193,0.72771,0.27229
109.20000,1.01194,0.59307,0.40693
109.32000,1.01194,0.75234,0.24766
109.44000,1.01193,0.66102,0.33897
109.56000,1.01194,0.64100,0.35900
109.68000,1.01194,0.68005,0.31995
109.80000,1.01193,0.65114,0.34886
109.92000,1.01194,0.63302,0.36698
110.04000,1.01194,0.51504,0.48496
110.16000,1.01193,0.55572,0.44428
110.28000,1.01194,0.42575,0.57425
110.40000,1.01193,0.58366,0.41634
110.52000,1.01194,0.46394,0.53606
110.64000,1.01194,0.57911,0.42089
110.76000,1.01193,0.47113,0.52887
110.88000,1.01194,0.62507,0.37493
111.00000,1.01194,0.52141,0.47859
111.12000,1.01193,0.61198,0.38802
111.24000,1.01194,0.50374,0.49626
111.36000,1.01194,0.58558,0.41442
111.48000,1.01193,0.61708,0.38292
111.60000,1.01194,0.52655,0.47345
111.72000,1.01194,0.62388,0.37612
111.84000,1.01194,0.53801,0.46199
111.96000,1.01194,0.64233,0.35767
112.08000,1.01193,0.51764,0.48236
112.20000,1.01194,0.54885,0.45115
112.32000,1.01194,0.49101,0.50899
112.44000,1.01193,0.48257,0.51743
112.56000,1.01194,0.54245,0.45755
112.68000,1.01194,0.57755,0.42245
112.80000,1.01193,0.58142,0.41858
112.92000,1.01194,0.64233,0.35767
113.04000,1.01194,0.67058,0.32942
113.16000,1.01193,0.65222,0.34778
113.28000,1.01194,0.70437,0.29563
113.40000,1.01193,0.49802,0.50198
113.52000,1.01194,0.68252,0.31748
113.64000,1.01194,0.43834,0.56166
113.76000,1.01193,0.63796,0.36204
113.88000,1.01194,0.44989,0.55011
114.00000,1.01194,0.64750,0.35250
114.12000,1.01193,0.37063,0.62937
114.24000,1.01194,0.53103,0.46897
114.36000,1.01194,0.43788,0.56212
114.48000,1.01193,0.47614,0.52386
114.60000,1.01194,0.54253,0.45747
114.72000,1.01194,0.54270,0.45730
114.84000,1.01194,0.58483,0.41517
114.96000,1.01194,0.48358,0.51642
115.08000,1.01193,0.58020,0.41980
115.20000,1.01194,0.46677,0.53323
115.32000,1.01194,0.62848,0.37152
115.44000,1.01193,0.50333,0.49667
115.56000,1.01194,0.57172,0.42828
115.68000,1.01194,0.45248,0.54752
115.80000,1.01193,0.62656,0.37344
115.92000,1.01194,0.60429,0.39571
116.04000,1.01194,0.62469,0.37531
116.16000,1.01193,0.61829,0.38171
116.28000,1.01194,0.66820,0.33180
116.40000,1.01193,0.72021,0.27979
116.52000,1.01194,0.70645,0.29355
116.64000,1.01194,0.67534,0.32466
116.76000,1.01193,0.74033,0.25967
116.88000,1.01194,0.68414,0.31586
117.00000,1.01194,0.74778,0.25222
117.12000,1.01193,0.62184,0.37816
117.24000,1.01194,0.67322,0.32678
117.36000,1.01194,0.54277,0.45723
117.48000,1.01193,0.47628,0.52372
117.60000,1.01194,0.52755,0.47245
117.72000,1.01194,0.60762,0.39238
117.84000,1.01194,0.52937,0.47063
117.96000,1.01194,0.53629,0.46371
118.08000,1.01193,0.43113,0.56887
118.20000,1.01194,0.54762,0.45238
118.32000,1.01194,0.48468,0.51532
118.44000,1.01193,0.60685,0.39315
118.56000,1.01194,0.49639,0.50361
118.68000,1.01194,0.56968,0.43032
118.80000,1.01193,0.48094,0.51906
118.92000,1.01194,0.62084,0.37916
119.04000,1.01194,0.54884,0.45116
119.16000,1.01193,0.52850,0.47150
119.28000,1.01194,0.49716,0.50284
119.40000,1.01193,0.59111,0.40889
119.52000,1.01194,0.50149,0.49851
119.64000,1.01194,0.51129,0.48871
119.76000,1.01193,0.55739,0.44261
119.88000,1.01194,0.57425,0.42575
120.00000,1.01194,0.53678,0.46322
120.12000,1.01193,0.53163,0.46837
120.24000,1.01194,0.38638,0.61362
120.36000,1.01194,0.52515,0.47485
120.48000,1.01193,0.37866,0.62134
120.60000,1.01194,0.55144,0.44856
120.72000,1.01194,0.33697,0.66303
120.84000,1.01194,0.47473,0.52527
120.96000,1.01194,0.46387,0.53613
121.08000,1.01193,0.49916,0.50084
121.20000,1.01194,0.47257,0.52743
121.32000,1.01194,0.58913,0.41087
121.44000,1.01193,0.53870,0.46130
121.56000,1.01194,0.62355,0.37645
121.68000,1.01194,0.57856,0.42144
121.80000,1.01193,0.59898,0.40102
121.92000,1.01194,0.53672,0.46328
122.04000,1.01194,0.53072,0.46928
122.16000,1.01193,0.54624,0.45376
122.28000,1.01194,0.46939,0.53061
122.40000,1.01193,0.52732,0.47268
122.52000,1.01194,0.32329,0.67671
122.64000,1.01194,0.58336,0.41664
122.76000,1.01193,0.41425,0.58575
122.88000,1.01194,0.51683,0.48317
123.00000,1.01194,0.52703,0.47297
123.12000,1.01193,0.62843,0.37157
123.24000,1.01194,0.61521,0.38479
123.36000,1.01194,0.53219,0.46781
123.48000,1.01193,0.56129,0.43871
123.60000,1.01194,0.56667,0.43333
123.72000,1.01194,0.54636,0.45364
123.84000,1.01194,0.58530,0.41470
123.96000,1.01194,0.53367,0.46633
124.08000,1.01193,0.49068,0.50932
124.20000,1.01194,0.52777,0.47223
124.32000,1.01194,0.48832,0.51168
124.44000,1.01193,0.48529,0.51471
124.56000,1.01194,0.54796,0.45204
124.68000,1.01194,0.56297,0.43703
124.80000,1.01193,0.56358,0.43642
124.92000,1.01194,0.41751,0.58249
125.04000,1.01194,0.52622,0.47378
125.16000,1.01193,0.58767,0.41233
125.28000,1.01194,0.49927,0.50073
125.40000,1.01193,0.48044,0.51956
125.52000,1.01194,0.52353,0.47647
125.64000,1.01194,0.55096,0.44904
125.76000,1.01193,0.48902,0.51098
125.88000,1.01194,0.54047,0.45953
126.00000,1.01194,0.53111,0.46889
126.12000,1.01193,0.61930,0.38070
126.24000,1.01194,0.53970,0.46030
126.36000,1.01194,0.57691,0.42309
126.48000,1.01193,0.50470,0.49530
126.60000,1.01194,0.53960,0.46040
126.72000,1.01194,0.55761,0.44239
126.84000,1.01194,0.59591,0.40409
126.96000,1.01194,0.61980,0.38020
127.08000,1.01193,0.54140,0.45860
127.20000,1.01195,0.53790,0.46210
127.32000,1.01194,0.63030,0.36970
127.44000,1.01193,0.59407,0.40593
127.56000,1.01193,0.66392,0.33608
127.68000,1.01194,0.53014,0.46986
127.80000,1.01193,0.52528,0.47472
127.92000,1.01193,0.44024,0.55976
128.03999,1.01195,0.52756,0.47244
128.16000,1.01193,0.49414,0.50586
128.28000,1.01193,0.57590,0.42410
128.39999,1.01195,0.60220,0.39780
128.52000,1.01193,0.57486,0.42514
128.64000,1.01193,0.48804,0.51196
128.75999,1.01195,0.63660,0.36340
128.88000,1.01193,0.59854,0.40146
129.00000,1.01193,0.62829,0.37171
129.12000,1.01195,0.50321,0.49679
129.24001,1.01193,0.62012,0.37988
129.36000,1.01193,0.60790,0.39210
129.48000,1.01195,0.64193,0.35807
129.60001,1.01193,0.69974,0.30026
129.72000,1.01193,0.63289,0.36711
129.84000,1.01195,0.71980,0.28020
129.96001,1.01193,0.72657,0.27343
130.08000,1.01193,0.71482,0.28518
130.20000,1.01195,0.72291,0.27709
130.32001,1.01193,0.69030,0.30970
130.44000,1.01193,0.72148,0.27852
130.56000,1.01193,0.62371,0.37629
130.67999,1.01195,0.64475,0.35525
130.80000,1.01193,0.60984,0.39016
130.92000,1.01193,0.63509,0.36491
131.03999,1.01195,0.55839,0.44161
131.16000,1.01193,0.63655,0.36345
131.28000,1.01193,0.47192,0.52808
131.39999,1.01195,0.64753,0.35247
131.52000,1.01193,0.51252,0.48748
131.64000,1.01193,0.71789,0.28211
131.75999,1.01195,0.56150,0.43850
131.88000,1.01193,0.69512,0.30488
132.00000,1.01193,0.62616,0.37384
132.12000,1.01195,0.62771,0.37229
132.24001,1.01193,0.65950,0.34050
132.36000,1.01193,0.63119,0.36881
132.48000,1.01195,0.60518,0.39482
132.60001,1.01193,0.61828,0.38172
132.72000,1.01193,0.58560,0.41440
132.84000,1.01195,0.62548,0.37452
132.96001,1.01193,0.63270,0.36730
133.08000,1.01193,0.60886,0.39114
133.20000,1.01195,0.64715,0.35285
133.32001,1.01193,0.58637,0.41363
133.44000,1.01193,0.58364,0.41636
133.56000,1.01193,0.57907,0.42093
133.67999,1.01195,0.45670,0.54330
133.80000,1.01193,0.56066,0.43934
133.92000,1.01193,0.43114,0.56886
134.03999,1.01195,0.61907,0.38093
134.16000,1.01193,0.49760,0.50240
134.28000,1.01193,0.57202,0.42798
134.39999,1.01195,0.47179,0.52821
134.52000,1.01193,0.54095,0.45905
134.64000,1.01193,0.45077,0.54923
134.75999,1.01195,0.51740,0.48260
134.88000,1.01193,0.51265,0.48735
135.00000,1.01193,0.48386,0.51614
135.12000,1.01195,0.47661,0.52339
135.24001,1.01193,0.38142,0.61858
135.36000,1.01193,0.51238,0.48762
135.48000,1.01195,0.42548,0.57452
135.60001,1.01193,0.50261,0.49739
135.72000,1.01193,0.43414,0.56586
135.84000,1.01195,0.53302,0.46698
135.96001,1.01193,0.52838,0.47162
136.08000,1.01193,0.43394,0.56606
136.20000,1.01195,0.67135,0.32865
136.32001,1.01193,0.53606,0.46394
136.44000,1.01193,0.70699,0.29301
136.56000,1.01193,0.43790,0.56210
136.67999,1.01195,0.66867,0.33133
136.80000,1.01193,0.53468,0.46532
136.92000,1.01193,0.61831,0.38169
137.03999,1.01195,0.51244,0.48756
137.16000,1.01193,0.59669,0.40331
137.28000,1.01193,0.51180,0.48820
137.39999,1.01195,0.60880,0.39120
137.52000,1.01193,0.56689,0.43311
137.64000,1.01193,0.56470,0.43530
137.75999,1.01195,0.64701,0.35299
137.88000,1.01193,0.61469,0.38531
138.00000,1.01193,0.59862,0.40138
138.12000,1.01195,0.58397,0.41603
138.24001,1.01193,0.67771,0.32229
138.36000,1.01193,0.53289,0.46711
138.48000,1.01195,0.58355,0.41645
138.60001,1.01193,0.58019,0.41981
138.72000,1.01193,0.55367,0.44633
138.84000,1.01195,0.69465,0.30535
138.96001,1.01193,0.52747,0.47253
139.08000,1.01193,0.58926,0.41074
139.20000,1.01195,0.48634,0.51366
139.32001,1.01193,0.61211,0.38789
139.44000,1.01193,0.50196,0.49804
139.56000,1.01193,0.56096,0.43904
139.67999,1.01195,0.51413,0.48587
139.80000,1.01193,0.58571,0.41429
139.92000,1.01193,0.52115,0.47885
140.03999,1.01195,0.57983,0.42017
140.16000,1.01193,0.50655,0.49345
140.28000,1.01193,0.58074,0.41926
140.39999,1.01195,0.60264,0.39736
140.52000,1.01193,0.56563,0.43437
140.64000,1.01193,0.60787,0.39213
140.75999,1.01195,0.64910,0.35090
140.88000,1.01193,0.67107,0.32893
141.00000,1.01193,0.68590,0.31410
141.12000,1.01195,0.53194,0.46806
141.24001,1.01193,0.52675,0.47325
141.36000,1.01193,0.36743,0.63257
141.48000,1.01195,0.33184,0.66816
141.60001,1.01193,0.32687,0.67313
141.72000,1.01193,0.39598,0.60402
141.84000,1.01195,0.29527,0.70473
141.96001,1.01193,0.39045,0.60955
142.08000,1.01193,0.44202,0.55798
142.20000,1.01195,0.52200,0.47800
142.32001,1.01193,0.62195,0.37805
142.44000,1.01193,0.53570,0.46430
142.56000,1.01193,0.64814,0.35186
142.67999,1.01195,0.51120,0.48880
142.80000,1.01193,0.60459,0.39541
142.92000,1.01193,0.52744,0.47256
143.03999,1.01195,0.56280,0.43720
143.16000,1.01193,0.57132,0.42868
143.28000,1.01193,0.57862,0.42138
143.39999,1.01195,0.60943,0.39057
143.52000,1.01193,0.54831,0.45169
143.64000,1.01193,0.50307,0.49693
143.75999,1.01195,0.65494,0.34506
143.88000,1.01193,0.51879,0.48121
144.00000,1.01193,0.62523,0.37477
144.12000,1.01195,0.61066,0.38934
144.24001,1.01193,0.69450,0.30550
144.36000,1.01193,0.54843,0.45157
144.48000,1.01195,0.61183,0.38817
144.60001,1.01193,0.57092,0.42908
144.72000,1.01193,0.60383,0.39617
144.84000,1.01195,0.52156,0.47844
144.96001,1.01193,0.64078,0.35922
145.08000,1.01193,0.56721,0.43279
145.20000,1.01195,0.60037,0.39963
145.32001,1.01193,0.59138,0.40862
145.44000,1.01193,0.59132,0.40868
145.56000,1.01193,0.52211,0.47789
145.67999,1.01195,0.53165,0.46835
145.80000,1.01193,0.52960,0.47040
145.92000,1.01193,0.51499,0.48501
146.03999,1.01195,0.52418,0.47582
146.16000,1.01193,0.57218,0.42782
146.28000,1.01193,0.55037,0.44963
146.39999,1.01195,0.46785,0.53215
146.52000,1.01193,0.61679,0.38321
146.64000,1.01193,0.48857,0.51143
146.75999,1.01195,0.60892,0.39108
146.88000,1.01193,0.43737,0.56263
147.00000,1.01193,0.57741,0.42259
147.12000,1.01195,0.54165,0.45835
147.24001,1.01193,0.60399,0.39601
147.36000,1.01193,0.54532,0.45468
147.48000,1.01195,0.53836,0.46164
147.60001,1.01193,0.47647,0.52353
147.72000,1.01193,0.60523,0.39477
147.84000,1.01195,0.54950,0.45050
147.96001,1.01193,0.58838,0.41162
148.08000,1.01193,0.45612,0.54388
148.20000,1.01195,0.57388,0.42612
148.32001,1.01193,0.44988,0.55012
148.44000,1.01193,0.50584,0.49416
148.56000,1.01193,0.40419,0.59581
148.67999,1.01195,0.24220,0.75780
148.80000,1.01193,0.41664,0.58336
148.92000,1.01193,0.23258,0.76742
149.03999,1.01195,0.34139,0.65861
149.16000,1.01193,0.17462,0.82538
149.28000,1.01193,0.33134,0.66866
149.39999,1.01195,0.30364,0.69636
149.52000,1.01193,0.34777,0.65223
149.64000,1.01193,0.46033,0.53967
149.75999,1.01195,0.47721,0.52279
149.88000,1.01193,0.52767,0.47233
150.00000,1.01193,0.56379,0.43621
150.12000,1.01195,0.36698,0.63302
150.24001,1.01193,0.59357,0.40643
150.36000,1.01193,0.34395,0.65605
150.48000,1.01195,0.50352,0.49648
150.60001,1.01193,0.31573,0.68427
150.72000,1.01193,0.39989,0.60011
150.84000,1.01195,0.43969,0.56031
150.96001,1.01193,0.40597,0.59403
151.08000,1.01193,0.52562,0.47438
151.20000,1.01195,0.43670,0.56330
151.32001,1.01193,0.63319,0.36681
151.44000,1.01193,0.53601,0.46399
151.56000,1.01193,0.56294,0.43706
151.67999,1.01195,0.59268,0.40732
151.80000,1.01193,0.53228,0.46772
151.92000,1.01193,0.63931,0.36069
152.03999,1.01195,0.57597,0.42403
152.16000,1.01193,0.64745,0.35255
152.28000,1.01193,0.55180,0.44820
152.39999,1.01195,0.60037,0.39963
152.52000,1.01193,0.62568,0.37432
152.64000,1.01193,0.61762,0.38238
152.75999,1.01195,0.63216,0.36784
152.88000,1.01193,0.58186,0.41814
153.00000,1.01193,0.46966,0.53034
153.12000,1.01195,0.48439,0.51561
153.24001,1.01193,0.45723,0.54277
153.36000,1.01193,0.57414,0.42586
153.48000,1.01195,0.32538,0.67462
153.60001,1.01193,0.58280,0.41720
153.72000,1.01193,0.45774,0.54226
153.84000,1.01195,0.56793,0.43207
153.96001,1.01193,0.51671,0.48329
154.08000,1.01193,0.41287,0.58713
154.20000,1.01195,0.60792,0.39208
154.32001,1.01193,0.34581,0.65419
154.44000,1.01193,0.47124,0.52876
154.56000,1.01193,0.29349,0.70651
154.67999,1.01195,0.40886,0.59114
154.80000,1.01193,0.40957,0.59043
154.92000,1.01193,0.37853,0.62147
155.03999,1.01195,0.47427,0.52573
155.16000,1.01193,0.49961,0.50039
155.28000,1.01193,0.53366,0.46634
155.39999,1.01195,0.60331,0.39669
155.52000,1.01193,0.52020,0.47980
155.64000,1.01193,0.56414,0.43586
155.75999,1.01195,0.58959,0.41041
155.88000,1.01193,0.52182,0.47818
156.00000,1.01193,0.59223,0.40777
156.12000,1.01195,0.47088,0.52912
156.24001,1.01193,0.59936,0.40064
156.36000,1.01193,0.49071,0.50929
156.48000,1.01195,0.48774,0.51226
156.60001,1.01193,0.49131,0.50869
156.72000,1.01193,0.51754,0.48246
156.84000,1.01195,0.47046,0.52954
156.96001,1.01193,0.53751,0.46249
157.08000,1.01193,0.62917,0.37083
157.20000,1.01195,0.58134,0.41866
157.32001,1.01193,0.67966,0.32034
157.44000,1.01193,0.53423,0.46577
157.56000,1.01193,0.66314,0.33686
157.67999,1.01195,0.50273,0.49727
157.80000,1.01193,0.58324,0.41676
157.92000,1.01193,0.57195,0.42805
158.03999,1.01195,0.51838,0.48162
158.16000,1.01193,0.52105,0.47895
158.28000,1.01193,0.45140,0.54860
158.39999,1.01195,0.53784,0.46216
158.52000,1.01193,0.39765,0.60235
158.64000,1.01193,0.48534,0.51466
158.75999,1.01195,0.52335,0.47665
158.88000,1.01193,0.57559,0.42441
159.00000,1.01193,0.59106,0.40894
159.12000,1.01195,0.61460,0.38540
159.24001,1.01193,0.68427,0.31573
159.36000,1.01193,0.62701,0.37299
159.48000,1.01195,0.76953,0.23047
159.60001,1.01193,0.68430,0.31570
159.72000,1.01193,0.70396,0.29604
159.84000,1.01195,0.73361,0.26639
159.96001,1.01193,0.69531,0.30469
160.08000,1.01193,0.58394,0.41606
160.20000,1.01195,0.66320,0.33680
160.32001,1.01193,0.72605,0.27395
160.44000,1.01193,0.68818,0.31182
160.56000,1.01193,0.66462,0.33538
160.67999,1.01195,0.70290,0.29710
160.80000,1.01193,0.78860,0.21140
160.92000,1.01193,0.67822,0.32178
161.03999,1.01195,0.76135,0.23865
161.16000,1.01193,0.61198,0.38802
161.28000,1.01193,0.50934,0.49066
161.39999,1.01195,0.50531,0.49469
161.52000,1.01193,0.54056,0.45944
161.64000,1.01193,0.53043,0.46957
161.75999,1.01195,0.58325,0.41675
161.88000,1.01193,0.71610,0.28390
162.00000,1.01193,0.64734,0.35266
