Time (seconds), Duration (seconds),pred_unlabeled,pred_sirens
0.00000,1.01194,0.03780,0.96220
0.12000,1.01194,0.01602,0.98398
0.24000,1.01194,0.02026,0.97974
0.36000,1.01194,0.05514,0.94486
0.48000,1.01194,0.01492,0.98508
0.60000,1.01194,0.02463,0.97537
0.72000,1.01194,0.01372,0.98628
0.84000,1.01194,0.02104,0.97896
0.96000,1.01194,0.01159,0.98841
1.08000,1.01194,0.01475,0.98525
1.20000,1.01194,0.00845,0.99155
1.32000,1.01194,0.01837,0.98163
1.44000,1.01194,0.00433,0.99567
1.56000,1.01194,0.01597,0.98403
1.68000,1.01194,0.01041,0.98959
1.80000,1.01194,0.00513,0.99487
1.92000,1.01194,0.02297,0.97703
2.04000,1.01194,0.01874,0.98126
2.16000,1.01194,0.00438,0.99562
2.28000,1.01194,0.02114,0.97886
2.40000,1.01194,0.01838,0.98162
2.52000,1.01194,0.00405,0.99595
2.64000,1.01194,0.01844,0.98156
2.76000,1.01194,0.01300,0.98700
2.88000,1.01194,0.00755,0.99245
3.00000,1.01194,0.02016,0.97984
3.12000,1.01194,0.02595,0.97405
3.24000,1.01194,0.00587,0.99413
3.36000,1.01194,0.01448,0.98552
3.48000,1.01194,0.03171,0.96829
3.60000,1.01194,0.00539,0.99461
3.72000,1.01194,0.01888,0.98112
3.84000,1.01194,0.03049,0.96951
3.96000,1.01194,0.00554,0.99446
4.08000,1.01194,0.02406,0.97594
4.20000,1.01194,0.03290,0.96710
4.32000,1.01194,0.01566,0.98434
4.44000,1.01194,0.01323,0.98677
4.56000,1.01194,0.04090,0.95910
4.68000,1.01194,0.00787,0.99213
4.80000,1.01194,0.01435,0.98565
4.92000,1.01194,0.02474,0.97526
5.04000,1.01194,0.00783,0.99217
5.16000,1.01194,0.00915,0.99085
5.28000,1.01194,0.02381,0.97619
5.40000,1.01194,0.00612,0.99388
5.52000,1.01194,0.00993,0.99007
5.64000,1.01194,0.02084,0.97916
5.76000,1.01194,0.00783,0.99217
5.88000,1.01194,0.00484,0.99516
6.00000,1.01194,0.03285,0.96715
6.12000,1.01194,0.00449,0.99551
6.24000,1.01194,0.00779,0.99221
6.36000,1.01194,0.01037,0.98963
6.48000,1.01194,0.01204,0.98796
6.60000,1.01194,0.00319,0.99681
6.72000,1.01194,0.02088,0.97912
6.84000,1.01194,0.02565,0.97435
6.96000,1.01194,0.00417,0.99583
7.08000,1.01194,0.02085,0.97915
7.20000,1.01194,0.01506,0.98494
7.32000,1.01194,0.00885,0.99115
7.44000,1.01194,0.01807,0.98193
7.56000,1.01194,0.03712,0.96288
7.68000,1.01194,0.00779,0.99221
7.80000,1.01194,0.01821,0.98179
7.92000,1.01194,0.01539,0.98461
8.04000,1.01194,0.01548,0.98452
8.16000,1.01194,0.01993,0.98007
8.28000,1.01194,0.02782,0.97218
8.40000,1.01194,0.01143,0.98857
8.52000,1.01194,0.02043,0.97957
8.64000,1.01194,0.01371,0.98629
8.76000,1.01194,0.02220,0.97780
8.88000,1.01194,0.02166,0.97834
9.00000,1.01194,0.03425,0.96575
9.12000,1.01194,0.02073,0.97927
9.24000,1.01194,0.03161,0.96839
9.36000,1.01194,0.02067,0.97933
9.48000,1.01194,0.03375,0.96625
9.60000,1.01194,0.02132,0.97868
9.72000,1.01194,0.05343,0.94657
9.84000,1.01194,0.01601,0.98399
9.96000,1.01194,0.02301,0.97699
10.08000,1.01194,0.01716,0.98284
10.20000,1.01194,0.02234,0.97766
10.32000,1.01194,0.00936,0.99064
10.44000,1.01194,0.03275,0.96725
10.56000,1.01194,0.00765,0.99235
10.68000,1.01194,0.01451,0.98549
10.80000,1.01194,0.00762,0.99238
10.92000,1.01194,0.01555,0.98445
11.04000,1.01194,0.00744,0.99256
11.16000,1.01194,0.01883,0.98117
11.28000,1.01194,0.00705,0.99295
11.40000,1.01194,0.01297,0.98703
11.52000,1.01194,0.01025,0.98975
11.64000,1.01194,0.01210,0.98790
11.76000,1.01194,0.01370,0.98630
11.88000,1.01194,0.01979,0.98021
12.00000,1.01194,0.01310,0.98690
12.12000,1.01194,0.01152,0.98848
12.24000,1.01194,0.02961,0.97039
12.36000,1.01194,0.01340,0.98660
12.48000,1.01194,0.03251,0.96749
12.60000,1.01194,0.01097,0.98903
12.72000,1.01194,0.01756,0.98244
12.84000,1.01194,0.00946,0.99054
12.96000,1.01194,0.02536,0.97464
13.08000,1.01194,0.01175,0.98825
13.20000,1.01194,0.05081,0.94919
13.32000,1.01194,0.01063,0.98937
13.44000,1.01194,0.02088,0.97912
13.56000,1.01194,0.01789,0.98211
13.68000,1.01194,0.01861,0.98139
13.80000,1.01194,0.02337,0.97663
13.92000,1.01194,0.05082,0.94918
14.04000,1.01194,0.01372,0.98628
14.16000,1.01194,0.02295,0.97705
14.28000,1.01194,0.01608,0.98392
14.40000,1.01194,0.02065,0.97935
14.52000,1.01194,0.01908,0.98092
14.64000,1.01194,0.04676,0.95324
14.76000,1.01194,0.01632,0.98368
14.88000,1.01194,0.01966,0.98034
15.00000,1.01194,0.01425,0.98575
15.12000,1.01194,0.01833,0.98167
15.24000,1.01194,0.01171,0.98829
15.36000,1.01194,0.01017,0.98983
15.48000,1.01194,0.00732,0.99268
15.60000,1.01194,0.01917,0.98083
15.72000,1.01194,0.00366,0.99634
15.84000,1.01194,0.01633,0.98367
15.96000,1.01194,0.01011,0.98989
16.08000,1.01194,0.00437,0.99563
16.20000,1.01194,0.02633,0.97367
16.32000,1.01194,0.01607,0.98393
16.44000,1.01194,0.00583,0.99417
16.56000,1.01194,0.01918,0.98082
16.68000,1.01194,0.01894,0.98106
16.80000,1.01194,0.00478,0.99522
16.92000,1.01194,0.02706,0.97294
17.04000,1.01194,0.01548,0.98452
17.16000,1.01194,0.00788,0.99212
17.28000,1.01194,0.02051,0.97949
17.40000,1.01194,0.02252,0.97748
17.52000,1.01194,0.00420,0.99580
17.64000,1.01194,0.01747,0.98253
17.76000,1.01194,0.01646,0.98354
17.88000,1.01194,0.00801,0.99199
18.00000,1.01194,0.02050,0.97950
18.12000,1.01194,0.02309,0.97691
18.24000,1.01194,0.00541,0.99459
18.36000,1.01194,0.01596,0.98404
18.48000,1.01194,0.04038,0.95962
18.60000,1.01194,0.00660,0.99340
18.72000,1.01194,0.02178,0.97822
18.84000,1.01194,0.03398,0.96602
18.96000,1.01194,0.00971,0.99029
19.08000,1.01194,0.02172,0.97828
19.20000,1.01194,0.03204,0.96796
19.32000,1.01194,0.01253,0.98747
19.44000,1.01194,0.02152,0.97848
19.56000,1.01194,0.03656,0.96344
19.68000,1.01194,0.01345,0.98655
19.80000,1.01194,0.01854,0.98146
19.92000,1.01194,0.04137,0.95863
20.04000,1.01194,0.01373,0.98627
20.16000,1.01194,0.01044,0.98956
20.28000,1.01194,0.03133,0.96867
20.40000,1.01194,0.00532,0.99468
20.52000,1.01194,0.01075,0.98925
20.64000,1.01194,0.01835,0.98165
20.76000,1.01194,0.00854,0.99146
20.88000,1.01194,0.00451,0.99549
21.00000,1.01194,0.03922,0.96078
21.12000,1.01194,0.00896,0.99104
21.24000,1.01194,0.00791,0.99209
21.36000,1.01194,0.02097,0.97903
21.48000,1.01194,0.01727,0.98273
21.60000,1.01194,0.00341,0.99659
21.72000,1.01194,0.01716,0.98284
21.84000,1.01194,0.02863,0.97137
21.96000,1.01194,0.00446,0.99554
22.08000,1.01194,0.01721,0.98279
22.20000,1.01194,0.01513,0.98487
22.32000,1.01194,0.01046,0.98954
22.44000,1.01194,0.01128,0.98872
22.56000,1.01194,0.03406,0.96594
22.68000,1.01194,0.00535,0.99465
22.80000,1.01194,0.01966,0.98034
22.92000,1.01194,0.01066,0.98934
23.04000,1.01194,0.01439,0.98561
23.16000,1.01194,0.01882,0.98118
23.28000,1.01194,0.02919,0.97081
23.40000,1.01194,0.01106,0.98894
23.52000,1.01194,0.02288,0.97712
23.64000,1.01194,0.01663,0.98337
23.76000,1.01194,0.02595,0.97405
23.88000,1.01194,0.02133,0.97867
24.00000,1.01194,0.05357,0.94643
24.12000,1.01194,0.01974,0.98026
24.24000,1.01194,0.03297,0.96703
24.36000,1.01194,0.01946,0.98054
24.48000,1.01194,0.03879,0.96121
24.60000,1.01194,0.01663,0.98337
24.72000,1.01194,0.03683,0.96317
24.84000,1.01194,0.01697,0.98303
24.96000,1.01194,0.01772,0.98228
25.08000,1.01194,0.01355,0.98645
25.20000,1.01194,0.02473,0.97527
25.32000,1.01194,0.01133,0.98867
25.44000,1.01194,0.02134,0.97866
25.56000,1.01194,0.01222,0.98778
25.68000,1.01194,0.01845,0.98155
25.80000,1.01194,0.01327,0.98673
25.92000,1.01194,0.01597,0.98403
26.04000,1.01194,0.00927,0.99073
26.16000,1.01194,0.03406,0.96594
26.28000,1.01194,0.00695,0.99305
26.40000,1.01194,0.01446,0.98554
26.52000,1.01194,0.01167,0.98833
26.64000,1.01194,0.01180,0.98820
26.76000,1.01194,0.01514,0.98486
26.88000,1.01194,0.01346,0.98654
27.00000,1.01194,0.01710,0.98290
27.12000,1.01194,0.01166,0.98834
27.24000,1.01194,0.02861,0.97139
27.36000,1.01194,0.01577,0.98423
27.48000,1.01194,0.04588,0.95412
27.60000,1.01194,0.00988,0.99012
27.72000,1.01194,0.01496,0.98504
27.84000,1.01194,0.01480,0.98520
27.96000,1.01194,0.02187,0.97813
28.08000,1.01194,0.01640,0.98360
28.20000,1.01194,0.04555,0.95445
28.32000,1.01194,0.01086,0.98914
28.44000,1.01194,0.01670,0.98330
28.56000,1.01194,0.01599,0.98401
28.68000,1.01194,0.01661,0.98339
28.80000,1.01194,0.01857,0.98143
28.92000,1.01194,0.05880,0.94120
29.04000,1.01194,0.01313,0.98687
29.16000,1.01194,0.02308,0.97692
29.28000,1.01194,0.01737,0.98263
29.40000,1.01194,0.02540,0.97460
29.52000,1.01194,0.01539,0.98461
29.64000,1.01194,0.03955,0.96045
29.76000,1.01194,0.01499,0.98501
29.88000,1.01194,0.01466,0.98534
30.00000,1.01194,0.01022,0.98978
30.12000,1.01194,0.01556,0.98444
30.24000,1.01194,0.01084,0.98916
30.36000,1.01194,0.00671,0.99329
30.48000,1.01194,0.01077,0.98923
30.60000,1.01194,0.02104,0.97896
