Time (seconds), Duration (seconds),pred_unlabeled,pred_sirens
0.00000,1.01194,0.73457,0.26543
0.12000,1.01194,0.76103,0.23897
0.24000,1.01194,0.70065,0.29935
0.36000,1.01194,0.70208,0.29792
0.48000,1.01194,0.46908,0.53092
0.60000,1.01194,0.65929,0.34071
0.72000,1.01194,0.24540,0.75460
0.84000,1.01194,0.35025,0.64975
0.96000,1.01194,0.13293,0.86707
1.08000,1.01194,0.29956,0.70044
1.20000,1.01194,0.33035,0.66965
1.32000,1.01194,0.46452,0.53548
1.44000,1.01194,0.51712,0.48288
1.56000,1.01194,0.52728,0.47272
1.68000,1.01194,0.68868,0.31132
1.80000,1.01194,0.64981,0.35019
1.92000,1.01194,0.60425,0.39575
2.04000,1.01194,0.41754,0.58246
2.16000,1.01194,0.44615,0.55385
2.28000,1.01194,0.35380,0.64620
2.40000,1.01194,0.26851,0.73149
2.52000,1.01194,0.25047,0.74953
2.64000,1.01194,0.26369,0.73631
2.76000,1.01194,0.29007,0.70993
2.88000,1.01194,0.36354,0.63646
3.00000,1.01194,0.37726,0.62274
3.12000,1.01194,0.42938,0.57062
3.24000,1.01194,0.46007,0.53993
3.36000,1.01194,0.50671,0.49329
3.48000,1.01194,0.38311,0.61689
3.60000,1.01194,0.31375,0.68625
3.72000,1.01194,0.23340,0.76660
3.84000,1.01194,0.13789,0.86211
3.96000,1.01194,0.13610,0.86390
4.08000,1.01194,0.04170,0.95830
4.20000,1.01194,0.10952,0.89048
4.32000,1.01194,0.06823,0.93177
4.44000,1.01194,0.13334,0.86666
4.56000,1.01194,0.11947,0.88053
4.68000,1.01194,0.37457,0.62543
4.80000,1.01194,0.21015,0.78985
4.92000,1.01194,0.21918,0.78082
5.04000,1.01194,0.20482,0.79518
5.16000,1.01194,0.30786,0.69214
5.28000,1.01194,0.26212,0.73788
5.40000,1.01194,0.26819,0.73181
5.52000,1.01194,0.29735,0.70265
5.64000,1.01194,0.24948,0.75052
5.76000,1.01194,0.39784,0.60216
5.88000,1.01194,0.28388,0.71612
6.00000,1.01194,0.56945,0.43055
6.12000,1.01194,0.42452,0.57548
6.24000,1.01194,0.69012,0.30988
6.36000,1.01194,0.73687,0.26313
6.48000,1.01194,0.65875,0.34125
6.60000,1.01194,0.73386,0.26614
6.72000,1.01194,0.49386,0.50614
6.84000,1.01194,0.47707,0.52293
6.96000,1.01194,0.29203,0.70797
7.08000,1.01194,0.21183,0.78817
7.20000,1.01194,0.14567,0.85433
7.32000,1.01194,0.13346,0.86654
7.44000,1.01194,0.32675,0.67325
7.56000,1.01194,0.26525,0.73475
7.68000,1.01194,0.24845,0.75155
7.80000,1.01194,0.14436,0.85564
7.92000,1.01194,0.38777,0.61223
8.04000,1.01194,0.11404,0.88596
8.16000,1.01194,0.14915,0.85085
8.28000,1.01194,0.12024,0.87976
8.40000,1.01194,0.06658,0.93342
8.52000,1.01194,0.08693,0.91307
8.64000,1.01194,0.07027,0.92973
8.76000,1.01194,0.07463,0.92537
8.88000,1.01194,0.08086,0.91914
9.00000,1.01194,0.12449,0.87551
9.12000,1.01194,0.11437,0.88563
9.24000,1.01194,0.22575,0.77425
9.36000,1.01194,0.12353,0.87647
9.48000,1.01194,0.23186,0.76814
9.60000,1.01194,0.15155,0.84845
9.72000,1.01194,0.15963,0.84037
9.84000,1.01194,0.05130,0.94870
9.96000,1.01194,0.21180,0.78820
10.08000,1.01194,0.12903,0.87097
10.20000,1.01194,0.32840,0.67160
10.32000,1.01194,0.17946,0.82054
10.44000,1.01194,0.33950,0.66050
10.56000,1.01194,0.30465,0.69535
10.68000,1.01194,0.48300,0.51700
10.80000,1.01194,0.53500,0.46500
10.92000,1.01194,0.46454,0.53546
11.04000,1.01194,0.56620,0.43380
11.16000,1.01194,0.51107,0.48893
11.28000,1.01194,0.37168,0.62832
11.40000,1.01194,0.51341,0.48659
11.52000,1.01194,0.22071,0.77929
11.64000,1.01194,0.21648,0.78352
11.76000,1.01194,0.15096,0.84904
11.88000,1.01194,0.13514,0.86486
12.00000,1.01194,0.24725,0.75275
12.12000,1.01194,0.30566,0.69434
12.24000,1.01194,0.17279,0.82721
12.36000,1.01194,0.15687,0.84313
12.48000,1.01194,0.28924,0.71076
12.60000,1.01194,0.24120,0.75880
12.72000,1.01194,0.21411,0.78589
12.84000,1.01194,0.21783,0.78217
12.96000,1.01194,0.16035,0.83965
13.08000,1.01194,0.15231,0.84769
13.20000,1.01194,0.15426,0.84574
13.32000,1.01194,0.15969,0.84031
13.44000,1.01194,0.14875,0.85125
13.56000,1.01194,0.10851,0.89149
13.68000,1.01194,0.22536,0.77464
13.80000,1.01194,0.24559,0.75441
13.92000,1.01194,0.16543,0.83457
14.04000,1.01194,0.27408,0.72592
14.16000,1.01194,0.25730,0.74270
14.28000,1.01194,0.17199,0.82801
14.40000,1.01194,0.27184,0.72816
14.52000,1.01194,0.10072,0.89928
14.64000,1.01194,0.26546,0.73454
14.76000,1.01194,0.11627,0.88373
14.88000,1.01194,0.13144,0.86856
15.00000,1.01194,0.15021,0.84979
15.12000,1.01194,0.31875,0.68125
15.24000,1.01194,0.20237,0.79763
15.36000,1.01194,0.23613,0.76387
15.48000,1.01194,0.30295,0.69705
15.60000,1.01194,0.21992,0.78008
15.72000,1.01194,0.13058,0.86942
15.84000,1.01194,0.14243,0.85757
15.96000,1.01194,0.15104,0.84896
16.08000,1.01194,0.18820,0.81180
16.20000,1.01194,0.10619,0.89381
16.32000,1.01194,0.16951,0.83049
16.44000,1.01194,0.28696,0.71304
16.56000,1.01194,0.10850,0.89150
16.68000,1.01194,0.20359,0.79641
16.80000,1.01194,0.17220,0.82780
16.92000,1.01194,0.18204,0.81796
17.04000,1.01194,0.35694,0.64306
17.16000,1.01194,0.21878,0.78122
17.28000,1.01194,0.46586,0.53414
17.40000,1.01194,0.52839,0.47161
17.52000,1.01194,0.42388,0.57612
17.64000,1.01194,0.49506,0.50494
17.76000,1.01194,0.50775,0.49225
17.88000,1.01194,0.41812,0.58188
18.00000,1.01194,0.34246,0.65754
18.12000,1.01194,0.43927,0.56073
18.24000,1.01194,0.29407,0.70593
18.36000,1.01194,0.46040,0.53960
18.48000,1.01194,0.24539,0.75461
18.60000,1.01194,0.78864,0.21136
18.72000,1.01194,0.66168,0.33832
18.84000,1.01194,0.77384,0.22616
18.96000,1.01194,0.71335,0.28665
19.08000,1.01194,0.78529,0.21471
19.20000,1.01194,0.72463,0.27537
19.32000,1.01194,0.62567,0.37433
19.44000,1.01194,0.49727,0.50273
19.56000,1.01194,0.36529,0.63471
19.68000,1.01194,0.50466,0.49534
19.80000,1.01194,0.44805,0.55195
19.92000,1.01194,0.73597,0.26403
20.04000,1.01194,0.67868,0.32132
20.16000,1.01194,0.80535,0.19465
20.28000,1.01194,0.74026,0.25974
20.40000,1.01194,0.85551,0.14449
20.52000,1.01194,0.70685,0.29315
20.64000,1.01194,0.51063,0.48937
20.76000,1.01194,0.34129,0.65871
20.88000,1.01194,0.54459,0.45541
21.00000,1.01194,0.53551,0.46449
21.12000,1.01194,0.59445,0.40555
21.24000,1.01194,0.61621,0.38379
21.36000,1.01194,0.62038,0.37962
21.48000,1.01194,0.71636,0.28364
21.60000,1.01194,0.67764,0.32236
21.72000,1.01194,0.57669,0.42331
21.84000,1.01194,0.56377,0.43623
21.96000,1.01194,0.63171,0.36829
22.08000,1.01194,0.74026,0.25974
22.20000,1.01194,0.38485,0.61515
22.32000,1.01194,0.43522,0.56478
22.44000,1.01194,0.44247,0.55753
22.56000,1.01194,0.57199,0.42801
22.68000,1.01194,0.78853,0.21147
22.80000,1.01194,0.49326,0.50674
22.92000,1.01194,0.66651,0.33349
23.04000,1.01194,0.78289,0.21711
23.16000,1.01194,0.49776,0.50224
23.28000,1.01194,0.49298,0.50702
23.40000,1.01194,0.25372,0.74628
23.52000,1.01194,0.20592,0.79408
23.64000,1.01194,0.33664,0.66336
23.76000,1.01194,0.45487,0.54513
23.88000,1.01194,0.28383,0.71617
24.00000,1.01194,0.29400,0.70600
24.12000,1.01194,0.24921,0.75079
24.24000,1.01194,0.27214,0.72786
24.36000,1.01194,0.14268,0.85732
24.48000,1.01194,0.19650,0.80350
24.60000,1.01194,0.11317,0.88683
24.72000,1.01194,0.29137,0.70863
24.84000,1.01194,0.16027,0.83973
24.96000,1.01194,0.26686,0.73314
25.08000,1.01194,0.34310,0.65690
25.20000,1.01194,0.17389,0.82611
25.32000,1.01194,0.32417,0.67583
25.44000,1.01194,0.16160,0.83840
25.56000,1.01194,0.18412,0.81588
25.68000,1.01194,0.26171,0.73829
25.80000,1.01194,0.24917,0.75083
25.92000,1.01194,0.19275,0.80725
26.04000,1.01194,0.16293,0.83707
26.16000,1.01194,0.19367,0.80633
26.28000,1.01194,0.16853,0.83147
26.40000,1.01194,0.15866,0.84134
26.52000,1.01194,0.05947,0.94053
26.64000,1.01194,0.16968,0.83032
26.76000,1.01194,0.08813,0.91187
26.88000,1.01194,0.19709,0.80291
27.00000,1.01194,0.16508,0.83492
27.12000,1.01194,0.07520,0.92480
27.24000,1.01194,0.06950,0.93050
27.36000,1.01194,0.10298,0.89702
27.48000,1.01194,0.06581,0.93419
27.60000,1.01194,0.03319,0.96681
27.72000,1.01194,0.09481,0.90519
27.84000,1.01194,0.04234,0.95766
27.96000,1.01194,0.04887,0.95113
28.08000,1.01194,0.13643,0.86357
28.20000,1.01194,0.06108,0.93892
28.32000,1.01194,0.11448,0.88552
28.44000,1.01194,0.23232,0.76768
28.56000,1.01194,0.15981,0.84019
28.68000,1.01194,0.22293,0.77707
28.80000,1.01194,0.31255,0.68745
28.92000,1.01194,0.29551,0.70449
29.04000,1.01194,0.29914,0.70086
29.16000,1.01194,0.29889,0.70111
29.28000,1.01194,0.37488,0.62512
29.40000,1.01194,0.13603,0.86397
29.52000,1.01194,0.25633,0.74367
29.64000,1.01194,0.12907,0.87093
29.76000,1.01194,0.13600,0.86400
29.88000,1.01194,0.12357,0.87643
30.00000,1.01194,0.06020,0.93980
30.12000,1.01194,0.23669,0.76331
30.24000,1.01194,0.13737,0.86263
30.36000,1.01194,0.15277,0.84723
30.48000,1.01194,0.30120,0.69880
30.60000,1.01194,0.34474,0.65526
30.72000,1.01194,0.58528,0.41472
30.84000,1.01194,0.53266,0.46734
30.96000,1.01194,0.75440,0.24560
31.08000,1.01194,0.73605,0.26395
31.20000,1.01194,0.73512,0.26488
31.32000,1.01194,0.70444,0.29556
31.44000,1.01194,0.62397,0.37603
31.56000,1.01194,0.60059,0.39941
31.68000,1.01194,0.17291,0.82709
31.80000,1.01194,0.44816,0.55184
31.92000,1.01194,0.11207,0.88793
32.04000,1.01194,0.21381,0.78619
32.16000,1.01194,0.11021,0.88979
32.28000,1.01194,0.14736,0.85264
32.40000,1.01194,0.07919,0.92081
32.52000,1.01194,0.13294,0.86706
32.64000,1.01194,0.13605,0.86395
32.76000,1.01194,0.14575,0.85425
32.88000,1.01194,0.20954,0.79046
33.00000,1.01194,0.37012,0.62988
33.12000,1.01194,0.27349,0.72651
33.24000,1.01194,0.34453,0.65547
33.36000,1.01194,0.29905,0.70095
33.48000,1.01194,0.39766,0.60234
33.60000,1.01194,0.32886,0.67114
33.72000,1.01194,0.25507,0.74493
33.84000,1.01194,0.31123,0.68877
33.96000,1.01194,0.24749,0.75251
34.08000,1.01194,0.35988,0.64012
34.20000,1.01194,0.33232,0.66768
34.32000,1.01194,0.26453,0.73547
34.44000,1.01194,0.57408,0.42592
34.56000,1.01194,0.18689,0.81311
34.68000,1.01194,0.48734,0.51266
34.80000,1.01194,0.28854,0.71146
34.92000,1.01194,0.25671,0.74329
35.04000,1.01194,0.30012,0.69988
35.16000,1.01194,0.47471,0.52529
35.28000,1.01194,0.39170,0.60830
35.40000,1.01194,0.48420,0.51580
35.52000,1.01194,0.59652,0.40348
35.64000,1.01194,0.43267,0.56733
35.76000,1.01194,0.72070,0.27930
35.88000,1.01194,0.54516,0.45484
36.00000,1.01194,0.58952,0.41048
36.12000,1.01194,0.45896,0.54104
36.24000,1.01194,0.65409,0.34591
36.36000,1.01194,0.38199,0.61801
36.48000,1.01194,0.35966,0.64034
36.60000,1.01194,0.29139,0.70861
36.72000,1.01194,0.38075,0.61925
36.84000,1.01194,0.37769,0.62231
36.96000,1.01194,0.19624,0.80376
37.08000,1.01194,0.14828,0.85172
37.20000,1.01194,0.21357,0.78643
37.32000,1.01194,0.19851,0.80149
37.44000,1.01194,0.34638,0.65362
37.56000,1.01194,0.33186,0.66814
37.68000,1.01194,0.56214,0.43786
37.80000,1.01194,0.32264,0.67736
37.92000,1.01194,0.62809,0.37191
38.04000,1.01194,0.35361,0.64639
38.16000,1.01194,0.50258,0.49742
38.28000,1.01194,0.22943,0.77057
38.40000,1.01194,0.18885,0.81115
38.52000,1.01194,0.43139,0.56861
38.64000,1.01194,0.17784,0.82216
38.76000,1.01194,0.41735,0.58265
38.88000,1.01194,0.19671,0.80329
39.00000,1.01194,0.49866,0.50134
39.12000,1.01194,0.21407,0.78593
39.24000,1.01194,0.21632,0.78368
39.36000,1.01194,0.10255,0.89745
39.48000,1.01194,0.07412,0.92588
39.60000,1.01194,0.13767,0.86233
39.72000,1.01194,0.06386,0.93614
39.84000,1.01194,0.26468,0.73532
39.96000,1.01194,0.12608,0.87392
40.08000,1.01194,0.38564,0.61436
40.20000,1.01194,0.35458,0.64542
40.32000,1.01194,0.41268,0.58732
40.44000,1.01194,0.56630,0.43370
40.56000,1.01194,0.64551,0.35449
40.68000,1.01194,0.76619,0.23381
40.80000,1.01194,0.79796,0.20204
40.92000,1.01194,0.79863,0.20137
41.04000,1.01194,0.70773,0.29227
41.16000,1.01194,0.72912,0.27088
41.28000,1.01194,0.60458,0.39542
41.40000,1.01194,0.66155,0.33845
41.52000,1.01194,0.39942,0.60058
41.64000,1.01194,0.58533,0.41467
41.76000,1.01194,0.27899,0.72101
41.88000,1.01194,0.17536,0.82464
42.00000,1.01194,0.37333,0.62667
42.12000,1.01194,0.37562,0.62438
42.24000,1.01194,0.39604,0.60396
42.36000,1.01194,0.45495,0.54505
42.48000,1.01194,0.53211,0.46789
42.60000,1.01194,0.61177,0.38823
42.72000,1.01194,0.35463,0.64537
42.84000,1.01194,0.50376,0.49624
42.96000,1.01194,0.32426,0.67574
43.08000,1.01194,0.37679,0.62321
43.20000,1.01194,0.38083,0.61917
43.32000,1.01194,0.32919,0.67081
43.44000,1.01194,0.40870,0.59130
43.56000,1.01194,0.35280,0.64720
43.68000,1.01194,0.26298,0.73702
43.80000,1.01194,0.49145,0.50855
43.92000,1.01194,0.36732,0.63268
44.04000,1.01194,0.37001,0.62999
44.16000,1.01194,0.46780,0.53220
44.28000,1.01194,0.30362,0.69638
44.40000,1.01194,0.59288,0.40712
44.52000,1.01194,0.46327,0.53673
44.64000,1.01194,0.78527,0.21473
44.76000,1.01194,0.66848,0.33152
44.88000,1.01194,0.72289,0.27711
45.00000,1.01194,0.74881,0.25119
45.12000,1.01194,0.67746,0.32254
45.24000,1.01194,0.61652,0.38348
45.36000,1.01194,0.69215,0.30785
45.48000,1.01194,0.81027,0.18973
45.60000,1.01194,0.70215,0.29785
45.72000,1.01194,0.68401,0.31599
45.84000,1.01194,0.53647,0.46353
45.96000,1.01194,0.81867,0.18133
46.08000,1.01194,0.72820,0.27180
46.20000,1.01194,0.72025,0.27975
46.32000,1.01194,0.76928,0.23071
46.44000,1.01194,0.72161,0.27839
46.56000,1.01194,0.80300,0.19700
46.68000,1.01194,0.67044,0.32956
46.80000,1.01194,0.57994,0.42006
46.92000,1.01194,0.46155,0.53845
47.04000,1.01194,0.79949,0.20051
47.16000,1.01194,0.51436,0.48564
47.28000,1.01194,0.53131,0.46869
47.40000,1.01194,0.59219,0.40781
47.52000,1.01194,0.65128,0.34872
47.64000,1.01194,0.65772,0.34228
47.76000,1.01194,0.71729,0.28271
47.88000,1.01194,0.81609,0.18391
48.00000,1.01194,0.84323,0.15677
48.12000,1.01194,0.64842,0.35158
48.24000,1.01194,0.77639,0.22361
48.36000,1.01194,0.61102,0.38898
48.48000,1.01194,0.73702,0.26298
48.60000,1.01194,0.53498,0.46502
48.72000,1.01194,0.61511,0.38489
48.84000,1.01194,0.47650,0.52350
48.96000,1.01194,0.51941,0.48059
49.08000,1.01194,0.27208,0.72792
49.20000,1.01194,0.35514,0.64486
49.32000,1.01194,0.30811,0.69189
49.44000,1.01194,0.45298,0.54702
49.56000,1.01194,0.40002,0.59998
49.68000,1.01194,0.46994,0.53006
49.80000,1.01194,0.37618,0.62382
49.92000,1.01194,0.59392,0.40608
50.04000,1.01194,0.44615,0.55385
50.16000,1.01194,0.48511,0.51489
50.28000,1.01194,0.67663,0.32337
50.40000,1.01194,0.54714,0.45286
50.52000,1.01194,0.54486,0.45514
50.64000,1.01194,0.38957,0.61043
50.76000,1.01194,0.47923,0.52077
50.88000,1.01194,0.38557,0.61443
51.00000,1.01194,0.44858,0.55142
51.12000,1.01194,0.40009,0.59991
51.24000,1.01194,0.36633,0.63367
51.36000,1.01194,0.39768,0.60232
51.48000,1.01194,0.17863,0.82137
51.60000,1.01194,0.34310,0.65690
51.72000,1.01194,0.19290,0.80710
51.84000,1.01194,0.24370,0.75630
51.96000,1.01194,0.22901,0.77099
52.08000,1.01194,0.23709,0.76291
52.20000,1.01194,0.18769,0.81231
52.32000,1.01194,0.16543,0.83457
52.44000,1.01194,0.36845,0.63155
52.56000,1.01194,0.47394,0.52606
52.68000,1.01194,0.56742,0.43258
52.80000,1.01194,0.64763,0.35237
52.92000,1.01194,0.48133,0.51867
53.04000,1.01194,0.39797,0.60203
53.16000,1.01194,0.27869,0.72131
53.28000,1.01194,0.28599,0.71401
53.40000,1.01194,0.25572,0.74428
53.52000,1.01194,0.23415,0.76585
53.64000,1.01194,0.38168,0.61832
53.76000,1.01194,0.24540,0.75460
53.88000,1.01194,0.48536,0.51464
54.00000,1.01194,0.40004,0.59996
54.12000,1.01194,0.39400,0.60600
54.24000,1.01194,0.34214,0.65786
54.36000,1.01194,0.45979,0.54021
54.48000,1.01194,0.54619,0.45381
54.60000,1.01194,0.45881,0.54119
54.72000,1.01194,0.47822,0.52178
54.84000,1.01194,0.35569,0.64431
54.96000,1.01194,0.57350,0.42650
55.08000,1.01194,0.66056,0.33944
55.20000,1.01194,0.63129,0.36871
55.32000,1.01194,0.76583,0.23417
55.44000,1.01194,0.63422,0.36578
55.56000,1.01194,0.68029,0.31971
55.68000,1.01194,0.65922,0.34078
55.80000,1.01194,0.50257,0.49743
55.92000,1.01194,0.37653,0.62347
56.04000,1.01194,0.31118,0.68882
56.16000,1.01194,0.42658,0.57342
56.28000,1.01194,0.29464,0.70536
56.40000,1.01194,0.46721,0.53279
56.52000,1.01194,0.38912,0.61088
56.64000,1.01194,0.63587,0.36413
56.76000,1.01194,0.44985,0.55015
56.88000,1.01194,0.45017,0.54983
57.00000,1.01194,0.44015,0.55985
57.12000,1.01194,0.45521,0.54479
57.24000,1.01194,0.57695,0.42305
57.36000,1.01194,0.34658,0.65342
57.48000,1.01194,0.40484,0.59516
57.60000,1.01194,0.21661,0.78339
57.72000,1.01194,0.55328,0.44672
57.84000,1.01194,0.44406,0.55594
57.96000,1.01194,0.27377,0.72623
58.08000,1.01194,0.35254,0.64746
58.20000,1.01194,0.63803,0.36197
58.32000,1.01194,0.65247,0.34753
58.44000,1.01194,0.75696,0.24304
58.56000,1.01194,0.82204,0.17796
58.68000,1.01194,0.88584,0.11416
58.80000,1.01194,0.92110,0.07890
58.92000,1.01194,0.94730,0.05270
59.04000,1.01194,0.83681,0.16319
59.16000,1.01194,0.93437,0.06563
59.28000,1.01194,0.52896,0.47104
59.40000,1.01194,0.91326,0.08674
59.52000,1.01194,0.75142,0.24858
59.64000,1.01194,0.81488,0.18512
59.76000,1.01194,0.76627,0.23373
59.88000,1.01194,0.90590,0.09410
60.00000,1.01194,0.92223,0.07777
60.12000,1.01194,0.78785,0.21215
60.24000,1.01194,0.89302,0.10698
60.36000,1.01194,0.75204,0.24796
60.48000,1.01194,0.91020,0.08980
60.60000,1.01194,0.86208,0.13792
60.72000,1.01194,0.93674,0.06326
60.84000,1.01194,0.84206,0.15794
60.96000,1.01194,0.79213,0.20787
61.08000,1.01194,0.73821,0.26179
61.20000,1.01194,0.70402,0.29598
61.32000,1.01194,0.79775,0.20225
61.44000,1.01194,0.35763,0.64237
61.56000,1.01194,0.60027,0.39973
61.68000,1.01194,0.38409,0.61591
61.80000,1.01194,0.70352,0.29648
61.92000,1.01194,0.44331,0.55669
62.04000,1.01194,0.48610,0.51390
62.16000,1.01194,0.79085,0.20915
62.28000,1.01194,0.93117,0.06883
62.40000,1.01194,0.95390,0.04610
62.52000,1.01194,0.96199,0.03801
62.64000,1.01194,0.91469,0.08531
62.76000,1.01194,0.85612,0.14388
62.88000,1.01194,0.91512,0.08488
63.00000,1.01194,0.75714,0.24286
63.12000,1.01194,0.93187,0.06813
63.24000,1.01194,0.95876,0.04124
63.36000,1.01194,0.94137,0.05863
63.48000,1.01194,0.96437,0.03563
63.60000,1.01194,0.92961,0.07039
63.72000,1.01194,0.98613,0.01387
63.84000,1.01194,0.96783,0.03217
63.96000,1.01194,0.94536,0.05464
64.08000,1.01193,0.98330,0.01670
64.20000,1.01194,0.94912,0.05088
64.32000,1.01194,0.98396,0.01604
64.44000,1.01193,0.99242,0.00758
64.56000,1.01194,0.99161,0.00839
64.68000,1.01194,0.99475,0.00525
64.80000,1.01193,0.99508,0.00492
64.92000,1.01194,0.98705,0.01295
65.04000,1.01194,0.98722,0.01278
65.16000,1.01193,0.97064,0.02936
65.28000,1.01194,0.91388,0.08612
65.40000,1.01193,0.95410,0.04590
65.52000,1.01194,0.81770,0.18230
65.64000,1.01194,0.88666,0.11334
65.76000,1.01193,0.90517,0.09483
65.88000,1.01194,0.86261,0.13739
66.00000,1.01194,0.97548,0.02452
66.12000,1.01193,0.93126,0.06874
66.24000,1.01194,0.92459,0.07541
66.36000,1.01194,0.86492,0.13508
66.48000,1.01193,0.78121,0.21879
66.60000,1.01194,0.71839,0.28161
66.72000,1.01194,0.74251,0.25749
66.84000,1.01194,0.72385,0.27615
66.96000,1.01194,0.80375,0.19625
67.08000,1.01193,0.79293,0.20707
67.20000,1.01194,0.83551,0.16449
67.32000,1.01194,0.79838,0.20162
67.44000,1.01193,0.82086,0.17914
67.56000,1.01194,0.91119,0.08881
67.68000,1.01194,0.80294,0.19706
67.80000,1.01193,0.90006,0.09994
67.92000,1.01194,0.88612,0.11388
68.04000,1.01194,0.96278,0.03722
68.16000,1.01193,0.86834,0.13166
68.28000,1.01194,0.91510,0.08490
68.40000,1.01193,0.75812,0.24188
68.52000,1.01194,0.78444,0.21556
68.64000,1.01194,0.48658,0.51342
68.76000,1.01193,0.53509,0.46491
68.88000,1.01194,0.32793,0.67207
69.00000,1.01194,0.35021,0.64979
69.12000,1.01193,0.75885,0.24115
69.24000,1.01194,0.58690,0.41310
69.36000,1.01194,0.90537,0.09463
69.48000,1.01193,0.84843,0.15157
69.60000,1.01194,0.87267,0.12733
69.72000,1.01194,0.93678,0.06322
69.84000,1.01194,0.95241,0.04759
69.96000,1.01194,0.88286,0.11714
70.08000,1.01193,0.84164,0.15836
70.20000,1.01194,0.92191,0.07809
70.32000,1.01194,0.93191,0.06809
70.44000,1.01193,0.94548,0.05452
70.56000,1.01194,0.89887,0.10113
70.68000,1.01194,0.84448,0.15552
70.80000,1.01193,0.94848,0.05152
70.92000,1.01194,0.79473,0.20527
71.04000,1.01194,0.89518,0.10482
71.16000,1.01193,0.63164,0.36836
71.28000,1.01194,0.81483,0.18517
71.40000,1.01193,0.45477,0.54523
71.52000,1.01194,0.68982,0.31018
71.64000,1.01194,0.49919,0.50081
71.76000,1.01193,0.67687,0.32313
71.88000,1.01194,0.46869,0.53131
72.00000,1.01194,0.81061,0.18939
72.12000,1.01193,0.61485,0.38515
72.24000,1.01194,0.81563,0.18437
72.36000,1.01194,0.45428,0.54572
72.48000,1.01193,0.82486,0.17514
72.60000,1.01194,0.55528,0.44472
72.72000,1.01194,0.70022,0.29978
72.84000,1.01194,0.45578,0.54422
72.96000,1.01194,0.61006,0.38994
73.08000,1.01193,0.63195,0.36805
73.20000,1.01194,0.57363,0.42637
73.32000,1.01194,0.65301,0.34699
73.44000,1.01193,0.35868,0.64132
73.56000,1.01194,0.49417,0.50583
73.68000,1.01194,0.49318,0.50682
73.80000,1.01193,0.37961,0.62039
73.92000,1.01194,0.55658,0.44342
74.04000,1.01194,0.59284,0.40716
74.16000,1.01193,0.93888,0.06112
74.28000,1.01194,0.91984,0.08016
74.40000,1.01193,0.96583,0.03417
74.52000,1.01194,0.98627,0.01373
74.64000,1.01194,0.99630,0.00370
74.76000,1.01193,0.99572,0.00428
74.88000,1.01194,0.99182,0.00818
75.00000,1.01194,0.98019,0.01981
75.12000,1.01193,0.99689,0.00311
75.24000,1.01194,0.97953,0.02047
75.36000,1.01194,0.96980,0.03020
75.48000,1.01193,0.96240,0.03760
75.60000,1.01194,0.96979,0.03021
75.72000,1.01194,0.97619,0.02381
75.84000,1.01194,0.96980,0.03020
75.96000,1.01194,0.98548,0.01452
76.08000,1.01193,0.96845,0.03155
76.20000,1.01194,0.97838,0.02162
76.32000,1.01194,0.98062,0.01938
76.44000,1.01193,0.98560,0.01440
76.56000,1.01194,0.98969,0.01031
76.68000,1.01194,0.99173,0.00827
76.80000,1.01193,0.99065,0.00935
76.92000,1.01194,0.98495,0.01505
77.04000,1.01194,0.98825,0.01175
77.16000,1.01193,0.99432,0.00568
77.28000,1.01194,0.99309,0.00691
77.40000,1.01193,0.96201,0.03799
77.52000,1.01194,0.99371,0.00629
77.64000,1.01194,0.98204,0.01796
77.76000,1.01193,0.99616,0.00384
77.88000,1.01194,0.99233,0.00767
78.00000,1.01194,0.99645,0.00355
78.12000,1.01193,0.99647,0.00353
78.24000,1.01194,0.99366,0.00634
78.36000,1.01194,0.99454,0.00546
78.48000,1.01193,0.97711,0.02289
78.60000,1.01194,0.99519,0.00481
78.72000,1.01194,0.97669,0.02331
78.84000,1.01194,0.99584,0.00416
78.96000,1.01194,0.96273,0.03727
79.08000,1.01193,0.99074,0.00926
79.20000,1.01194,0.98429,0.01571
79.32000,1.01194,0.96597,0.03403
79.44000,1.01193,0.99054,0.00946
79.56000,1.01194,0.96242,0.03758
79.68000,1.01194,0.99348,0.00652
79.80000,1.01193,0.99160,0.00840
79.92000,1.01194,0.96739,0.03261
80.04000,1.01194,0.99239,0.00761
80.16000,1.01193,0.98117,0.01883
80.28000,1.01194,0.99494,0.00506
80.40000,1.01193,0.98188,0.01812
80.52000,1.01194,0.94731,0.05269
80.64000,1.01194,0.97721,0.02279
80.76000,1.01193,0.97947,0.02053
80.88000,1.01194,0.91530,0.08470
81.00000,1.01194,0.98758,0.01242
81.12000,1.01193,0.89507,0.10493
81.24000,1.01194,0.98652,0.01348
81.36000,1.01194,0.94571,0.05429
81.48000,1.01193,0.99252,0.00748
81.60000,1.01194,0.93635,0.06365
81.72000,1.01194,0.99132,0.00868
81.84000,1.01194,0.98010,0.01990
81.96000,1.01194,0.99523,0.00477
82.08000,1.01193,0.96154,0.03846
82.20000,1.01194,0.98843,0.01157
82.32000,1.01194,0.93574,0.06426
82.44000,1.01193,0.95707,0.04293
82.56000,1.01194,0.86064,0.13936
82.68000,1.01194,0.93262,0.06738
82.80000,1.01193,0.94498,0.05502
82.92000,1.01194,0.93580,0.06420
83.04000,1.01194,0.96008,0.03992
83.16000,1.01193,0.92809,0.07191
83.28000,1.01194,0.99650,0.00350
83.40000,1.01193,0.92484,0.07516
83.52000,1.01194,0.98701,0.01299
83.64000,1.01194,0.90305,0.09695
83.76000,1.01193,0.98466,0.01534
83.88000,1.01194,0.91589,0.08411
84.00000,1.01194,0.99318,0.00682
84.12000,1.01193,0.97847,0.02153
84.24000,1.01194,0.99594,0.00406
84.36000,1.01194,0.98421,0.01579
84.48000,1.01193,0.99657,0.00343
84.60000,1.01194,0.98529,0.01471
84.72000,1.01194,0.99403,0.00597
84.84000,1.01194,0.99303,0.00697
84.96000,1.01194,0.98769,0.01231
85.08000,1.01193,0.99343,0.00657
85.20000,1.01194,0.96691,0.03309
85.32000,1.01194,0.97589,0.02411
85.44000,1.01193,0.98216,0.01784
85.56000,1.01194,0.97286,0.02714
85.68000,1.01194,0.99291,0.00709
85.80000,1.01193,0.97326,0.02674
85.92000,1.01194,0.99701,0.00299
86.04000,1.01194,0.99065,0.00935
86.16000,1.01193,0.98969,0.01031
86.28000,1.01194,0.99491,0.00509
86.40000,1.01193,0.99563,0.00437
86.52000,1.01194,0.99636,0.00364
86.64000,1.01194,0.94409,0.05591
86.76000,1.01193,0.99448,0.00552
86.88000,1.01194,0.96600,0.03400
87.00000,1.01194,0.99466,0.00534
87.12000,1.01193,0.97131,0.02869
87.24000,1.01194,0.99025,0.00975
87.36000,1.01194,0.98923,0.01077
87.48000,1.01193,0.98746,0.01254
87.60000,1.01194,0.98740,0.01260
87.72000,1.01194,0.98688,0.01312
87.84000,1.01194,0.97940,0.02060
87.96000,1.01194,0.95690,0.04310
88.08000,1.01193,0.98528,0.01472
88.20000,1.01194,0.93417,0.06583
88.32000,1.01194,0.99128,0.00872
88.44000,1.01193,0.98033,0.01967
88.56000,1.01194,0.99054,0.00946
88.68000,1.01194,0.97971,0.02029
88.80000,1.01193,0.98372,0.01628
88.92000,1.01194,0.96874,0.03126
89.04000,1.01194,0.98686,0.01314
89.16000,1.01193,0.96729,0.03271
89.28000,1.01194,0.99476,0.00524
89.40000,1.01193,0.97908,0.02092
89.52000,1.01194,0.99649,0.00351
89.64000,1.01194,0.95957,0.04043
89.76000,1.01193,0.99470,0.00530
89.88000,1.01194,0.97251,0.02749
90.00000,1.01194,0.99069,0.00931
90.12000,1.01193,0.93416,0.06584
90.24000,1.01194,0.95713,0.04287
90.36000,1.01194,0.95378,0.04622
90.48000,1.01193,0.97872,0.02128
90.60000,1.01194,0.96627,0.03373
90.72000,1.01194,0.93676,0.06324
90.84000,1.01194,0.96986,0.03014
90.96000,1.01194,0.89562,0.10438
91.08000,1.01193,0.96778,0.03222
91.20000,1.01194,0.93346,0.06654
91.32000,1.01194,0.95658,0.04342
91.44000,1.01193,0.97159,0.02841
91.56000,1.01194,0.95176,0.04824
91.68000,1.01194,0.98798,0.01202
91.80000,1.01193,0.94265,0.05735
91.92000,1.01194,0.99081,0.00919
92.04000,1.01194,0.93270,0.06730
92.16000,1.01193,0.97010,0.02990
92.28000,1.01194,0.96489,0.03511
92.40000,1.01193,0.95153,0.04847
92.52000,1.01194,0.98761,0.01239
92.64000,1.01194,0.98171,0.01829
92.76000,1.01193,0.99617,0.00383
92.88000,1.01194,0.99033,0.00967
93.00000,1.01194,0.99631,0.00369
93.12000,1.01193,0.99422,0.00578
93.24000,1.01194,0.99190,0.00810
93.36000,1.01194,0.99475,0.00525
93.48000,1.01193,0.98531,0.01469
93.60000,1.01194,0.99206,0.00794
93.72000,1.01194,0.97931,0.02069
93.84000,1.01194,0.98410,0.01590
93.96000,1.01194,0.96496,0.03504
94.08000,1.01193,0.97325,0.02675
94.20000,1.01194,0.96613,0.03387
94.32000,1.01194,0.95549,0.04451
94.44000,1.01193,0.99355,0.00645
94.56000,1.01194,0.97892,0.02108
94.68000,1.01194,0.99275,0.00725
94.80000,1.01193,0.99126,0.00874
94.92000,1.01194,0.98816,0.01184
95.04000,1.01194,0.99375,0.00625
95.16000,1.01193,0.98788,0.01212
95.28000,1.01194,0.99411,0.00589
95.40000,1.01193,0.98908,0.01092
95.52000,1.01194,0.99488,0.00512
95.64000,1.01194,0.99143,0.00857
95.76000,1.01193,0.99341,0.00659
95.88000,1.01194,0.99561,0.00439
96.00000,1.01194,0.99415,0.00585
96.12000,1.01193,0.99133,0.00867
96.24000,1.01194,0.99427,0.00573
96.36000,1.01194,0.98349,0.01651
96.48000,1.01193,0.98467,0.01533
96.60000,1.01194,0.98822,0.01178
96.72000,1.01194,0.98680,0.01320
96.84000,1.01194,0.98842,0.01158
96.96000,1.01194,0.98512,0.01488
97.08000,1.01193,0.96615,0.03385
97.20000,1.01194,0.98279,0.01721
97.32000,1.01194,0.96368,0.03632
97.44000,1.01193,0.98028,0.01972
97.56000,1.01194,0.94555,0.05445
97.68000,1.01194,0.98686,0.01314
97.80000,1.01193,0.97374,0.02626
97.92000,1.01194,0.99261,0.00739
98.04000,1.01194,0.98751,0.01249
98.16000,1.01193,0.97621,0.02379
98.28000,1.01194,0.98223,0.01777
98.40000,1.01193,0.96672,0.03328
98.52000,1.01194,0.96974,0.03026
98.64000,1.01194,0.95962,0.04038
98.76000,1.01193,0.97010,0.02990
98.88000,1.01194,0.96982,0.03018
99.00000,1.01194,0.98937,0.01063
99.12000,1.01193,0.98927,0.01073
99.24000,1.01194,0.97992,0.02008
99.36000,1.01194,0.99240,0.00760
99.48000,1.01193,0.98958,0.01042
99.60000,1.01194,0.99170,0.00830
99.72000,1.01194,0.99292,0.00708
99.84000,1.01194,0.99101,0.00899
99.96000,1.01194,0.98161,0.01839
100.08000,1.01193,0.98377,0.01623
100.20000,1.01194,0.95209,0.04791
100.32000,1.01194,0.99081,0.00919
100.44000,1.01193,0.96422,0.03578
100.56000,1.01194,0.97724,0.02276
100.68000,1.01194,0.92544,0.07456
100.80000,1.01193,0.98806,0.01194
100.92000,1.01194,0.97957,0.02043
101.04000,1.01194,0.98167,0.01833
101.16000,1.01193,0.97831,0.02169
101.28000,1.01194,0.98284,0.01716
101.40000,1.01193,0.99392,0.00608
101.52000,1.01194,0.98708,0.01292
101.64000,1.01194,0.99494,0.00506
101.76000,1.01193,0.97525,0.02475
101.88000,1.01194,0.99534,0.00466
102.00000,1.01194,0.95662,0.04338
102.12000,1.01193,0.99401,0.00599
102.24000,1.01194,0.96206,0.03794
102.36000,1.01194,0.99094,0.00906
102.48000,1.01193,0.96810,0.03190
102.60000,1.01194,0.99076,0.00924
102.72000,1.01194,0.98788,0.01212
102.84000,1.01194,0.99100,0.00900
102.96000,1.01194,0.98635,0.01365
103.08000,1.01193,0.98191,0.01809
103.20000,1.01194,0.98912,0.01088
103.32000,1.01194,0.98903,0.01097
103.44000,1.01193,0.98273,0.01727
103.56000,1.01194,0.96046,0.03954
103.68000,1.01194,0.97245,0.02755
103.80000,1.01193,0.98106,0.01894
103.92000,1.01194,0.97191,0.02809
104.04000,1.01194,0.98180,0.01820
104.16000,1.01193,0.97735,0.02265
104.28000,1.01194,0.98910,0.01090
104.40000,1.01193,0.98645,0.01355
104.52000,1.01194,0.98584,0.01416
104.64000,1.01194,0.97344,0.02656
104.76000,1.01193,0.99154,0.00846
104.88000,1.01194,0.97954,0.02046
105.00000,1.01194,0.98562,0.01438
105.12000,1.01193,0.98573,0.01427
105.24000,1.01194,0.98939,0.01061
105.36000,1.01194,0.98648,0.01352
105.48000,1.01193,0.97809,0.02191
105.60000,1.01194,0.98823,0.01177
105.72000,1.01194,0.98449,0.01551
105.84000,1.01194,0.99378,0.00622
105.96000,1.01194,0.98360,0.01640
106.08000,1.01193,0.99459,0.00541
106.20000,1.01194,0.98785,0.01215
106.32000,1.01194,0.99066,0.00934
106.44000,1.01193,0.99548,0.00452
106.56000,1.01194,0.98659,0.01341
106.68000,1.01194,0.99571,0.00429
106.80000,1.01193,0.97311,0.02689
106.92000,1.01194,0.99389,0.00611
107.04000,1.01194,0.97585,0.02415
107.16000,1.01193,0.98754,0.01246
107.28000,1.01194,0.98038,0.01962
107.40000,1.01193,0.99464,0.00536
107.52000,1.01194,0.99280,0.00720
107.64000,1.01194,0.98927,0.01073
107.76000,1.01193,0.99194,0.00806
107.88000,1.01194,0.99358,0.00642
108.00000,1.01194,0.97937,0.02063
108.12000,1.01193,0.99230,0.00770
108.24000,1.01194,0.97313,0.02687
108.36000,1.01194,0.98693,0.01307
108.48000,1.01193,0.97711,0.02289
108.60000,1.01194,0.97862,0.02138
108.72000,1.01194,0.97731,0.02269
108.84000,1.01194,0.98484,0.01516
108.96000,1.01194,0.98740,0.01260
109.08000,1.01193,0.99089,0.00911
109.20000,1.01194,0.97551,0.02449
109.32000,1.01194,0.98675,0.01325
109.44000,1.01193,0.97624,0.02376
109.56000,1.01194,0.98773,0.01227
109.68000,1.01194,0.98849,0.01151
109.80000,1.01193,0.96199,0.03801
109.92000,1.01194,0.98036,0.01964
110.04000,1.01194,0.98164,0.01836
110.16000,1.01193,0.98802,0.01198
110.28000,1.01194,0.97487,0.02513
110.40000,1.01193,0.98443,0.01557
110.52000,1.01194,0.98681,0.01319
110.64000,1.01194,0.98286,0.01714
110.76000,1.01193,0.95644,0.04356
110.88000,1.01194,0.95138,0.04862
111.00000,1.01194,0.98709,0.01291
111.12000,1.01193,0.95142,0.04858
111.24000,1.01194,0.98076,0.01924
111.36000,1.01194,0.93361,0.06639
111.48000,1.01193,0.99470,0.00530
111.60000,1.01194,0.98746,0.01254
111.72000,1.01194,0.98980,0.01020
111.84000,1.01194,0.98215,0.01785
111.96000,1.01194,0.98811,0.01189
112.08000,1.01193,0.97197,0.02803
112.20000,1.01194,0.93897,0.06103
112.32000,1.01194,0.93980,0.06020
112.44000,1.01193,0.95031,0.04969
112.56000,1.01194,0.93056,0.06944
112.68000,1.01194,0.97475,0.02525
112.80000,1.01193,0.97762,0.02238
112.92000,1.01194,0.97096,0.02904
113.04000,1.01194,0.96667,0.03333
113.16000,1.01193,0.98711,0.01289
113.28000,1.01194,0.97291,0.02709
113.40000,1.01193,0.99449,0.00551
113.52000,1.01194,0.97626,0.02374
113.64000,1.01194,0.98555,0.01445
113.76000,1.01193,0.97799,0.02201
113.88000,1.01194,0.98804,0.01196
114.00000,1.01194,0.95387,0.04613
114.12000,1.01193,0.96671,0.03329
114.24000,1.01194,0.94849,0.05151
114.36000,1.01194,0.97343,0.02657
114.48000,1.01193,0.96247,0.03753
114.60000,1.01194,0.98604,0.01396
114.72000,1.01194,0.98595,0.01405
114.84000,1.01194,0.99132,0.00868
114.96000,1.01194,0.99472,0.00528
115.08000,1.01193,0.98882,0.01118
115.20000,1.01194,0.99483,0.00517
115.32000,1.01194,0.99297,0.00703
115.44000,1.01193,0.99265,0.00735
115.56000,1.01194,0.98153,0.01847
115.68000,1.01194,0.99548,0.00452
115.80000,1.01193,0.97982,0.02018
115.92000,1.01194,0.99352,0.00648
116.04000,1.01194,0.98837,0.01163
116.16000,1.01193,0.99128,0.00872
116.28000,1.01194,0.99316,0.00684
116.40000,1.01193,0.99513,0.00487
116.52000,1.01194,0.99462,0.00538
116.64000,1.01194,0.99507,0.00493
116.76000,1.01193,0.99496,0.00504
116.88000,1.01194,0.99055,0.00945
117.00000,1.01194,0.99200,0.00800
117.12000,1.01193,0.98890,0.01110
117.24000,1.01194,0.98484,0.01516
117.36000,1.01194,0.99046,0.00954
117.48000,1.01193,0.98493,0.01507
117.60000,1.01194,0.99213,0.00787
117.72000,1.01194,0.98086,0.01914
117.84000,1.01194,0.98924,0.01076
117.96000,1.01194,0.97999,0.02001
118.08000,1.01193,0.98158,0.01842
118.20000,1.01194,0.97692,0.02308
118.32000,1.01194,0.98228,0.01772
118.44000,1.01193,0.97740,0.02260
118.56000,1.01194,0.98430,0.01570
118.68000,1.01194,0.98813,0.01187
118.80000,1.01193,0.96701,0.03299
118.92000,1.01194,0.99186,0.00814
119.04000,1.01194,0.97864,0.02136
119.16000,1.01193,0.99187,0.00813
119.28000,1.01194,0.95260,0.04740
119.40000,1.01193,0.97840,0.02160
119.52000,1.01194,0.97451,0.02549
119.64000,1.01194,0.95953,0.04047
119.76000,1.01193,0.97487,0.02513
119.88000,1.01194,0.95001,0.04999
120.00000,1.01194,0.98169,0.01831
120.12000,1.01193,0.98263,0.01737
120.24000,1.01194,0.98125,0.01875
120.36000,1.01194,0.99051,0.00949
120.48000,1.01193,0.98456,0.01544
120.60000,1.01194,0.99092,0.00908
120.72000,1.01194,0.98661,0.01339
120.84000,1.01194,0.98816,0.01184
120.96000,1.01194,0.99126,0.00874
121.08000,1.01193,0.98744,0.01256
121.20000,1.01194,0.99268,0.00732
121.32000,1.01194,0.98319,0.01681
121.44000,1.01193,0.99104,0.00896
121.56000,1.01194,0.97455,0.02545
121.68000,1.01194,0.98122,0.01878
121.80000,1.01193,0.97885,0.02115
121.92000,1.01194,0.98902,0.01098
122.04000,1.01194,0.98756,0.01244
122.16000,1.01193,0.98871,0.01129
122.28000,1.01194,0.99264,0.00736
122.40000,1.01193,0.99036,0.00964
122.52000,1.01194,0.99269,0.00731
122.64000,1.01194,0.99213,0.00787
122.76000,1.01193,0.99386,0.00614
122.88000,1.01194,0.99125,0.00875
123.00000,1.01194,0.99592,0.00408
123.12000,1.01193,0.98747,0.01253
123.24000,1.01194,0.99080,0.00920
123.36000,1.01194,0.98601,0.01399
123.48000,1.01193,0.98793,0.01207
123.60000,1.01194,0.97049,0.02951
123.72000,1.01194,0.96797,0.03203
123.84000,1.01194,0.97903,0.02097
123.96000,1.01194,0.97745,0.02255
124.08000,1.01193,0.94006,0.05994
124.20000,1.01194,0.95108,0.04892
124.32000,1.01194,0.97197,0.02803
124.44000,1.01193,0.97664,0.02336
124.56000,1.01194,0.98872,0.01128
124.68000,1.01194,0.98737,0.01263
124.80000,1.01193,0.98964,0.01036
124.92000,1.01194,0.98154,0.01846
125.04000,1.01194,0.99349,0.00651
125.16000,1.01193,0.98988,0.01012
125.28000,1.01194,0.98748,0.01252
125.40000,1.01193,0.98222,0.01778
125.52000,1.01194,0.99171,0.00829
125.64000,1.01194,0.97735,0.02265
125.76000,1.01193,0.98393,0.01607
125.88000,1.01194,0.98064,0.01936
126.00000,1.01194,0.98725,0.01275
126.12000,1.01193,0.97424,0.02576
126.24000,1.01194,0.98400,0.01600
126.36000,1.01194,0.98651,0.01349
126.48000,1.01193,0.98687,0.01313
126.60000,1.01194,0.98460,0.01540
126.72000,1.01194,0.97165,0.02835
126.84000,1.01194,0.97966,0.02034
126.96000,1.01194,0.96374,0.03626
127.08000,1.01193,0.97816,0.02184
127.20000,1.01195,0.96658,0.03342
127.32000,1.01194,0.97174,0.02826
127.44000,1.01193,0.96443,0.03557
127.56000,1.01193,0.98940,0.01060
127.68000,1.01194,0.97792,0.02208
127.80000,1.01193,0.99216,0.00784
127.92000,1.01193,0.95791,0.04209
128.03999,1.01195,0.98689,0.01311
128.16000,1.01193,0.93804,0.06196
128.28000,1.01193,0.97082,0.02918
128.39999,1.01195,0.95288,0.04712
128.52000,1.01193,0.97948,0.02052
128.64000,1.01193,0.97255,0.02745
128.75999,1.01195,0.97845,0.02155
128.88000,1.01193,0.96717,0.03283
129.00000,1.01193,0.98999,0.01001
129.12000,1.01195,0.97796,0.02204
129.24001,1.01193,0.98241,0.01759
129.36000,1.01193,0.95200,0.04800
129.48000,1.01195,0.98165,0.01835
129.60001,1.01193,0.97782,0.02218
129.72000,1.01193,0.96980,0.03020
129.84000,1.01195,0.98463,0.01537
129.96001,1.01193,0.98443,0.01557
130.08000,1.01193,0.98627,0.01373
130.20000,1.01195,0.99084,0.00916
130.32001,1.01193,0.98827,0.01173
130.44000,1.01193,0.98157,0.01843
130.56000,1.01193,0.99239,0.00761
130.67999,1.01195,0.97751,0.02249
130.80000,1.01193,0.99381,0.00619
130.92000,1.01193,0.97051,0.02949
131.03999,1.01195,0.99437,0.00563
131.16000,1.01193,0.97786,0.02214
131.28000,1.01193,0.99526,0.00474
131.39999,1.01195,0.98339,0.01661
131.52000,1.01193,0.99480,0.00520
131.64000,1.01193,0.99374,0.00626
131.75999,1.01195,0.99131,0.00869
131.88000,1.01193,0.98774,0.01226
132.00000,1.01193,0.99219,0.00781
132.12000,1.01195,0.99004,0.00996
132.24001,1.01193,0.98886,0.01114
132.36000,1.01193,0.98157,0.01843
132.48000,1.01195,0.99215,0.00785
132.60001,1.01193,0.98984,0.01016
132.72000,1.01193,0.99415,0.00585
132.84000,1.01195,0.99214,0.00786
132.96001,1.01193,0.99301,0.00699
133.08000,1.01193,0.99440,0.00560
133.20000,1.01195,0.98368,0.01632
133.32001,1.01193,0.99284,0.00716
133.44000,1.01193,0.98140,0.01860
133.56000,1.01193,0.99012,0.00988
133.67999,1.01195,0.98230,0.01770
133.80000,1.01193,0.99111,0.00889
133.92000,1.01193,0.98263,0.01737
134.03999,1.01195,0.98072,0.01928
134.16000,1.01193,0.98820,0.01180
134.28000,1.01193,0.96861,0.03139
134.39999,1.01195,0.98410,0.01590
134.52000,1.01193,0.97803,0.02197
134.64000,1.01193,0.98376,0.01624
134.75999,1.01195,0.97267,0.02733
134.88000,1.01193,0.98618,0.01382
135.00000,1.01193,0.99009,0.00991
135.12000,1.01195,0.98298,0.01702
135.24001,1.01193,0.99295,0.00705
135.36000,1.01193,0.98276,0.01724
135.48000,1.01195,0.99004,0.00996
135.60001,1.01193,0.98696,0.01304
135.72000,1.01193,0.98227,0.01773
135.84000,1.01195,0.97707,0.02293
135.96001,1.01193,0.97988,0.02012
136.08000,1.01193,0.97727,0.02273
136.20000,1.01195,0.97401,0.02599
136.32001,1.01193,0.97067,0.02933
136.44000,1.01193,0.96957,0.03043
136.56000,1.01193,0.98408,0.01592
136.67999,1.01195,0.96715,0.03285
