Time (seconds), Duration (seconds),pred_unlabeled,pred_sirens
0.00000,1.01194,0.57996,0.42004
0.12000,1.01194,0.53334,0.46666
0.24000,1.01194,0.51187,0.48813
0.36000,1.01194,0.69971,0.30029
0.48000,1.01194,0.58377,0.41623
0.60000,1.01194,0.63931,0.36069
0.72000,1.01194,0.69188,0.30812
0.84000,1.01194,0.54557,0.45443
0.96000,1.01194,0.83983,0.16017
1.08000,1.01194,0.70238,0.29762
1.20000,1.01194,0.76425,0.23575
1.32000,1.01194,0.80200,0.19800
1.44000,1.01194,0.78011,0.21989
1.56000,1.01194,0.76257,0.23743
1.68000,1.01194,0.86481,0.13519
1.80000,1.01194,0.70820,0.29180
1.92000,1.01194,0.66950,0.33050
2.04000,1.01194,0.51278,0.48722
2.16000,1.01194,0.76208,0.23792
2.28000,1.01194,0.48026,0.51974
2.40000,1.01194,0.59847,0.40153
2.52000,1.01194,0.53871,0.46129
2.64000,1.01194,0.51811,0.48189
2.76000,1.01194,0.43169,0.56831
2.88000,1.01194,0.36818,0.63182
3.00000,1.01194,0.41047,0.58953
3.12000,1.01194,0.27228,0.72772
3.24000,1.01194,0.48675,0.51325
3.36000,1.01194,0.51488,0.48512
3.48000,1.01194,0.75251,0.24749
3.60000,1.01194,0.57490,0.42510
3.72000,1.01194,0.45163,0.54837
3.84000,1.01194,0.76170,0.23830
3.96000,1.01194,0.64719,0.35281
4.08000,1.01194,0.48943,0.51057
4.20000,1.01194,0.32940,0.67060
4.32000,1.01194,0.32835,0.67165
4.44000,1.01194,0.49951,0.50049
4.56000,1.01194,0.47183,0.52817
4.68000,1.01194,0.29029,0.70971
4.80000,1.01194,0.36860,0.63140
4.92000,1.01194,0.51438,0.48562
5.04000,1.01194,0.43799,0.56201
5.16000,1.01194,0.46465,0.53535
5.28000,1.01194,0.57479,0.42521
5.40000,1.01194,0.49470,0.50530
5.52000,1.01194,0.48167,0.51833
5.64000,1.01194,0.41891,0.58109
5.76000,1.01194,0.38378,0.61622
5.88000,1.01194,0.37846,0.62154
6.00000,1.01194,0.53599,0.46401
6.12000,1.01194,0.38853,0.61147
6.24000,1.01194,0.52972,0.47028
6.36000,1.01194,0.26813,0.73187
6.48000,1.01194,0.42048,0.57952
6.60000,1.01194,0.32242,0.67758
6.72000,1.01194,0.20845,0.79155
6.84000,1.01194,0.24176,0.75824
6.96000,1.01194,0.20627,0.79373
7.08000,1.01194,0.29281,0.70719
7.20000,1.01194,0.16490,0.83510
7.32000,1.01194,0.14652,0.85348
7.44000,1.01194,0.12058,0.87942
7.56000,1.01194,0.24637,0.75363
7.68000,1.01194,0.09129,0.90871
7.80000,1.01194,0.10622,0.89378
7.92000,1.01194,0.10545,0.89455
8.04000,1.01194,0.15222,0.84778
8.16000,1.01194,0.33040,0.66960
8.28000,1.01194,0.13294,0.86706
8.40000,1.01194,0.25349,0.74651
8.52000,1.01194,0.16494,0.83506
8.64000,1.01194,0.26517,0.73483
8.76000,1.01194,0.11580,0.88420
8.88000,1.01194,0.25557,0.74443
9.00000,1.01194,0.17900,0.82100
9.12000,1.01194,0.19723,0.80277
9.24000,1.01194,0.14957,0.85043
9.36000,1.01194,0.20571,0.79429
9.48000,1.01194,0.15840,0.84160
9.60000,1.01194,0.14823,0.85177
9.72000,1.01194,0.17826,0.82174
9.84000,1.01194,0.15424,0.84576
9.96000,1.01194,0.18448,0.81552
10.08000,1.01194,0.08536,0.91464
10.20000,1.01194,0.09695,0.90305
10.32000,1.01194,0.21171,0.78829
10.44000,1.01194,0.13283,0.86717
10.56000,1.01194,0.08900,0.91100
10.68000,1.01194,0.07538,0.92462
10.80000,1.01194,0.13325,0.86675
10.92000,1.01194,0.24888,0.75112
11.04000,1.01194,0.13731,0.86269
11.16000,1.01194,0.17317,0.82683
11.28000,1.01194,0.27324,0.72676
11.40000,1.01194,0.18797,0.81203
11.52000,1.01194,0.17227,0.82773
11.64000,1.01194,0.15598,0.84402
11.76000,1.01194,0.40922,0.59078
11.88000,1.01194,0.13197,0.86803
12.00000,1.01194,0.39686,0.60314
12.12000,1.01194,0.54202,0.45798
12.24000,1.01194,0.29960,0.70040
12.36000,1.01194,0.22313,0.77687
12.48000,1.01194,0.16521,0.83479
12.60000,1.01194,0.20485,0.79515
12.72000,1.01194,0.20942,0.79058
12.84000,1.01194,0.11362,0.88638
12.96000,1.01194,0.08800,0.91200
13.08000,1.01194,0.28289,0.71711
13.20000,1.01194,0.17348,0.82652
13.32000,1.01194,0.10216,0.89784
13.44000,1.01194,0.25121,0.74879
13.56000,1.01194,0.18118,0.81882
13.68000,1.01194,0.14006,0.85994
13.80000,1.01194,0.08730,0.91270
13.92000,1.01194,0.18078,0.81922
14.04000,1.01194,0.07879,0.92121
14.16000,1.01194,0.18471,0.81529
14.28000,1.01194,0.12245,0.87755
14.40000,1.01194,0.29673,0.70327
14.52000,1.01194,0.13993,0.86007
14.64000,1.01194,0.07341,0.92659
14.76000,1.01194,0.38272,0.61728
14.88000,1.01194,0.07578,0.92422
15.00000,1.01194,0.21039,0.78961
15.12000,1.01194,0.15530,0.84470
15.24000,1.01194,0.17055,0.82945
15.36000,1.01194,0.11844,0.88156
15.48000,1.01194,0.05651,0.94349
15.60000,1.01194,0.06459,0.93541
15.72000,1.01194,0.15159,0.84841
15.84000,1.01194,0.05110,0.94890
15.96000,1.01194,0.04229,0.95771
16.08000,1.01194,0.21325,0.78675
16.20000,1.01194,0.16255,0.83745
16.32000,1.01194,0.10577,0.89423
16.44000,1.01194,0.08923,0.91077
16.56000,1.01194,0.15483,0.84517
16.68000,1.01194,0.16574,0.83426
16.80000,1.01194,0.06072,0.93928
16.92000,1.01194,0.03918,0.96082
17.04000,1.01194,0.10876,0.89124
17.16000,1.01194,0.14990,0.85010
17.28000,1.01194,0.07625,0.92375
17.40000,1.01194,0.05022,0.94978
17.52000,1.01194,0.09402,0.90598
17.64000,1.01194,0.02833,0.97167
17.76000,1.01194,0.05556,0.94444
17.88000,1.01194,0.03028,0.96972
18.00000,1.01194,0.16572,0.83428
18.12000,1.01194,0.02971,0.97029
18.24000,1.01194,0.07084,0.92916
18.36000,1.01194,0.08239,0.91761
18.48000,1.01194,0.07636,0.92364
18.60000,1.01194,0.08503,0.91497
18.72000,1.01194,0.10780,0.89220
18.84000,1.01194,0.07900,0.92100
18.96000,1.01194,0.24054,0.75946
19.08000,1.01194,0.10764,0.89236
19.20000,1.01194,0.03755,0.96245
19.32000,1.01194,0.15174,0.84826
19.44000,1.01194,0.05500,0.94500
19.56000,1.01194,0.10636,0.89364
19.68000,1.01194,0.03410,0.96590
19.80000,1.01194,0.07368,0.92632
19.92000,1.01194,0.09085,0.90915
20.04000,1.01194,0.05796,0.94204
20.16000,1.01194,0.03502,0.96498
20.28000,1.01194,0.05084,0.94916
20.40000,1.01194,0.04471,0.95529
20.52000,1.01194,0.02886,0.97114
20.64000,1.01194,0.04834,0.95166
20.76000,1.01194,0.04349,0.95651
20.88000,1.01194,0.05308,0.94692
21.00000,1.01194,0.04130,0.95870
21.12000,1.01194,0.02930,0.97070
21.24000,1.01194,0.06096,0.93904
21.36000,1.01194,0.03996,0.96004
21.48000,1.01194,0.03039,0.96961
21.60000,1.01194,0.10563,0.89437
21.72000,1.01194,0.02983,0.97017
21.84000,1.01194,0.04874,0.95126
21.96000,1.01194,0.02609,0.97391
22.08000,1.01194,0.06797,0.93203
22.20000,1.01194,0.02250,0.97750
22.32000,1.01194,0.04618,0.95382
22.44000,1.01194,0.02111,0.97889
22.56000,1.01194,0.03218,0.96782
22.68000,1.01194,0.02878,0.97122
22.80000,1.01194,0.03302,0.96698
22.92000,1.01194,0.03406,0.96594
23.04000,1.01194,0.03453,0.96547
23.16000,1.01194,0.03207,0.96793
23.28000,1.01194,0.02868,0.97132
23.40000,1.01194,0.02273,0.97727
23.52000,1.01194,0.03063,0.96937
23.64000,1.01194,0.02785,0.97215
23.76000,1.01194,0.01967,0.98033
23.88000,1.01194,0.02697,0.97303
24.00000,1.01194,0.02897,0.97103
24.12000,1.01194,0.01739,0.98261
24.24000,1.01194,0.02209,0.97791
24.36000,1.01194,0.02172,0.97828
24.48000,1.01194,0.04180,0.95820
24.60000,1.01194,0.03235,0.96765
24.72000,1.01194,0.01755,0.98245
24.84000,1.01194,0.05068,0.94932
24.96000,1.01194,0.02486,0.97514
25.08000,1.01194,0.04938,0.95062
25.20000,1.01194,0.02432,0.97568
25.32000,1.01194,0.03412,0.96588
25.44000,1.01194,0.02822,0.97178
25.56000,1.01194,0.02342,0.97658
25.68000,1.01194,0.02937,0.97063
25.80000,1.01194,0.03994,0.96006
25.92000,1.01194,0.05452,0.94548
26.04000,1.01194,0.04234,0.95766
26.16000,1.01194,0.03391,0.96609
26.28000,1.01194,0.04735,0.95265
26.40000,1.01194,0.03106,0.96894
26.52000,1.01194,0.03466,0.96534
26.64000,1.01194,0.02494,0.97506
26.76000,1.01194,0.04630,0.95370
26.88000,1.01194,0.03397,0.96603
27.00000,1.01194,0.02979,0.97021
27.12000,1.01194,0.03649,0.96351
27.24000,1.01194,0.02566,0.97434
27.36000,1.01194,0.07441,0.92559
27.48000,1.01194,0.02497,0.97503
27.60000,1.01194,0.03828,0.96172
27.72000,1.01194,0.02523,0.97477
27.84000,1.01194,0.03951,0.96049
27.96000,1.01194,0.01981,0.98019
28.08000,1.01194,0.03522,0.96478
28.20000,1.01194,0.02643,0.97357
28.32000,1.01194,0.01787,0.98213
28.44000,1.01194,0.03216,0.96784
28.56000,1.01194,0.01828,0.98172
28.68000,1.01194,0.03235,0.96765
28.80000,1.01194,0.02102,0.97898
28.92000,1.01194,0.02057,0.97943
29.04000,1.01194,0.01536,0.98464
29.16000,1.01194,0.02439,0.97561
29.28000,1.01194,0.02507,0.97493
29.40000,1.01194,0.05475,0.94525
29.52000,1.01194,0.02240,0.97760
29.64000,1.01194,0.02769,0.97231
29.76000,1.01194,0.01974,0.98026
29.88000,1.01194,0.03656,0.96344
30.00000,1.01194,0.01446,0.98554
30.12000,1.01194,0.04525,0.95475
30.24000,1.01194,0.01602,0.98398
30.36000,1.01194,0.05186,0.94814
30.48000,1.01194,0.03767,0.96233
30.60000,1.01194,0.02308,0.97692
30.72000,1.01194,0.04297,0.95703
30.84000,1.01194,0.04646,0.95354
30.96000,1.01194,0.03928,0.96072
31.08000,1.01194,0.06459,0.93541
31.20000,1.01194,0.04535,0.95465
31.32000,1.01194,0.05612,0.94388
31.44000,1.01194,0.05502,0.94498
31.56000,1.01194,0.03827,0.96173
31.68000,1.01194,0.03262,0.96738
31.80000,1.01194,0.04255,0.95745
31.92000,1.01194,0.01898,0.98102
32.04000,1.01194,0.02095,0.97905
32.16000,1.01194,0.02634,0.97366
32.28000,1.01194,0.03919,0.96081
32.40000,1.01194,0.01166,0.98834
32.52000,1.01194,0.02861,0.97139
32.64000,1.01194,0.02285,0.97715
32.76000,1.01194,0.04400,0.95600
32.88000,1.01194,0.02088,0.97912
33.00000,1.01194,0.05815,0.94185
33.12000,1.01194,0.04203,0.95797
33.24000,1.01194,0.02916,0.97084
33.36000,1.01194,0.04043,0.95957
33.48000,1.01194,0.03934,0.96066
33.60000,1.01194,0.04584,0.95416
33.72000,1.01194,0.04244,0.95756
33.84000,1.01194,0.06146,0.93854
33.96000,1.01194,0.04496,0.95504
34.08000,1.01194,0.04042,0.95958
34.20000,1.01194,0.03618,0.96382
34.32000,1.01194,0.06003,0.93997
34.44000,1.01194,0.06059,0.93941
34.56000,1.01194,0.06534,0.93466
34.68000,1.01194,0.10908,0.89092
34.80000,1.01194,0.05637,0.94363
34.92000,1.01194,0.07473,0.92527
35.04000,1.01194,0.07467,0.92533
35.16000,1.01194,0.04067,0.95933
35.28000,1.01194,0.08057,0.91943
35.40000,1.01194,0.04373,0.95627
35.52000,1.01194,0.07965,0.92035
35.64000,1.01194,0.07270,0.92730
35.76000,1.01194,0.06090,0.93910
35.88000,1.01194,0.07033,0.92967
36.00000,1.01194,0.09940,0.90060
36.12000,1.01194,0.06434,0.93566
36.24000,1.01194,0.08516,0.91484
36.36000,1.01194,0.05561,0.94439
36.48000,1.01194,0.10467,0.89533
36.60000,1.01194,0.10903,0.89097
36.72000,1.01194,0.07672,0.92328
36.84000,1.01194,0.05220,0.94780
36.96000,1.01194,0.11462,0.88538
37.08000,1.01194,0.08630,0.91370
37.20000,1.01194,0.09320,0.90680
37.32000,1.01194,0.10251,0.89749
37.44000,1.01194,0.10554,0.89446
37.56000,1.01194,0.08286,0.91714
37.68000,1.01194,0.19015,0.80985
37.80000,1.01194,0.06369,0.93631
37.92000,1.01194,0.10450,0.89550
38.04000,1.01194,0.14787,0.85213
38.16000,1.01194,0.07921,0.92079
38.28000,1.01194,0.17400,0.82600
38.40000,1.01194,0.11048,0.88952
38.52000,1.01194,0.08549,0.91451
38.64000,1.01194,0.20245,0.79755
38.76000,1.01194,0.13963,0.86037
38.88000,1.01194,0.07282,0.92718
39.00000,1.01194,0.22875,0.77125
39.12000,1.01194,0.14054,0.85946
39.24000,1.01194,0.28793,0.71207
39.36000,1.01194,0.36222,0.63778
39.48000,1.01194,0.48472,0.51528
39.60000,1.01194,0.30624,0.69376
39.72000,1.01194,0.20559,0.79441
39.84000,1.01194,0.32415,0.67585
39.96000,1.01194,0.41427,0.58573
40.08000,1.01194,0.38351,0.61649
40.20000,1.01194,0.21734,0.78266
40.32000,1.01194,0.32354,0.67646
40.44000,1.01194,0.15898,0.84102
40.56000,1.01194,0.28756,0.71244
40.68000,1.01194,0.22742,0.77258
40.80000,1.01194,0.22018,0.77982
40.92000,1.01194,0.29761,0.70239
41.04000,1.01194,0.51171,0.48829
41.16000,1.01194,0.18597,0.81403
41.28000,1.01194,0.35410,0.64590
41.40000,1.01194,0.30085,0.69915
41.52000,1.01194,0.50077,0.49923
41.64000,1.01194,0.28505,0.71495
41.76000,1.01194,0.58524,0.41476
41.88000,1.01194,0.43358,0.56642
42.00000,1.01194,0.48693,0.51307
42.12000,1.01194,0.36399,0.63601
42.24000,1.01194,0.51657,0.48343
42.36000,1.01194,0.24175,0.75825
42.48000,1.01194,0.30915,0.69085
42.60000,1.01194,0.30082,0.69918
42.72000,1.01194,0.45678,0.54322
42.84000,1.01194,0.34464,0.65536
42.96000,1.01194,0.26162,0.73838
43.08000,1.01194,0.63424,0.36576
43.20000,1.01194,0.62499,0.37501
43.32000,1.01194,0.73540,0.26460
43.44000,1.01194,0.63584,0.36416
43.56000,1.01194,0.82173,0.17827
43.68000,1.01194,0.86716,0.13284
43.80000,1.01194,0.62169,0.37831
43.92000,1.01194,0.57503,0.42497
44.04000,1.01194,0.74113,0.25887
44.16000,1.01194,0.53788,0.46212
44.28000,1.01194,0.53884,0.46116
44.40000,1.01194,0.44171,0.55829
44.52000,1.01194,0.73721,0.26279
44.64000,1.01194,0.54438,0.45562
44.76000,1.01194,0.79750,0.20250
44.88000,1.01194,0.72774,0.27226
45.00000,1.01194,0.78514,0.21486
45.12000,1.01194,0.84846,0.15154
45.24000,1.01194,0.82034,0.17966
45.36000,1.01194,0.83061,0.16939
45.48000,1.01194,0.82605,0.17395
45.60000,1.01194,0.91081,0.08919
45.72000,1.01194,0.78229,0.21771
45.84000,1.01194,0.65621,0.34379
45.96000,1.01194,0.60119,0.39881
46.08000,1.01194,0.57330,0.42670
46.20000,1.01194,0.69749,0.30251
46.32000,1.01194,0.69800,0.30200
46.44000,1.01194,0.81282,0.18718
46.56000,1.01194,0.68852,0.31148
46.68000,1.01194,0.80365,0.19635
46.80000,1.01194,0.73453,0.26547
46.92000,1.01194,0.79126,0.20874
47.04000,1.01194,0.79958,0.20042
47.16000,1.01194,0.86793,0.13207
47.28000,1.01194,0.66308,0.33692
47.40000,1.01194,0.75098,0.24902
47.52000,1.01194,0.70363,0.29637
47.64000,1.01194,0.67155,0.32845
47.76000,1.01194,0.81837,0.18163
47.88000,1.01194,0.79380,0.20620
48.00000,1.01194,0.84593,0.15407
48.12000,1.01194,0.73485,0.26515
48.24000,1.01194,0.77695,0.22305
48.36000,1.01194,0.65965,0.34035
48.48000,1.01194,0.77632,0.22368
48.60000,1.01194,0.53384,0.46616
48.72000,1.01194,0.70066,0.29934
48.84000,1.01194,0.57214,0.42786
48.96000,1.01194,0.76815,0.23185
49.08000,1.01194,0.89176,0.10824
49.20000,1.01194,0.88188,0.11812
49.32000,1.01194,0.84825,0.15175
49.44000,1.01194,0.87319,0.12681
49.56000,1.01194,0.85745,0.14255
49.68000,1.01194,0.89954,0.10046
49.80000,1.01194,0.78699,0.21301
49.92000,1.01194,0.81992,0.18008
50.04000,1.01194,0.85779,0.14221
50.16000,1.01194,0.89351,0.10649
50.28000,1.01194,0.77101,0.22899
50.40000,1.01194,0.78729,0.21271
50.52000,1.01194,0.65965,0.34035
50.64000,1.01194,0.79577,0.20423
50.76000,1.01194,0.83511,0.16489
50.88000,1.01194,0.77727,0.22273
51.00000,1.01194,0.75416,0.24584
51.12000,1.01194,0.71952,0.28048
51.24000,1.01194,0.69164,0.30836
51.36000,1.01194,0.83407,0.16593
51.48000,1.01194,0.83655,0.16345
51.60000,1.01194,0.70111,0.29889
51.72000,1.01194,0.78122,0.21878
51.84000,1.01194,0.75619,0.24381
51.96000,1.01194,0.63366,0.36634
52.08000,1.01194,0.72213,0.27787
52.20000,1.01194,0.80713,0.19287
52.32000,1.01194,0.74669,0.25331
52.44000,1.01194,0.86608,0.13392
52.56000,1.01194,0.74553,0.25447
52.68000,1.01194,0.75179,0.24821
52.80000,1.01194,0.75284,0.24716
52.92000,1.01194,0.90818,0.09182
53.04000,1.01194,0.78639,0.21361
53.16000,1.01194,0.81491,0.18509
53.28000,1.01194,0.87803,0.12197
53.40000,1.01194,0.78688,0.21312
53.52000,1.01194,0.80450,0.19550
53.64000,1.01194,0.72790,0.27210
53.76000,1.01194,0.81896,0.18104
53.88000,1.01194,0.70607,0.29393
54.00000,1.01194,0.84683,0.15317
54.12000,1.01194,0.76727,0.23273
54.24000,1.01194,0.74194,0.25806
54.36000,1.01194,0.62358,0.37642
54.48000,1.01194,0.70558,0.29442
54.60000,1.01194,0.64743,0.35257
54.72000,1.01194,0.71617,0.28383
54.84000,1.01194,0.80591,0.19409
54.96000,1.01194,0.78209,0.21791
55.08000,1.01194,0.71799,0.28201
55.20000,1.01194,0.66458,0.33542
55.32000,1.01194,0.77099,0.22901
55.44000,1.01194,0.79541,0.20459
55.56000,1.01194,0.72326,0.27674
55.68000,1.01194,0.64809,0.35191
55.80000,1.01194,0.75461,0.24539
55.92000,1.01194,0.74114,0.25886
56.04000,1.01194,0.67526,0.32474
56.16000,1.01194,0.58476,0.41524
56.28000,1.01194,0.46019,0.53981
56.40000,1.01194,0.51483,0.48517
56.52000,1.01194,0.30382,0.69618
56.64000,1.01194,0.37754,0.62246
56.76000,1.01194,0.39018,0.60982
56.88000,1.01194,0.31170,0.68830
57.00000,1.01194,0.46048,0.53952
57.12000,1.01194,0.40566,0.59434
57.24000,1.01194,0.53876,0.46124
57.36000,1.01194,0.57344,0.42656
57.48000,1.01194,0.59426,0.40574
57.60000,1.01194,0.49374,0.50626
57.72000,1.01194,0.49771,0.50229
57.84000,1.01194,0.54993,0.45007
57.96000,1.01194,0.50337,0.49663
58.08000,1.01194,0.59749,0.40251
58.20000,1.01194,0.64482,0.35518
58.32000,1.01194,0.45309,0.54691
58.44000,1.01194,0.64549,0.35451
58.56000,1.01194,0.52082,0.47918
58.68000,1.01194,0.55229,0.44771
58.80000,1.01194,0.44197,0.55803
58.92000,1.01194,0.45848,0.54152
59.04000,1.01194,0.43542,0.56458
59.16000,1.01194,0.42697,0.57303
59.28000,1.01194,0.53228,0.46772
59.40000,1.01194,0.42718,0.57282
59.52000,1.01194,0.58027,0.41973
59.64000,1.01194,0.56169,0.43831
59.76000,1.01194,0.49671,0.50329
59.88000,1.01194,0.58847,0.41153
60.00000,1.01194,0.50208,0.49792
60.12000,1.01194,0.48814,0.51186
60.24000,1.01194,0.40564,0.59436
60.36000,1.01194,0.44670,0.55330
60.48000,1.01194,0.39076,0.60924
60.60000,1.01194,0.43023,0.56977
60.72000,1.01194,0.53668,0.46332
60.84000,1.01194,0.31070,0.68930
60.96000,1.01194,0.47634,0.52366
61.08000,1.01194,0.19884,0.80116
61.20000,1.01194,0.46568,0.53432
61.32000,1.01194,0.39311,0.60689
61.44000,1.01194,0.57072,0.42928
61.56000,1.01194,0.46860,0.53140
61.68000,1.01194,0.67817,0.32183
61.80000,1.01194,0.57521,0.42479
61.92000,1.01194,0.58209,0.41791
62.04000,1.01194,0.55278,0.44722
62.16000,1.01194,0.63112,0.36888
62.28000,1.01194,0.53872,0.46128
62.40000,1.01194,0.62814,0.37186
62.52000,1.01194,0.47551,0.52449
62.64000,1.01194,0.71462,0.28538
62.76000,1.01194,0.59401,0.40599
62.88000,1.01194,0.59600,0.40400
63.00000,1.01194,0.57274,0.42726
63.12000,1.01194,0.68241,0.31759
63.24000,1.01194,0.54393,0.45607
63.36000,1.01194,0.58200,0.41800
63.48000,1.01194,0.54464,0.45536
63.60000,1.01194,0.66220,0.33780
63.72000,1.01194,0.50018,0.49982
63.84000,1.01194,0.54285,0.45715
63.96000,1.01194,0.71117,0.28883
64.08000,1.01193,0.73051,0.26949
64.20000,1.01194,0.78214,0.21786
64.32000,1.01194,0.62598,0.37402
64.44000,1.01193,0.72215,0.27785
64.56000,1.01194,0.44577,0.55423
64.68000,1.01194,0.47331,0.52669
64.80000,1.01193,0.38178,0.61822
64.92000,1.01194,0.39248,0.60752
65.04000,1.01194,0.37666,0.62334
65.16000,1.01193,0.46845,0.53155
65.28000,1.01194,0.55965,0.44035
65.40000,1.01193,0.42545,0.57455
65.52000,1.01194,0.44050,0.55950
65.64000,1.01194,0.45861,0.54139
65.76000,1.01193,0.47847,0.52153
65.88000,1.01194,0.58872,0.41128
66.00000,1.01194,0.49780,0.50220
66.12000,1.01193,0.60132,0.39868
66.24000,1.01194,0.45138,0.54862
66.36000,1.01194,0.62797,0.37203
66.48000,1.01193,0.70715,0.29285
66.60000,1.01194,0.68957,0.31043
66.72000,1.01194,0.65666,0.34334
66.84000,1.01194,0.80663,0.19337
66.96000,1.01194,0.69056,0.30944
67.08000,1.01193,0.82126,0.17874
67.20000,1.01194,0.78101,0.21899
67.32000,1.01194,0.75752,0.24248
67.44000,1.01193,0.76270,0.23730
67.56000,1.01194,0.81385,0.18615
67.68000,1.01194,0.67266,0.32734
67.80000,1.01193,0.77982,0.22018
67.92000,1.01194,0.54675,0.45325
68.04000,1.01194,0.68746,0.31254
68.16000,1.01193,0.47975,0.52025
68.28000,1.01194,0.72143,0.27857
68.40000,1.01193,0.47976,0.52024
68.52000,1.01194,0.79404,0.20596
68.64000,1.01194,0.74168,0.25832
68.76000,1.01193,0.78359,0.21641
68.88000,1.01194,0.65570,0.34430
69.00000,1.01194,0.75860,0.24140
69.12000,1.01193,0.60623,0.39377
69.24000,1.01194,0.73944,0.26056
69.36000,1.01194,0.56282,0.43718
69.48000,1.01193,0.74011,0.25989
69.60000,1.01194,0.74929,0.25071
69.72000,1.01194,0.68432,0.31568
69.84000,1.01194,0.66453,0.33547
69.96000,1.01194,0.78756,0.21244
70.08000,1.01193,0.77436,0.22564
70.20000,1.01194,0.76170,0.23830
70.32000,1.01194,0.76458,0.23542
70.44000,1.01193,0.74130,0.25870
70.56000,1.01194,0.82268,0.17732
70.68000,1.01194,0.69005,0.30995
70.80000,1.01193,0.62592,0.37408
70.92000,1.01194,0.78058,0.21942
71.04000,1.01194,0.75463,0.24537
71.16000,1.01193,0.74101,0.25899
71.28000,1.01194,0.81331,0.18669
71.40000,1.01193,0.84794,0.15206
71.52000,1.01194,0.81445,0.18555
71.64000,1.01194,0.70889,0.29111
71.76000,1.01193,0.64355,0.35645
71.88000,1.01194,0.70947,0.29053
72.00000,1.01194,0.66792,0.33208
72.12000,1.01193,0.68855,0.31145
72.24000,1.01194,0.79666,0.20334
72.36000,1.01194,0.80900,0.19100
72.48000,1.01193,0.77376,0.22624
72.60000,1.01194,0.84502,0.15498
72.72000,1.01194,0.76194,0.23806
72.84000,1.01194,0.87033,0.12967
72.96000,1.01194,0.84081,0.15919
73.08000,1.01193,0.85177,0.14823
73.20000,1.01194,0.85898,0.14102
73.32000,1.01194,0.77801,0.22199
73.44000,1.01193,0.80159,0.19841
73.56000,1.01194,0.72791,0.27208
73.68000,1.01194,0.71264,0.28736
73.80000,1.01193,0.73156,0.26844
73.92000,1.01194,0.71073,0.28927
74.04000,1.01194,0.75819,0.24181
74.16000,1.01193,0.80975,0.19025
74.28000,1.01194,0.80814,0.19186
74.40000,1.01193,0.81283,0.18717
74.52000,1.01194,0.70374,0.29626
74.64000,1.01194,0.68957,0.31043
74.76000,1.01193,0.66794,0.33206
74.88000,1.01194,0.68695,0.31304
75.00000,1.01194,0.73248,0.26752
75.12000,1.01193,0.61562,0.38438
75.24000,1.01194,0.57781,0.42219
75.36000,1.01194,0.62627,0.37373
75.48000,1.01193,0.59434,0.40566
75.60000,1.01194,0.77865,0.22135
75.72000,1.01194,0.63404,0.36596
75.84000,1.01194,0.81504,0.18496
75.96000,1.01194,0.61874,0.38126
76.08000,1.01193,0.80435,0.19565
76.20000,1.01194,0.43574,0.56426
76.32000,1.01194,0.78963,0.21037
76.44000,1.01193,0.64090,0.35910
76.56000,1.01194,0.79645,0.20355
76.68000,1.01194,0.72132,0.27868
76.80000,1.01193,0.68823,0.31177
76.92000,1.01194,0.62014,0.37986
77.04000,1.01194,0.53848,0.46152
77.16000,1.01193,0.52855,0.47145
77.28000,1.01194,0.49871,0.50129
77.40000,1.01193,0.47763,0.52237
77.52000,1.01194,0.70969,0.29031
77.64000,1.01194,0.51973,0.48027
77.76000,1.01193,0.64702,0.35298
77.88000,1.01194,0.50253,0.49747
78.00000,1.01194,0.63174,0.36826
78.12000,1.01193,0.66326,0.33674
78.24000,1.01194,0.67568,0.32432
78.36000,1.01194,0.76028,0.23972
78.48000,1.01193,0.73055,0.26945
78.60000,1.01194,0.81871,0.18129
78.72000,1.01194,0.82532,0.17468
78.84000,1.01194,0.82116,0.17884
78.96000,1.01194,0.90917,0.09083
79.08000,1.01193,0.91259,0.08741
79.20000,1.01194,0.89693,0.10307
79.32000,1.01194,0.86804,0.13196
79.44000,1.01193,0.80213,0.19787
79.56000,1.01194,0.87622,0.12378
79.68000,1.01194,0.72781,0.27219
79.80000,1.01193,0.83049,0.16951
79.92000,1.01194,0.67210,0.32790
80.04000,1.01194,0.48148,0.51852
80.16000,1.01193,0.36907,0.63093
80.28000,1.01194,0.32786,0.67214
80.40000,1.01193,0.38860,0.61140
80.52000,1.01194,0.27397,0.72603
80.64000,1.01194,0.39336,0.60664
80.76000,1.01193,0.23083,0.76917
80.88000,1.01194,0.32786,0.67214
81.00000,1.01194,0.19474,0.80526
81.12000,1.01193,0.25516,0.74484
81.24000,1.01194,0.26252,0.73748
81.36000,1.01194,0.23915,0.76085
81.48000,1.01193,0.26905,0.73095
81.60000,1.01194,0.26221,0.73779
81.72000,1.01194,0.39583,0.60417
81.84000,1.01194,0.38481,0.61519
81.96000,1.01194,0.51814,0.48186
82.08000,1.01193,0.22987,0.77013
82.20000,1.01194,0.56671,0.43329
82.32000,1.01194,0.14273,0.85727
82.44000,1.01193,0.48218,0.51782
82.56000,1.01194,0.14186,0.85814
82.68000,1.01194,0.29840,0.70160
82.80000,1.01193,0.21438,0.78562
82.92000,1.01194,0.28076,0.71924
83.04000,1.01194,0.31296,0.68704
83.16000,1.01193,0.25678,0.74322
83.28000,1.01194,0.34980,0.65020
83.40000,1.01193,0.35036,0.64964
83.52000,1.01194,0.38135,0.61865
83.64000,1.01194,0.35658,0.64342
83.76000,1.01193,0.23931,0.76069
83.88000,1.01194,0.26057,0.73943
84.00000,1.01194,0.24266,0.75734
84.12000,1.01193,0.28422,0.71578
84.24000,1.01194,0.24624,0.75376
84.36000,1.01194,0.40510,0.59490
84.48000,1.01193,0.37880,0.62120
84.60000,1.01194,0.48718,0.51282
84.72000,1.01194,0.53609,0.46391
84.84000,1.01194,0.56173,0.43827
84.96000,1.01194,0.76269,0.23731
85.08000,1.01193,0.59529,0.40471
85.20000,1.01194,0.60107,0.39893
85.32000,1.01194,0.60838,0.39162
85.44000,1.01193,0.58857,0.41143
85.56000,1.01194,0.59799,0.40201
85.68000,1.01194,0.63583,0.36417
85.80000,1.01193,0.54736,0.45264
85.92000,1.01194,0.47423,0.52577
86.04000,1.01194,0.39024,0.60976
86.16000,1.01193,0.36802,0.63198
86.28000,1.01194,0.23967,0.76033
86.40000,1.01193,0.38249,0.61751
86.52000,1.01194,0.28610,0.71390
86.64000,1.01194,0.55185,0.44815
86.76000,1.01193,0.54382,0.45618
86.88000,1.01194,0.64746,0.35254
87.00000,1.01194,0.45814,0.54186
87.12000,1.01193,0.53378,0.46622
87.24000,1.01194,0.37869,0.62131
87.36000,1.01194,0.32636,0.67364
87.48000,1.01193,0.23393,0.76607
87.60000,1.01194,0.24467,0.75533
87.72000,1.01194,0.21003,0.78997
87.84000,1.01194,0.22628,0.77372
87.96000,1.01194,0.54133,0.45867
88.08000,1.01193,0.34419,0.65581
88.20000,1.01194,0.57906,0.42094
88.32000,1.01194,0.36537,0.63463
88.44000,1.01193,0.36816,0.63184
88.56000,1.01194,0.38113,0.61887
88.68000,1.01194,0.22365,0.77635
88.80000,1.01193,0.31057,0.68943
88.92000,1.01194,0.19423,0.80577
89.04000,1.01194,0.37458,0.62542
89.16000,1.01193,0.30517,0.69483
89.28000,1.01194,0.43429,0.56571
89.40000,1.01193,0.42078,0.57922
89.52000,1.01194,0.53971,0.46029
89.64000,1.01194,0.55256,0.44744
89.76000,1.01193,0.45446,0.54554
89.88000,1.01194,0.47904,0.52096
90.00000,1.01194,0.33482,0.66518
90.12000,1.01193,0.50300,0.49700
90.24000,1.01194,0.32711,0.67289
90.36000,1.01194,0.62744,0.37256
90.48000,1.01193,0.56438,0.43562
90.60000,1.01194,0.70848,0.29152
90.72000,1.01194,0.57169,0.42831
90.84000,1.01194,0.73264,0.26736
90.96000,1.01194,0.66880,0.33120
91.08000,1.01193,0.76195,0.23805
91.20000,1.01194,0.58660,0.41340
91.32000,1.01194,0.54080,0.45920
91.44000,1.01193,0.59598,0.40402
91.56000,1.01194,0.52348,0.47652
91.68000,1.01194,0.59950,0.40050
91.80000,1.01193,0.70906,0.29094
91.92000,1.01194,0.55215,0.44785
92.04000,1.01194,0.70776,0.29224
92.16000,1.01193,0.70937,0.29063
92.28000,1.01194,0.62255,0.37745
92.40000,1.01193,0.72605,0.27395
92.52000,1.01194,0.61584,0.38416
92.64000,1.01194,0.77284,0.22716
92.76000,1.01193,0.61901,0.38099
92.88000,1.01194,0.83950,0.16050
93.00000,1.01194,0.68326,0.31674
93.12000,1.01193,0.80362,0.19638
93.24000,1.01194,0.64451,0.35549
93.36000,1.01194,0.80998,0.19002
93.48000,1.01193,0.80581,0.19419
93.60000,1.01194,0.77103,0.22897
93.72000,1.01194,0.78554,0.21446
93.84000,1.01194,0.68939,0.31061
93.96000,1.01194,0.68685,0.31315
94.08000,1.01193,0.74678,0.25322
94.20000,1.01194,0.74256,0.25744
94.32000,1.01194,0.80242,0.19758
94.44000,1.01193,0.73347,0.26653
94.56000,1.01194,0.80982,0.19018
94.68000,1.01194,0.63744,0.36256
94.80000,1.01193,0.66173,0.33827
94.92000,1.01194,0.62525,0.37475
95.04000,1.01194,0.63861,0.36139
95.16000,1.01193,0.62208,0.37792
95.28000,1.01194,0.52727,0.47273
95.40000,1.01193,0.52573,0.47427
95.52000,1.01194,0.53959,0.46041
95.64000,1.01194,0.59138,0.40862
95.76000,1.01193,0.56480,0.43520
95.88000,1.01194,0.59536,0.40464
96.00000,1.01194,0.67109,0.32891
96.12000,1.01193,0.61480,0.38520
96.24000,1.01194,0.62827,0.37173
96.36000,1.01194,0.65127,0.34873
96.48000,1.01193,0.78040,0.21960
96.60000,1.01194,0.60550,0.39450
96.72000,1.01194,0.66454,0.33546
96.84000,1.01194,0.74262,0.25738
96.96000,1.01194,0.77305,0.22695
97.08000,1.01193,0.81373,0.18627
97.20000,1.01194,0.83964,0.16036
97.32000,1.01194,0.81765,0.18235
97.44000,1.01193,0.81549,0.18451
97.56000,1.01194,0.78226,0.21774
97.68000,1.01194,0.79083,0.20917
97.80000,1.01193,0.80533,0.19467
97.92000,1.01194,0.68794,0.31206
98.04000,1.01194,0.71944,0.28056
98.16000,1.01193,0.69380,0.30620
98.28000,1.01194,0.53521,0.46479
98.40000,1.01193,0.54778,0.45222
98.52000,1.01194,0.49586,0.50414
98.64000,1.01194,0.53229,0.46771
98.76000,1.01193,0.53083,0.46917
98.88000,1.01194,0.62651,0.37349
99.00000,1.01194,0.68180,0.31820
99.12000,1.01193,0.72017,0.27983
99.24000,1.01194,0.72831,0.27169
99.36000,1.01194,0.68253,0.31747
99.48000,1.01193,0.83775,0.16225
99.60000,1.01194,0.66738,0.33262
99.72000,1.01194,0.87453,0.12547
99.84000,1.01194,0.74519,0.25481
99.96000,1.01194,0.75910,0.24090
100.08000,1.01193,0.71430,0.28570
100.20000,1.01194,0.71875,0.28125
100.32000,1.01194,0.84286,0.15714
100.44000,1.01193,0.68717,0.31283
100.56000,1.01194,0.80206,0.19794
100.68000,1.01194,0.68936,0.31064
100.80000,1.01193,0.78774,0.21226
100.92000,1.01194,0.66334,0.33666
101.04000,1.01194,0.62804,0.37196
101.16000,1.01193,0.66997,0.33003
101.28000,1.01194,0.65723,0.34277
101.40000,1.01193,0.72828,0.27172
101.52000,1.01194,0.68536,0.31464
101.64000,1.01194,0.65164,0.34836
101.76000,1.01193,0.68506,0.31494
101.88000,1.01194,0.71893,0.28107
102.00000,1.01194,0.65121,0.34879
102.12000,1.01193,0.76468,0.23532
102.24000,1.01194,0.69345,0.30655
102.36000,1.01194,0.71813,0.28187
102.48000,1.01193,0.69825,0.30175
102.60000,1.01194,0.68258,0.31742
102.72000,1.01194,0.74577,0.25423
102.84000,1.01194,0.66411,0.33589
102.96000,1.01194,0.75562,0.24438
103.08000,1.01193,0.69554,0.30446
103.20000,1.01194,0.58658,0.41342
103.32000,1.01194,0.60992,0.39008
103.44000,1.01193,0.67586,0.32414
103.56000,1.01194,0.60234,0.39766
103.68000,1.01194,0.63372,0.36628
103.80000,1.01193,0.69961,0.30039
103.92000,1.01194,0.64205,0.35795
104.04000,1.01194,0.65424,0.34576
104.16000,1.01193,0.58402,0.41598
104.28000,1.01194,0.70477,0.29523
104.40000,1.01193,0.67691,0.32309
104.52000,1.01194,0.74695,0.25305
104.64000,1.01194,0.60511,0.39489
104.76000,1.01193,0.61309,0.38691
104.88000,1.01194,0.45694,0.54306
105.00000,1.01194,0.62410,0.37590
105.12000,1.01193,0.45440,0.54560
105.24000,1.01194,0.49242,0.50758
105.36000,1.01194,0.42585,0.57415
105.48000,1.01193,0.57961,0.42039
105.60000,1.01194,0.56120,0.43880
105.72000,1.01194,0.64906,0.35094
105.84000,1.01194,0.61790,0.38210
105.96000,1.01194,0.60729,0.39271
106.08000,1.01193,0.55541,0.44459
106.20000,1.01194,0.63215,0.36785
106.32000,1.01194,0.68162,0.31838
106.44000,1.01193,0.76933,0.23067
106.56000,1.01194,0.68860,0.31140
106.68000,1.01194,0.73317,0.26683
106.80000,1.01193,0.77384,0.22616
106.92000,1.01194,0.77761,0.22239
107.04000,1.01194,0.79251,0.20749
107.16000,1.01193,0.72099,0.27901
107.28000,1.01194,0.73426,0.26574
107.40000,1.01193,0.82985,0.17015
107.52000,1.01194,0.71743,0.28257
107.64000,1.01194,0.72330,0.27670
107.76000,1.01193,0.70303,0.29697
107.88000,1.01194,0.68341,0.31659
108.00000,1.01194,0.71353,0.28647
108.12000,1.01193,0.76886,0.23114
108.24000,1.01194,0.79238,0.20762
108.36000,1.01194,0.83651,0.16349
108.48000,1.01193,0.74329,0.25671
108.60000,1.01194,0.66490,0.33510
108.72000,1.01194,0.66918,0.33082
108.84000,1.01194,0.64451,0.35549
108.96000,1.01194,0.63062,0.36938
109.08000,1.01193,0.62312,0.37688
109.20000,1.01194,0.30270,0.69730
109.32000,1.01194,0.66950,0.33050
109.44000,1.01193,0.46002,0.53998
109.56000,1.01194,0.61398,0.38602
109.68000,1.01194,0.54488,0.45512
109.80000,1.01193,0.69344,0.30656
109.92000,1.01194,0.57701,0.42299
110.04000,1.01194,0.65597,0.34403
110.16000,1.01193,0.77179,0.22821
110.28000,1.01194,0.59753,0.40247
110.40000,1.01193,0.64642,0.35358
110.52000,1.01194,0.45316,0.54684
110.64000,1.01194,0.72609,0.27391
110.76000,1.01193,0.57957,0.42043
110.88000,1.01194,0.63004,0.36996
111.00000,1.01194,0.67981,0.32019
111.12000,1.01193,0.60182,0.39818
111.24000,1.01194,0.75520,0.24480
111.36000,1.01194,0.68067,0.31933
111.48000,1.01193,0.81423,0.18577
111.60000,1.01194,0.78486,0.21514
111.72000,1.01194,0.73637,0.26363
111.84000,1.01194,0.66209,0.33791
111.96000,1.01194,0.77300,0.22700
112.08000,1.01193,0.75731,0.24269
112.20000,1.01194,0.75961,0.24039
112.32000,1.01194,0.81138,0.18862
112.44000,1.01193,0.69538,0.30462
112.56000,1.01194,0.66342,0.33658
112.68000,1.01194,0.53730,0.46270
112.80000,1.01193,0.45449,0.54551
112.92000,1.01194,0.32283,0.67717
113.04000,1.01194,0.26740,0.73260
113.16000,1.01193,0.25301,0.74699
113.28000,1.01194,0.16652,0.83348
113.40000,1.01193,0.31398,0.68602
113.52000,1.01194,0.17089,0.82911
113.64000,1.01194,0.20995,0.79005
113.76000,1.01193,0.19101,0.80899
113.88000,1.01194,0.21082,0.78918
114.00000,1.01194,0.19867,0.80133
114.12000,1.01193,0.07787,0.92213
114.24000,1.01194,0.11953,0.88047
114.36000,1.01194,0.13486,0.86514
114.48000,1.01193,0.31977,0.68023
114.60000,1.01194,0.22300,0.77700
114.72000,1.01194,0.28546,0.71454
114.84000,1.01194,0.08858,0.91142
114.96000,1.01194,0.13173,0.86827
115.08000,1.01193,0.06734,0.93266
115.20000,1.01194,0.12004,0.87996
115.32000,1.01194,0.09084,0.90916
115.44000,1.01193,0.06171,0.93829
115.56000,1.01194,0.09042,0.90958
115.68000,1.01194,0.05884,0.94116
115.80000,1.01193,0.10631,0.89369
115.92000,1.01194,0.09181,0.90819
116.04000,1.01194,0.24207,0.75793
116.16000,1.01193,0.05438,0.94562
116.28000,1.01194,0.09639,0.90361
116.40000,1.01193,0.04131,0.95869
116.52000,1.01194,0.06692,0.93308
116.64000,1.01194,0.05213,0.94787
116.76000,1.01193,0.05156,0.94844
116.88000,1.01194,0.06122,0.93878
117.00000,1.01194,0.07565,0.92435
117.12000,1.01193,0.09545,0.90456
117.24000,1.01194,0.16166,0.83834
117.36000,1.01194,0.05463,0.94537
117.48000,1.01193,0.13222,0.86778
117.60000,1.01194,0.07403,0.92597
117.72000,1.01194,0.27251,0.72749
117.84000,1.01194,0.10256,0.89744
117.96000,1.01194,0.30107,0.69893
118.08000,1.01193,0.20200,0.79800
118.20000,1.01194,0.20315,0.79685
118.32000,1.01194,0.15939,0.84061
118.44000,1.01193,0.24352,0.75648
118.56000,1.01194,0.14418,0.85582
118.68000,1.01194,0.08508,0.91492
118.80000,1.01193,0.09701,0.90299
118.92000,1.01194,0.21144,0.78856
119.04000,1.01194,0.14859,0.85141
119.16000,1.01193,0.21203,0.78797
119.28000,1.01194,0.21417,0.78583
119.40000,1.01193,0.25507,0.74493
119.52000,1.01194,0.17461,0.82539
119.64000,1.01194,0.18257,0.81743
119.76000,1.01193,0.38101,0.61899
119.88000,1.01194,0.22932,0.77068
120.00000,1.01194,0.33980,0.66020
120.12000,1.01193,0.33262,0.66738
120.24000,1.01194,0.33666,0.66334
120.36000,1.01194,0.25476,0.74524
120.48000,1.01193,0.16077,0.83923
120.60000,1.01194,0.13820,0.86180
120.72000,1.01194,0.21914,0.78086
120.84000,1.01194,0.10233,0.89767
120.96000,1.01194,0.07859,0.92141
121.08000,1.01193,0.15254,0.84746
121.20000,1.01194,0.08709,0.91291
121.32000,1.01194,0.14382,0.85618
121.44000,1.01193,0.08504,0.91496
121.56000,1.01194,0.08372,0.91628
121.68000,1.01194,0.06500,0.93500
121.80000,1.01193,0.09978,0.90022
121.92000,1.01194,0.15864,0.84136
122.04000,1.01194,0.08628,0.91372
122.16000,1.01193,0.07887,0.92113
122.28000,1.01194,0.10800,0.89200
122.40000,1.01193,0.09312,0.90688
122.52000,1.01194,0.07691,0.92309
122.64000,1.01194,0.10901,0.89099
122.76000,1.01193,0.10325,0.89675
122.88000,1.01194,0.07305,0.92695
123.00000,1.01194,0.10358,0.89642
123.12000,1.01193,0.05384,0.94616
123.24000,1.01194,0.07108,0.92892
123.36000,1.01194,0.06782,0.93218
123.48000,1.01193,0.09178,0.90822
123.60000,1.01194,0.05104,0.94896
123.72000,1.01194,0.06467,0.93533
123.84000,1.01194,0.04915,0.95085
123.96000,1.01194,0.07381,0.92619
124.08000,1.01193,0.06685,0.93315
124.20000,1.01194,0.13000,0.87000
124.32000,1.01194,0.07148,0.92852
124.44000,1.01193,0.07782,0.92218
124.56000,1.01194,0.06091,0.93909
124.68000,1.01194,0.08590,0.91410
124.80000,1.01193,0.09642,0.90358
124.92000,1.01194,0.10229,0.89771
125.04000,1.01194,0.15224,0.84776
125.16000,1.01193,0.09435,0.90565
125.28000,1.01194,0.13283,0.86717
125.40000,1.01193,0.18580,0.81420
125.52000,1.01194,0.15077,0.84923
125.64000,1.01194,0.23921,0.76079
125.76000,1.01193,0.08432,0.91568
125.88000,1.01194,0.19710,0.80290
126.00000,1.01194,0.15062,0.84938
126.12000,1.01193,0.14999,0.85001
126.24000,1.01194,0.15632,0.84368
126.36000,1.01194,0.16893,0.83107
126.48000,1.01193,0.24375,0.75625
126.60000,1.01194,0.23499,0.76501
126.72000,1.01194,0.48902,0.51098
126.84000,1.01194,0.37633,0.62367
126.96000,1.01194,0.58069,0.41931
127.08000,1.01193,0.41399,0.58601
127.20000,1.01195,0.60941,0.39059
127.32000,1.01194,0.70372,0.29628
127.44000,1.01193,0.73894,0.26106
127.56000,1.01193,0.77151,0.22849
127.68000,1.01194,0.75980,0.24020
127.80000,1.01193,0.81325,0.18675
127.92000,1.01193,0.66285,0.33715
128.03999,1.01195,0.80137,0.19863
128.16000,1.01193,0.77309,0.22691
128.28000,1.01193,0.82858,0.17142
128.39999,1.01195,0.81331,0.18669
128.52000,1.01193,0.81863,0.18137
128.64000,1.01193,0.85650,0.14350
128.75999,1.01195,0.86047,0.13953
128.88000,1.01193,0.86503,0.13497
129.00000,1.01193,0.86715,0.13285
129.12000,1.01195,0.86846,0.13154
129.24001,1.01193,0.94282,0.05718
129.36000,1.01193,0.91359,0.08641
129.48000,1.01195,0.94297,0.05703
129.60001,1.01193,0.87369,0.12631
129.72000,1.01193,0.95087,0.04913
129.84000,1.01195,0.88979,0.11021
129.96001,1.01193,0.94957,0.05043
130.08000,1.01193,0.84396,0.15604
130.20000,1.01195,0.95191,0.04809
130.32001,1.01193,0.82012,0.17988
130.44000,1.01193,0.93715,0.06285
130.56000,1.01193,0.85393,0.14607
130.67999,1.01195,0.88292,0.11708
130.80000,1.01193,0.86418,0.13582
130.92000,1.01193,0.83185,0.16815
131.03999,1.01195,0.83805,0.16195
131.16000,1.01193,0.81841,0.18159
131.28000,1.01193,0.90583,0.09417
131.39999,1.01195,0.81490,0.18510
131.52000,1.01193,0.91024,0.08976
131.64000,1.01193,0.84080,0.15920
131.75999,1.01195,0.89577,0.10423
131.88000,1.01193,0.90037,0.09963
132.00000,1.01193,0.89971,0.10029
132.12000,1.01195,0.91433,0.08567
132.24001,1.01193,0.93339,0.06661
132.36000,1.01193,0.91435,0.08565
132.48000,1.01195,0.91702,0.08298
132.60001,1.01193,0.84569,0.15431
132.72000,1.01193,0.93322,0.06678
132.84000,1.01195,0.95590,0.04410
132.96001,1.01193,0.97133,0.02867
133.08000,1.01193,0.97708,0.02292
133.20000,1.01195,0.95478,0.04522
133.32001,1.01193,0.97370,0.02630
133.44000,1.01193,0.95906,0.04094
133.56000,1.01193,0.96044,0.03956
133.67999,1.01195,0.91523,0.08477
133.80000,1.01193,0.95553,0.04447
133.92000,1.01193,0.90573,0.09427
134.03999,1.01195,0.95273,0.04727
134.16000,1.01193,0.79066,0.20934
134.28000,1.01193,0.93987,0.06013
134.39999,1.01195,0.81188,0.18812
134.52000,1.01193,0.92104,0.07896
134.64000,1.01193,0.84145,0.15855
134.75999,1.01195,0.87912,0.12088
134.88000,1.01193,0.91169,0.08831
135.00000,1.01193,0.93230,0.06770
135.12000,1.01195,0.86826,0.13174
135.24001,1.01193,0.88280,0.11720
135.36000,1.01193,0.85036,0.14964
135.48000,1.01195,0.82272,0.17728
135.60001,1.01193,0.88147,0.11853
135.72000,1.01193,0.88138,0.11862
135.84000,1.01195,0.85828,0.14172
135.96001,1.01193,0.92882,0.07118
136.08000,1.01193,0.93514,0.06486
136.20000,1.01195,0.96644,0.03356
136.32001,1.01193,0.95833,0.04167
136.44000,1.01193,0.96989,0.03011
136.56000,1.01193,0.92888,0.07112
136.67999,1.01195,0.97208,0.02792
136.80000,1.01193,0.90422,0.09578
136.92000,1.01193,0.93766,0.06234
137.03999,1.01195,0.84586,0.15414
137.16000,1.01193,0.89345,0.10655
137.28000,1.01193,0.84581,0.15419
137.39999,1.01195,0.82410,0.17590
137.52000,1.01193,0.61994,0.38006
137.64000,1.01193,0.78601,0.21399
137.75999,1.01195,0.61047,0.38953
137.88000,1.01193,0.79444,0.20556
138.00000,1.01193,0.72977,0.27023
138.12000,1.01195,0.87673,0.12327
138.24001,1.01193,0.87874,0.12126
138.36000,1.01193,0.84820,0.15180
138.48000,1.01195,0.91377,0.08623
138.60001,1.01193,0.90179,0.09821
138.72000,1.01193,0.92166,0.07834
138.84000,1.01195,0.91382,0.08618
138.96001,1.01193,0.93433,0.06567
139.08000,1.01193,0.90761,0.09239
139.20000,1.01195,0.76590,0.23410
139.32001,1.01193,0.84131,0.15869
139.44000,1.01193,0.81917,0.18083
139.56000,1.01193,0.87008,0.12992
139.67999,1.01195,0.91717,0.08283
139.80000,1.01193,0.89296,0.10704
139.92000,1.01193,0.93011,0.06989
140.03999,1.01195,0.88585,0.11415
140.16000,1.01193,0.91374,0.08626
140.28000,1.01193,0.91828,0.08172
140.39999,1.01195,0.88377,0.11623
140.52000,1.01193,0.90250,0.09750
140.64000,1.01193,0.87915,0.12085
140.75999,1.01195,0.87714,0.12286
140.88000,1.01193,0.79682,0.20318
141.00000,1.01193,0.88331,0.11669
141.12000,1.01195,0.87974,0.12026
141.24001,1.01193,0.88020,0.11980
141.36000,1.01193,0.92497,0.07503
141.48000,1.01195,0.90821,0.09179
141.60001,1.01193,0.89369,0.10631
141.72000,1.01193,0.89831,0.10169
141.84000,1.01195,0.74551,0.25449
141.96001,1.01193,0.85723,0.14277
142.08000,1.01193,0.79961,0.20039
142.20000,1.01195,0.87233,0.12767
142.32001,1.01193,0.75589,0.24411
142.44000,1.01193,0.79063,0.20937
142.56000,1.01193,0.84988,0.15012
142.67999,1.01195,0.79082,0.20918
142.80000,1.01193,0.86144,0.13856
142.92000,1.01193,0.81869,0.18131
143.03999,1.01195,0.89735,0.10265
143.16000,1.01193,0.79380,0.20620
143.28000,1.01193,0.79087,0.20913
143.39999,1.01195,0.85226,0.14774
143.52000,1.01193,0.88594,0.11406
143.64000,1.01193,0.79983,0.20017
143.75999,1.01195,0.86602,0.13398
143.88000,1.01193,0.86721,0.13279
144.00000,1.01193,0.92470,0.07530
144.12000,1.01195,0.82983,0.17017
144.24001,1.01193,0.92089,0.07911
144.36000,1.01193,0.91536,0.08464
144.48000,1.01195,0.91801,0.08199
144.60001,1.01193,0.91730,0.08270
144.72000,1.01193,0.91276,0.08724
144.84000,1.01195,0.93845,0.06155
144.96001,1.01193,0.88259,0.11741
145.08000,1.01193,0.93731,0.06269
145.20000,1.01195,0.80179,0.19821
145.32001,1.01193,0.86869,0.13131
145.44000,1.01193,0.78500,0.21500
145.56000,1.01193,0.87011,0.12989
145.67999,1.01195,0.74209,0.25791
145.80000,1.01193,0.88427,0.11573
145.92000,1.01193,0.87743,0.12257
146.03999,1.01195,0.91410,0.08590
146.16000,1.01193,0.83562,0.16438
146.28000,1.01193,0.93502,0.06498
146.39999,1.01195,0.91440,0.08560
146.52000,1.01193,0.93678,0.06322
146.64000,1.01193,0.85736,0.14264
146.75999,1.01195,0.93894,0.06106
146.88000,1.01193,0.89297,0.10703
147.00000,1.01193,0.91415,0.08585
147.12000,1.01195,0.91337,0.08663
147.24001,1.01193,0.89558,0.10442
147.36000,1.01193,0.91695,0.08305
147.48000,1.01195,0.84089,0.15911
147.60001,1.01193,0.90026,0.09974
147.72000,1.01193,0.84513,0.15487
147.84000,1.01195,0.83648,0.16352
147.96001,1.01193,0.89735,0.10265
148.08000,1.01193,0.87612,0.12388
148.20000,1.01195,0.87121,0.12879
148.32001,1.01193,0.87816,0.12184
148.44000,1.01193,0.93684,0.06316
148.56000,1.01193,0.90366,0.09634
148.67999,1.01195,0.92396,0.07604
148.80000,1.01193,0.92059,0.07941
148.92000,1.01193,0.91317,0.08683
149.03999,1.01195,0.92528,0.07472
149.16000,1.01193,0.95188,0.04812
149.28000,1.01193,0.93343,0.06657
149.39999,1.01195,0.92675,0.07325
149.52000,1.01193,0.94070,0.05930
149.64000,1.01193,0.89074,0.10926
149.75999,1.01195,0.91552,0.08448
149.88000,1.01193,0.92706,0.07294
150.00000,1.01193,0.93975,0.06025
150.12000,1.01195,0.92536,0.07464
150.24001,1.01193,0.95967,0.04033
150.36000,1.01193,0.96707,0.03293
150.48000,1.01195,0.92407,0.07593
150.60001,1.01193,0.93036,0.06964
150.72000,1.01193,0.94137,0.05863
150.84000,1.01195,0.91830,0.08170
150.96001,1.01193,0.93493,0.06507
151.08000,1.01193,0.87885,0.12115
151.20000,1.01195,0.96041,0.03959
151.32001,1.01193,0.91203,0.08797
151.44000,1.01193,0.95707,0.04293
151.56000,1.01193,0.92199,0.07801
151.67999,1.01195,0.96485,0.03515
151.80000,1.01193,0.92782,0.07218
151.92000,1.01193,0.95415,0.04585
152.03999,1.01195,0.92052,0.07948
152.16000,1.01193,0.94924,0.05076
152.28000,1.01193,0.94882,0.05118
152.39999,1.01195,0.95770,0.04230
152.52000,1.01193,0.93277,0.06723
152.64000,1.01193,0.96912,0.03088
152.75999,1.01195,0.96212,0.03788
152.88000,1.01193,0.95599,0.04401
153.00000,1.01193,0.95974,0.04026
153.12000,1.01195,0.93604,0.06396
153.24001,1.01193,0.93992,0.06008
153.36000,1.01193,0.87572,0.12428
153.48000,1.01195,0.87432,0.12568
153.60001,1.01193,0.86328,0.13672
153.72000,1.01193,0.81012,0.18988
153.84000,1.01195,0.77301,0.22699
153.96001,1.01193,0.87976,0.12024
154.08000,1.01193,0.90350,0.09650
154.20000,1.01195,0.93361,0.06639
154.32001,1.01193,0.94477,0.05523
154.44000,1.01193,0.96805,0.03195
154.56000,1.01193,0.96041,0.03959
154.67999,1.01195,0.94639,0.05361
154.80000,1.01193,0.94146,0.05854
154.92000,1.01193,0.85423,0.14577
155.03999,1.01195,0.95367,0.04633
155.16000,1.01193,0.81346,0.18654
155.28000,1.01193,0.93755,0.06245
155.39999,1.01195,0.86587,0.13413
155.52000,1.01193,0.96411,0.03589
155.64000,1.01193,0.95744,0.04256
155.75999,1.01195,0.94159,0.05841
155.88000,1.01193,0.88847,0.11153
156.00000,1.01193,0.96487,0.03513
156.12000,1.01195,0.93780,0.06220
156.24001,1.01193,0.95265,0.04735
156.36000,1.01193,0.90487,0.09513
156.48000,1.01195,0.91912,0.08088
156.60001,1.01193,0.89342,0.10658
156.72000,1.01193,0.86029,0.13971
156.84000,1.01195,0.83012,0.16988
156.96001,1.01193,0.87678,0.12322
157.08000,1.01193,0.86962,0.13038
157.20000,1.01195,0.79831,0.20169
157.32001,1.01193,0.89065,0.10935
157.44000,1.01193,0.93378,0.06622
157.56000,1.01193,0.91245,0.08755
157.67999,1.01195,0.84379,0.15621
157.80000,1.01193,0.90837,0.09163
157.92000,1.01193,0.87979,0.12021
158.03999,1.01195,0.92729,0.07271
158.16000,1.01193,0.85428,0.14572
158.28000,1.01193,0.86482,0.13518
158.39999,1.01195,0.77266,0.22734
158.52000,1.01193,0.79267,0.20733
158.64000,1.01193,0.83622,0.16378
158.75999,1.01195,0.79475,0.20525
158.88000,1.01193,0.63017,0.36983
159.00000,1.01193,0.84809,0.15191
159.12000,1.01195,0.71234,0.28766
159.24001,1.01193,0.77047,0.22953
159.36000,1.01193,0.72234,0.27766
159.48000,1.01195,0.79273,0.20727
159.60001,1.01193,0.65846,0.34154
159.72000,1.01193,0.78073,0.21927
159.84000,1.01195,0.61413,0.38587
159.96001,1.01193,0.75176,0.24824
160.08000,1.01193,0.65408,0.34592
160.20000,1.01195,0.75991,0.24009
160.32001,1.01193,0.76260,0.23740
160.44000,1.01193,0.78261,0.21739
160.56000,1.01193,0.79511,0.20489
160.67999,1.01195,0.82127,0.17873
160.80000,1.01193,0.75993,0.24007
160.92000,1.01193,0.85102,0.14898
161.03999,1.01195,0.65867,0.34133
161.16000,1.01193,0.78458,0.21542
161.28000,1.01193,0.72919,0.27081
161.39999,1.01195,0.70634,0.29366
161.52000,1.01193,0.71910,0.28090
161.64000,1.01193,0.72466,0.27534
161.75999,1.01195,0.71534,0.28466
161.88000,1.01193,0.71236,0.28764
162.00000,1.01193,0.74488,0.25512
162.12000,1.01195,0.77754,0.22246
162.24001,1.01193,0.59843,0.40157
162.36000,1.01193,0.77262,0.22738
162.48000,1.01195,0.55492,0.44508
162.60001,1.01193,0.69614,0.30386
162.72000,1.01193,0.54437,0.45563
162.84000,1.01195,0.65261,0.34739
162.96001,1.01193,0.62192,0.37808
163.08000,1.01193,0.62725,0.37275
163.20000,1.01195,0.66905,0.33095
163.32001,1.01193,0.64291,0.35709
163.44000,1.01193,0.62700,0.37300
163.56000,1.01193,0.64811,0.35189
163.67999,1.01195,0.74496,0.25504
163.80000,1.01193,0.62238,0.37762
163.92000,1.01193,0.74280,0.25720
164.03999,1.01195,0.75047,0.24953
164.16000,1.01193,0.77622,0.22378
164.28000,1.01193,0.86812,0.13188
164.39999,1.01195,0.75163,0.24837
164.52000,1.01193,0.75321,0.24679
164.64000,1.01193,0.80367,0.19633
164.75999,1.01195,0.84015,0.15985
164.88000,1.01193,0.76589,0.23411
165.00000,1.01193,0.83293,0.16707
165.12000,1.01195,0.79002,0.20998
165.24001,1.01193,0.75061,0.24939
165.36000,1.01193,0.82428,0.17572
165.48000,1.01195,0.80026,0.19974
165.60001,1.01193,0.74618,0.25382
165.72000,1.01193,0.85949,0.14051
165.84000,1.01195,0.72239,0.27761
165.96001,1.01193,0.80774,0.19226
166.08000,1.01193,0.72880,0.27120
166.20000,1.01195,0.75815,0.24185
166.32001,1.01193,0.66454,0.33546
166.44000,1.01193,0.64975,0.35025
166.56000,1.01193,0.62854,0.37146
166.67999,1.01195,0.62748,0.37252
166.80000,1.01193,0.60678,0.39322
166.92000,1.01193,0.67730,0.32270
167.03999,1.01195,0.66910,0.33090
167.16000,1.01193,0.66050,0.33950
167.28000,1.01193,0.63189,0.36811
167.39999,1.01195,0.66800,0.33200
167.52000,1.01193,0.72331,0.27669
167.64000,1.01193,0.70133,0.29867
167.75999,1.01195,0.76110,0.23890
167.88000,1.01193,0.67751,0.32249
168.00000,1.01193,0.73131,0.26869
168.12000,1.01195,0.67030,0.32970
168.24001,1.01193,0.78987,0.21013
168.36000,1.01193,0.74899,0.25101
168.48000,1.01195,0.82860,0.17140
168.60001,1.01193,0.73119,0.26881
168.72000,1.01193,0.82256,0.17744
168.84000,1.01195,0.70334,0.29666
168.96001,1.01193,0.81142,0.18858
169.08000,1.01193,0.74218,0.25782
169.20000,1.01195,0.67803,0.32197
169.32001,1.01193,0.65429,0.34571
169.44000,1.01193,0.59160,0.40840
169.56000,1.01193,0.61336,0.38664
169.67999,1.01195,0.72647,0.27353
169.80000,1.01193,0.67052,0.32948
169.92000,1.01193,0.78540,0.21460
170.03999,1.01195,0.75096,0.24904
170.16000,1.01193,0.81057,0.18943
170.28000,1.01193,0.77456,0.22544
170.39999,1.01195,0.80566,0.19434
170.52000,1.01193,0.69766,0.30234
170.64000,1.01193,0.75467,0.24533
170.75999,1.01195,0.78030,0.21970
170.88000,1.01193,0.84658,0.15342
171.00000,1.01193,0.70598,0.29402
171.12000,1.01195,0.81891,0.18109
171.24001,1.01193,0.78921,0.21079
171.36000,1.01193,0.79891,0.20109
171.48000,1.01195,0.80807,0.19193
171.60001,1.01193,0.77618,0.22382
171.72000,1.01193,0.85509,0.14491
171.84000,1.01195,0.85809,0.14191
171.96001,1.01193,0.86810,0.13190
172.08000,1.01193,0.84591,0.15409
172.20000,1.01195,0.74612,0.25388
172.32001,1.01193,0.82275,0.17725
172.44000,1.01193,0.82416,0.17584
172.56000,1.01193,0.76830,0.23170
172.67999,1.01195,0.80515,0.19485
172.80000,1.01193,0.80142,0.19858
172.92000,1.01193,0.80719,0.19281
173.03999,1.01195,0.78499,0.21501
173.16000,1.01193,0.80828,0.19172
173.28000,1.01193,0.68537,0.31463
173.39999,1.01195,0.68578,0.31422
173.52000,1.01193,0.74149,0.25851
173.64000,1.01193,0.75353,0.24647
173.75999,1.01195,0.83962,0.16038
173.88000,1.01193,0.65606,0.34394
174.00000,1.01193,0.80304,0.19696
174.12000,1.01195,0.72337,0.27663
174.24001,1.01193,0.69106,0.30894
174.36000,1.01193,0.76843,0.23157
174.48000,1.01195,0.67430,0.32570
174.60001,1.01193,0.80546,0.19454
174.72000,1.01193,0.74819,0.25181
174.84000,1.01195,0.83372,0.16628
174.96001,1.01193,0.77768,0.22232
175.08000,1.01193,0.80728,0.19272
175.20000,1.01195,0.75531,0.24469
175.32001,1.01193,0.83483,0.16517
175.44000,1.01193,0.83683,0.16317
175.56000,1.01193,0.82331,0.17669
175.67999,1.01195,0.83042,0.16958
175.80000,1.01193,0.80779,0.19221
175.92000,1.01193,0.70913,0.29087
176.03999,1.01195,0.76839,0.23161
176.16000,1.01193,0.75402,0.24598
176.28000,1.01193,0.79221,0.20779
176.39999,1.01195,0.80382,0.19618
176.52000,1.01193,0.82450,0.17550
176.64000,1.01193,0.78524,0.21476
176.75999,1.01195,0.78309,0.21691
176.88000,1.01193,0.79657,0.20343
177.00000,1.01193,0.81236,0.18764
177.12000,1.01195,0.78873,0.21127
177.24001,1.01193,0.84302,0.15698
177.36000,1.01193,0.86985,0.13015
177.48000,1.01195,0.85109,0.14891
177.60001,1.01193,0.88054,0.11946
177.72000,1.01193,0.78632,0.21368
177.84000,1.01195,0.80628,0.19372
177.96001,1.01193,0.81665,0.18335
178.08000,1.01193,0.81449,0.18551
178.20000,1.01195,0.76433,0.23567
178.32001,1.01193,0.64244,0.35756
178.44000,1.01193,0.77310,0.22690
178.56000,1.01193,0.65581,0.34419
178.67999,1.01195,0.75816,0.24184
178.80000,1.01193,0.63885,0.36115
178.92000,1.01193,0.76062,0.23938
179.03999,1.01195,0.72644,0.27356
179.16000,1.01193,0.83388,0.16612
179.28000,1.01193,0.63049,0.36951
179.39999,1.01195,0.77098,0.22902
179.52000,1.01193,0.52292,0.47708
179.64000,1.01193,0.77307,0.22693
179.75999,1.01195,0.61011,0.38989
179.88000,1.01193,0.58500,0.41500
180.00000,1.01193,0.72120,0.27880
180.12000,1.01195,0.66128,0.33872
180.24001,1.01193,0.78032,0.21968
180.36000,1.01193,0.74911,0.25089
180.48000,1.01195,0.79400,0.20600
180.60001,1.01193,0.75833,0.24167
180.72000,1.01193,0.76528,0.23472
180.84000,1.01195,0.73421,0.26579
180.96001,1.01193,0.78933,0.21067
181.08000,1.01193,0.83207,0.16793
181.20000,1.01195,0.81730,0.18270
181.32001,1.01193,0.87696,0.12304
181.44000,1.01193,0.83409,0.16591
181.56000,1.01193,0.91188,0.08812
181.67999,1.01195,0.81164,0.18836
181.80000,1.01193,0.83841,0.16159
181.92000,1.01193,0.70533,0.29467
182.03999,1.01195,0.70251,0.29749
182.16000,1.01193,0.64598,0.35402
182.28000,1.01193,0.71003,0.28997
182.39999,1.01195,0.71541,0.28459
182.52000,1.01193,0.71911,0.28089
182.64000,1.01193,0.72271,0.27729
182.75999,1.01195,0.76078,0.23922
182.88000,1.01193,0.76228,0.23772
183.00000,1.01193,0.78391,0.21609
183.12000,1.01195,0.77727,0.22273
183.24001,1.01193,0.77468,0.22532
183.36000,1.01193,0.84675,0.15325
183.48000,1.01195,0.75942,0.24058
183.60001,1.01193,0.77244,0.22756
183.72000,1.01193,0.68130,0.31870
183.84000,1.01195,0.76486,0.23514
183.96001,1.01193,0.68970,0.31030
184.08000,1.01193,0.65273,0.34727
184.20000,1.01195,0.69546,0.30454
184.32001,1.01193,0.61376,0.38624
184.44000,1.01193,0.75570,0.24430
184.56000,1.01193,0.75464,0.24536
184.67999,1.01195,0.73558,0.26442
184.80000,1.01193,0.73796,0.26204
184.92000,1.01193,0.81383,0.18617
185.03999,1.01195,0.71787,0.28213
185.16000,1.01193,0.74650,0.25350
185.28000,1.01193,0.76612,0.23388
185.39999,1.01195,0.79746,0.20254
185.52000,1.01193,0.68768,0.31232
185.64000,1.01193,0.70489,0.29511
185.75999,1.01195,0.70305,0.29695
185.88000,1.01193,0.71158,0.28842
186.00000,1.01193,0.75127,0.24873
186.12000,1.01195,0.76126,0.23874
186.24001,1.01193,0.72268,0.27732
186.36000,1.01193,0.77539,0.22461
186.48000,1.01195,0.73714,0.26286
186.60001,1.01193,0.73993,0.26007
186.72000,1.01193,0.73007,0.26993
186.84000,1.01195,0.67183,0.32817
186.96001,1.01193,0.75917,0.24083
187.08000,1.01193,0.70415,0.29585
187.20000,1.01195,0.82584,0.17416
187.32001,1.01193,0.65707,0.34293
187.44000,1.01193,0.77177,0.22823
187.56000,1.01193,0.72438,0.27562
187.67999,1.01195,0.70743,0.29257
187.80000,1.01193,0.69837,0.30163
187.92000,1.01193,0.62111,0.37889
188.03999,1.01195,0.74065,0.25935
188.16000,1.01193,0.67484,0.32516
188.28000,1.01193,0.67362,0.32638
188.39999,1.01195,0.57345,0.42655
188.52000,1.01193,0.68199,0.31801
188.64000,1.01193,0.79403,0.20597
188.75999,1.01195,0.86255,0.13745
188.88000,1.01193,0.69773,0.30227
189.00000,1.01193,0.79628,0.20372
189.12000,1.01195,0.67348,0.32652
189.24001,1.01193,0.76729,0.23271
189.36000,1.01193,0.58099,0.41901
189.48000,1.01195,0.73085,0.26915
189.60001,1.01193,0.65636,0.34364
189.72000,1.01193,0.80450,0.19550
189.84000,1.01195,0.73822,0.26178
189.96001,1.01193,0.75568,0.24432
190.08000,1.01193,0.78373,0.21627
190.20000,1.01195,0.76466,0.23534
190.32001,1.01193,0.68902,0.31098
190.44000,1.01193,0.78194,0.21806
190.56000,1.01193,0.66186,0.33814
190.67999,1.01195,0.80888,0.19112
190.80000,1.01193,0.58499,0.41501
190.92000,1.01193,0.81877,0.18123
191.03999,1.01195,0.48733,0.51267
191.16000,1.01193,0.65602,0.34398
191.28000,1.01193,0.44919,0.55081
191.39999,1.01195,0.64467,0.35533
191.52000,1.01193,0.53012,0.46988
191.64000,1.01193,0.61755,0.38245
191.75999,1.01195,0.68629,0.31371
191.88000,1.01193,0.69869,0.30131
192.00000,1.01193,0.75988,0.24012
192.12000,1.01195,0.70705,0.29295
192.24001,1.01193,0.69472,0.30528
192.36000,1.01193,0.72422,0.27578
192.48000,1.01195,0.67430,0.32570
192.60001,1.01193,0.58681,0.41319
192.72000,1.01193,0.73543,0.26457
192.84000,1.01195,0.61806,0.38194
192.96001,1.01193,0.67232,0.32768
193.08000,1.01193,0.70037,0.29963
193.20000,1.01195,0.65864,0.34136
193.32001,1.01193,0.74396,0.25604
193.44000,1.01193,0.64917,0.35083
193.56000,1.01193,0.72810,0.27190
193.67999,1.01195,0.77035,0.22965
193.80000,1.01193,0.72982,0.27018
193.92000,1.01193,0.75616,0.24384
194.03999,1.01195,0.69290,0.30710
194.16000,1.01193,0.71742,0.28258
194.28000,1.01193,0.60963,0.39037
194.39999,1.01195,0.69677,0.30323
194.52000,1.01193,0.65058,0.34942
194.64000,1.01193,0.79717,0.20283
194.75999,1.01195,0.56047,0.43953
194.88000,1.01193,0.72984,0.27016
195.00000,1.01193,0.62775,0.37225
195.12000,1.01195,0.79430,0.20570
195.24001,1.01193,0.59748,0.40252
195.36000,1.01193,0.74938,0.25062
195.48000,1.01195,0.57359,0.42641
195.60001,1.01193,0.69069,0.30931
195.72000,1.01193,0.66671,0.33329
195.84000,1.01195,0.59030,0.40970
195.96001,1.01193,0.72743,0.27257
196.08000,1.01193,0.67018,0.32982
196.20000,1.01195,0.68410,0.31590
196.32001,1.01193,0.70598,0.29402
196.44000,1.01193,0.59621,0.40379
196.56000,1.01193,0.58391,0.41609
196.67999,1.01195,0.58530,0.41470
196.80000,1.01193,0.63860,0.36140
196.92000,1.01193,0.60164,0.39836
197.03999,1.01195,0.70832,0.29168
197.16000,1.01193,0.72932,0.27068
197.28000,1.01193,0.56592,0.43408
197.39999,1.01195,0.75438,0.24563
197.52000,1.01193,0.55073,0.44927
197.64000,1.01193,0.64165,0.35835
197.75999,1.01195,0.68870,0.31130
197.88000,1.01193,0.69068,0.30932
198.00000,1.01193,0.66852,0.33148
198.12000,1.01195,0.72146,0.27854
198.24001,1.01193,0.68280,0.31720
198.36000,1.01193,0.74280,0.25720
198.48000,1.01195,0.69730,0.30270
198.60001,1.01193,0.71331,0.28669
198.72000,1.01193,0.69982,0.30018
198.84000,1.01195,0.70534,0.29466
198.96001,1.01193,0.74909,0.25091
199.08000,1.01193,0.73199,0.26801
199.20000,1.01195,0.68674,0.31326
199.32001,1.01193,0.67048,0.32952
199.44000,1.01193,0.59512,0.40488
199.56000,1.01193,0.70278,0.29722
199.67999,1.01195,0.59623,0.40377
199.80000,1.01193,0.76862,0.23138
199.92000,1.01193,0.58287,0.41713
200.03999,1.01195,0.71704,0.28296
200.16000,1.01193,0.45713,0.54287
200.28000,1.01193,0.61153,0.38847
200.39999,1.01195,0.56044,0.43956
200.52000,1.01193,0.63489,0.36511
200.64000,1.01193,0.55551,0.44449
200.75999,1.01195,0.71004,0.28996
200.88000,1.01193,0.58412,0.41588
201.00000,1.01193,0.75885,0.24115
201.12000,1.01195,0.69106,0.30894
201.24001,1.01193,0.76793,0.23207
201.36000,1.01193,0.71120,0.28880
201.48000,1.01195,0.78764,0.21236
201.60001,1.01193,0.79268,0.20732
201.72000,1.01193,0.70264,0.29736
201.84000,1.01195,0.70850,0.29150
201.96001,1.01193,0.65455,0.34545
202.08000,1.01193,0.77818,0.22182
202.20000,1.01195,0.59380,0.40620
202.32001,1.01193,0.55445,0.44555
202.44000,1.01193,0.66521,0.33479
202.56000,1.01193,0.64879,0.35121
202.67999,1.01195,0.62976,0.37024
202.80000,1.01193,0.68510,0.31490
202.92000,1.01193,0.66088,0.33912
203.03999,1.01195,0.58550,0.41450
203.16000,1.01193,0.64922,0.35078
203.28000,1.01193,0.68735,0.31265
203.39999,1.01195,0.57387,0.42613
203.52000,1.01193,0.62541,0.37459
203.64000,1.01193,0.60126,0.39874
203.75999,1.01195,0.63253,0.36747
203.88000,1.01193,0.67464,0.32536
204.00000,1.01193,0.70071,0.29929
204.12000,1.01195,0.61952,0.38048
204.24001,1.01193,0.73313,0.26687
204.36000,1.01193,0.78687,0.21313
204.48000,1.01195,0.65474,0.34526
204.60001,1.01193,0.82353,0.17647
204.72000,1.01193,0.71987,0.28013
204.84000,1.01195,0.77429,0.22571
204.96001,1.01193,0.71983,0.28017
205.08000,1.01193,0.74329,0.25671
205.20000,1.01195,0.74258,0.25742
205.32001,1.01193,0.72144,0.27856
205.44000,1.01193,0.74556,0.25444
205.56000,1.01193,0.71404,0.28596
205.67999,1.01195,0.77521,0.22479
205.80000,1.01193,0.76825,0.23175
205.92000,1.01193,0.78144,0.21856
206.03999,1.01195,0.60721,0.39279
206.16000,1.01193,0.69567,0.30433
206.28000,1.01193,0.57793,0.42207
206.39999,1.01195,0.73257,0.26743
206.52000,1.01193,0.54422,0.45578
206.64000,1.01193,0.75467,0.24533
206.75999,1.01195,0.51074,0.48926
206.88000,1.01193,0.67839,0.32161
207.00000,1.01193,0.55729,0.44271
207.12000,1.01195,0.66566,0.33434
207.24001,1.01193,0.53687,0.46313
207.36000,1.01193,0.64490,0.35510
207.48000,1.01195,0.54948,0.45052
207.60001,1.01193,0.61387,0.38613
207.72000,1.01193,0.62370,0.37630
207.84000,1.01195,0.71115,0.28885
207.96001,1.01193,0.64723,0.35277
208.08000,1.01193,0.62960,0.37040
208.20000,1.01195,0.47063,0.52937
208.32001,1.01193,0.55796,0.44204
208.44000,1.01193,0.53973,0.46027
208.56000,1.01193,0.50265,0.49735
208.67999,1.01195,0.49512,0.50488
208.80000,1.01193,0.60891,0.39109
208.92000,1.01193,0.57652,0.42348
209.03999,1.01195,0.61947,0.38053
209.16000,1.01193,0.64402,0.35598
209.28000,1.01193,0.69349,0.30651
209.39999,1.01195,0.63127,0.36873
209.52000,1.01193,0.68010,0.31990
209.64000,1.01193,0.56714,0.43286
209.75999,1.01195,0.65308,0.34692
209.88000,1.01193,0.59015,0.40985
210.00000,1.01193,0.80617,0.19383
210.12000,1.01195,0.64652,0.35348
210.24001,1.01193,0.69843,0.30157
210.36000,1.01193,0.77316,0.22684
210.48000,1.01195,0.72313,0.27687
210.60001,1.01193,0.79311,0.20689
210.72000,1.01193,0.64209,0.35791
210.84000,1.01195,0.65618,0.34382
210.96001,1.01193,0.62558,0.37442
211.08000,1.01193,0.57028,0.42972
211.20000,1.01195,0.58720,0.41280
211.32001,1.01193,0.53169,0.46831
211.44000,1.01193,0.64331,0.35669
211.56000,1.01193,0.47543,0.52457
211.67999,1.01195,0.62100,0.37900
211.80000,1.01193,0.58121,0.41879
211.92000,1.01193,0.62464,0.37536
212.03999,1.01195,0.52624,0.47376
212.16000,1.01193,0.57242,0.42758
212.28000,1.01193,0.64241,0.35759
212.39999,1.01195,0.76134,0.23866
212.52000,1.01193,0.63002,0.36998
212.64000,1.01193,0.64899,0.35101
212.75999,1.01195,0.63783,0.36217
212.88000,1.01193,0.73912,0.26088
213.00000,1.01193,0.66713,0.33287
213.12000,1.01195,0.65061,0.34939
213.24001,1.01193,0.63071,0.36929
213.36000,1.01193,0.59652,0.40348
213.48000,1.01195,0.60506,0.39494
213.60001,1.01193,0.58528,0.41472
213.72000,1.01193,0.56362,0.43638
213.84000,1.01195,0.51049,0.48951
213.96001,1.01193,0.55986,0.44014
214.08000,1.01193,0.60186,0.39814
214.20000,1.01195,0.49955,0.50045
214.32001,1.01193,0.66129,0.33871
214.44000,1.01193,0.54200,0.45800
214.56000,1.01193,0.71411,0.28589
214.67999,1.01195,0.54396,0.45604
214.80000,1.01193,0.62984,0.37016
214.92000,1.01193,0.54355,0.45645
215.03999,1.01195,0.57554,0.42446
215.16000,1.01193,0.56401,0.43599
215.28000,1.01193,0.50763,0.49237
215.39999,1.01195,0.62320,0.37680
215.52000,1.01193,0.53292,0.46708
215.64000,1.01193,0.54825,0.45175
215.75999,1.01195,0.45421,0.54579
215.88000,1.01193,0.56219,0.43781
216.00000,1.01193,0.61079,0.38921
216.12000,1.01195,0.53260,0.46740
216.24001,1.01193,0.57373,0.42627
216.36000,1.01193,0.57791,0.42209
216.48000,1.01195,0.62434,0.37566
216.60001,1.01193,0.58945,0.41055
216.72000,1.01193,0.68288,0.31712
216.84000,1.01195,0.59558,0.40442
216.96001,1.01193,0.65945,0.34055
217.08000,1.01193,0.58240,0.41760
217.20000,1.01195,0.55012,0.44988
217.32001,1.01193,0.53282,0.46718
217.44000,1.01193,0.42600,0.57400
217.56000,1.01193,0.49835,0.50165
217.67999,1.01195,0.44568,0.55432
217.80000,1.01193,0.45278,0.54722
217.92000,1.01193,0.52178,0.47822
218.03999,1.01195,0.55482,0.44518
218.16000,1.01193,0.46596,0.53404
218.28000,1.01193,0.66015,0.33985
218.39999,1.01195,0.55526,0.44474
218.52000,1.01193,0.61340,0.38660
218.64000,1.01193,0.52371,0.47629
218.75999,1.01195,0.51237,0.48763
218.88000,1.01193,0.57854,0.42146
219.00000,1.01193,0.50102,0.49898
219.12000,1.01195,0.43577,0.56423
219.24001,1.01193,0.48064,0.51936
219.36000,1.01193,0.49293,0.50707
219.48000,1.01195,0.52231,0.47769
219.60001,1.01193,0.46618,0.53382
219.72000,1.01193,0.52093,0.47907
219.84000,1.01195,0.40879,0.59121
219.96001,1.01193,0.49844,0.50156
220.08000,1.01193,0.40933,0.59067
220.20000,1.01195,0.44243,0.55757
220.32001,1.01193,0.48420,0.51580
220.44000,1.01193,0.42385,0.57615
220.56000,1.01193,0.51489,0.48511
220.67999,1.01195,0.50123,0.49877
220.80000,1.01193,0.57907,0.42093
220.92000,1.01193,0.56226,0.43774
221.03999,1.01195,0.57545,0.42455
221.16000,1.01193,0.62701,0.37299
221.28000,1.01193,0.56426,0.43574
221.39999,1.01195,0.60925,0.39075
221.52000,1.01193,0.55203,0.44797
221.64000,1.01193,0.57037,0.42963
221.75999,1.01195,0.49484,0.50516
221.88000,1.01193,0.59046,0.40954
222.00000,1.01193,0.48280,0.51720
222.12000,1.01195,0.59195,0.40805
222.24001,1.01193,0.61750,0.38250
222.36000,1.01193,0.57749,0.42251
222.48000,1.01195,0.50607,0.49393
222.60001,1.01193,0.64423,0.35577
222.72000,1.01193,0.62494,0.37506
222.84000,1.01195,0.56845,0.43155
222.96001,1.01193,0.56839,0.43161
223.08000,1.01193,0.72098,0.27902
223.20000,1.01195,0.59537,0.40463
223.32001,1.01193,0.68460,0.31540
223.44000,1.01193,0.64096,0.35904
223.56000,1.01193,0.68604,0.31396
223.67999,1.01195,0.63553,0.36447
223.80000,1.01193,0.72469,0.27531
223.92000,1.01193,0.66435,0.33565
224.03999,1.01195,0.70475,0.29525
224.16000,1.01193,0.64956,0.35044
224.28000,1.01193,0.58901,0.41099
224.39999,1.01195,0.67820,0.32180
224.52000,1.01193,0.60633,0.39367
224.64000,1.01193,0.58680,0.41320
224.75999,1.01195,0.58956,0.41044
224.88000,1.01193,0.48251,0.51749
225.00000,1.01193,0.47678,0.52322
225.12000,1.01195,0.35049,0.64951
225.24001,1.01193,0.52861,0.47139
225.36000,1.01193,0.37534,0.62466
225.48000,1.01195,0.52195,0.47805
225.60001,1.01193,0.49067,0.50933
225.72000,1.01193,0.48604,0.51396
225.84000,1.01195,0.72924,0.27076
225.96001,1.01193,0.69204,0.30796
226.08000,1.01193,0.76834,0.23166
226.20000,1.01195,0.68193,0.31807
226.32001,1.01193,0.74077,0.25923
226.44000,1.01193,0.70491,0.29509
226.56000,1.01193,0.67624,0.32376
226.67999,1.01195,0.58209,0.41791
226.80000,1.01193,0.56531,0.43469
226.92000,1.01193,0.52411,0.47589
227.03999,1.01195,0.63892,0.36108
227.16000,1.01193,0.45966,0.54034
227.28000,1.01193,0.68866,0.31134
227.39999,1.01195,0.67837,0.32163
227.52000,1.01193,0.61356,0.38644
227.64000,1.01193,0.57912,0.42088
227.75999,1.01195,0.63468,0.36532
227.88000,1.01193,0.55130,0.44870
228.00000,1.01193,0.69904,0.30096
228.12000,1.01195,0.59503,0.40497
228.24001,1.01193,0.71999,0.28001
228.36000,1.01193,0.59788,0.40212
228.48000,1.01195,0.74307,0.25693
228.60001,1.01193,0.63618,0.36382
228.72000,1.01193,0.69514,0.30486
228.84000,1.01195,0.59145,0.40855
228.96001,1.01193,0.64641,0.35359
229.08000,1.01193,0.60078,0.39922
229.20000,1.01195,0.60030,0.39970
229.32001,1.01193,0.56007,0.43993
229.44000,1.01193,0.55390,0.44610
229.56000,1.01193,0.62786,0.37214
229.67999,1.01195,0.56769,0.43231
229.80000,1.01193,0.60241,0.39759
229.92000,1.01193,0.63428,0.36572
230.03999,1.01195,0.58990,0.41010
230.16000,1.01193,0.58465,0.41535
230.28000,1.01193,0.60097,0.39903
230.39999,1.01195,0.62949,0.37051
230.52000,1.01193,0.62665,0.37335
230.64000,1.01193,0.71145,0.28855
230.75999,1.01195,0.57118,0.42882
230.88000,1.01193,0.56390,0.43610
231.00000,1.01193,0.69713,0.30287
231.12000,1.01195,0.58549,0.41451
231.24001,1.01193,0.56180,0.43820
231.36000,1.01193,0.54387,0.45613
231.48000,1.01195,0.59735,0.40265
231.60001,1.01193,0.60221,0.39779
231.72000,1.01193,0.56121,0.43879
231.84000,1.01195,0.57850,0.42150
231.96001,1.01193,0.60971,0.39029
232.08000,1.01193,0.65619,0.34381
232.20000,1.01195,0.72624,0.27376
232.32001,1.01193,0.61390,0.38610
232.44000,1.01193,0.72873,0.27127
232.56000,1.01193,0.67815,0.32185
232.67999,1.01195,0.72771,0.27229
232.80000,1.01193,0.69801,0.30199
232.92000,1.01193,0.69934,0.30066
233.03999,1.01195,0.58471,0.41529
233.16000,1.01193,0.51996,0.48004
233.28000,1.01193,0.58702,0.41298
233.39999,1.01195,0.62647,0.37353
233.52000,1.01193,0.68862,0.31138
233.64000,1.01193,0.50852,0.49148
233.75999,1.01195,0.75818,0.24182
233.88000,1.01193,0.50514,0.49486
234.00000,1.01193,0.70285,0.29715
234.12000,1.01195,0.56091,0.43909
234.24001,1.01193,0.59066,0.40934
234.36000,1.01193,0.51770,0.48230
234.48000,1.01195,0.51494,0.48506
234.60001,1.01193,0.57970,0.42030
234.72000,1.01193,0.59196,0.40804
234.84000,1.01195,0.47647,0.52353
234.96001,1.01193,0.49599,0.50401
235.08000,1.01193,0.53898,0.46102
235.20000,1.01195,0.61860,0.38140
235.32001,1.01193,0.62655,0.37345
235.44000,1.01193,0.68501,0.31499
235.56000,1.01193,0.66667,0.33333
235.67999,1.01195,0.78029,0.21971
235.80000,1.01193,0.67867,0.32133
235.92000,1.01193,0.75241,0.24759
236.03999,1.01195,0.71163,0.28837
236.16000,1.01193,0.70164,0.29836
236.28000,1.01193,0.78352,0.21648
236.39999,1.01195,0.66607,0.33393
236.52000,1.01193,0.77072,0.22928
236.64000,1.01193,0.69037,0.30963
236.75999,1.01195,0.83277,0.16723
236.88000,1.01193,0.75986,0.24014
237.00000,1.01193,0.84774,0.15226
237.12000,1.01195,0.75231,0.24769
237.24001,1.01193,0.87571,0.12429
237.36000,1.01193,0.87396,0.12604
237.48000,1.01195,0.88754,0.11246
237.60001,1.01193,0.82248,0.17752
237.72000,1.01193,0.69284,0.30716
237.84000,1.01195,0.76739,0.23261
237.96001,1.01193,0.77558,0.22442
238.08000,1.01193,0.74816,0.25184
238.20000,1.01195,0.70160,0.29840
238.32001,1.01193,0.79916,0.20084
238.44000,1.01193,0.65716,0.34284
238.56000,1.01193,0.83363,0.16637
238.67999,1.01195,0.79242,0.20758
238.80000,1.01193,0.84592,0.15408
238.92000,1.01193,0.75437,0.24563
239.03999,1.01195,0.86815,0.13185
239.16000,1.01193,0.75055,0.24945
239.28000,1.01193,0.82822,0.17178
239.39999,1.01195,0.75840,0.24160
239.52000,1.01193,0.75864,0.24136
239.64000,1.01193,0.80324,0.19676
239.75999,1.01195,0.86229,0.13771
239.88000,1.01193,0.85333,0.14667
240.00000,1.01193,0.79622,0.20378
240.12000,1.01195,0.78834,0.21166
240.24001,1.01193,0.86249,0.13751
240.36000,1.01193,0.62615,0.37385
240.48000,1.01195,0.81526,0.18474
240.60001,1.01193,0.61202,0.38798
240.72000,1.01193,0.79732,0.20268
240.84000,1.01195,0.63335,0.36665
240.96001,1.01193,0.71683,0.28317
241.08000,1.01193,0.68110,0.31890
241.20000,1.01195,0.67945,0.32055
241.32001,1.01193,0.81266,0.18734
241.44000,1.01193,0.81067,0.18933
241.56000,1.01193,0.76999,0.23001
241.67999,1.01195,0.81556,0.18444
241.80000,1.01193,0.74846,0.25154
241.92000,1.01193,0.75896,0.24104
242.03999,1.01195,0.67945,0.32055
242.16000,1.01193,0.74551,0.25449
242.28000,1.01193,0.73813,0.26187
242.39999,1.01195,0.79926,0.20074
242.52000,1.01193,0.80679,0.19321
242.64000,1.01193,0.81224,0.18776
242.75999,1.01195,0.79826,0.20174
242.88000,1.01193,0.84370,0.15630
243.00000,1.01193,0.87800,0.12200
243.12000,1.01195,0.75589,0.24411
243.24001,1.01193,0.88230,0.11770
243.36000,1.01193,0.75416,0.24584
243.48000,1.01195,0.77976,0.22024
243.60001,1.01193,0.74666,0.25334
243.72000,1.01193,0.73768,0.26232
243.84000,1.01195,0.71352,0.28648
243.96001,1.01193,0.76131,0.23869
244.08000,1.01193,0.74533,0.25467
244.20000,1.01195,0.67310,0.32690
244.32001,1.01193,0.77317,0.22683
244.44000,1.01193,0.73070,0.26930
244.56000,1.01193,0.72847,0.27153
244.67999,1.01195,0.75108,0.24892
244.80000,1.01193,0.83969,0.16031
244.92000,1.01193,0.85784,0.14216
245.03999,1.01195,0.80630,0.19370
245.16000,1.01193,0.93917,0.06083
245.28000,1.01193,0.92527,0.07473
245.39999,1.01195,0.92907,0.07093
245.52000,1.01193,0.88689,0.11311
245.64000,1.01193,0.94857,0.05143
245.75999,1.01195,0.90316,0.09684
245.88000,1.01193,0.95741,0.04259
246.00000,1.01193,0.93153,0.06847
246.12000,1.01195,0.94350,0.05650
246.24001,1.01193,0.93285,0.06715
246.36000,1.01193,0.94634,0.05366
246.48000,1.01195,0.91611,0.08389
246.60001,1.01193,0.92639,0.07361
246.72000,1.01193,0.88196,0.11804
246.84000,1.01195,0.93556,0.06444
246.96001,1.01193,0.87835,0.12165
247.08000,1.01193,0.90854,0.09146
247.20000,1.01195,0.76577,0.23423
247.32001,1.01193,0.92433,0.07567
247.44000,1.01193,0.83856,0.16144
247.56000,1.01193,0.87925,0.12075
247.67999,1.01195,0.80313,0.19687
247.80000,1.01193,0.87549,0.12451
247.92000,1.01193,0.81823,0.18177
248.03999,1.01195,0.86024,0.13976
248.16000,1.01193,0.76643,0.23357
248.28000,1.01193,0.64395,0.35605
248.39999,1.01195,0.66108,0.33892
248.52000,1.01193,0.68602,0.31398
248.64000,1.01193,0.59978,0.40022
248.75999,1.01195,0.72441,0.27559
248.88000,1.01193,0.74215,0.25785
249.00000,1.01193,0.79621,0.20379
249.12000,1.01195,0.78409,0.21591
249.24001,1.01193,0.83056,0.16944
249.36000,1.01193,0.84855,0.15145
249.48000,1.01195,0.86794,0.13206
249.60001,1.01193,0.83559,0.16441
249.72000,1.01193,0.83840,0.16160
249.84000,1.01195,0.88528,0.11472
249.96001,1.01193,0.97966,0.02034
250.08000,1.01193,0.99092,0.00908
