Time (seconds), Duration (seconds),pred_unlabeled,pred_sirens
0.00000,1.01194,0.90996,0.09004
0.12000,1.01194,0.88917,0.11083
0.24000,1.01194,0.96751,0.03249
0.36000,1.01194,0.97195,0.02805
0.48000,1.01194,0.97011,0.02989
0.60000,1.01194,0.96570,0.03430
0.72000,1.01194,0.99202,0.00798
0.84000,1.01194,0.98900,0.01100
0.96000,1.01194,0.98507,0.01493
1.08000,1.01194,0.94138,0.05862
1.20000,1.01194,0.95059,0.04941
1.32000,1.01194,0.93594,0.06406
1.44000,1.01194,0.93800,0.06200
1.56000,1.01194,0.94860,0.05140
1.68000,1.01194,0.79239,0.20761
1.80000,1.01194,0.85391,0.14609
1.92000,1.01194,0.77305,0.22695
2.04000,1.01194,0.86821,0.13179
2.16000,1.01194,0.62265,0.37735
2.28000,1.01194,0.84960,0.15040
2.40000,1.01194,0.78255,0.21745
2.52000,1.01194,0.83691,0.16309
2.64000,1.01194,0.81676,0.18324
2.76000,1.01194,0.72931,0.27069
2.88000,1.01194,0.74804,0.25196
3.00000,1.01194,0.71012,0.28988
3.12000,1.01194,0.83593,0.16407
3.24000,1.01194,0.73569,0.26431
3.36000,1.01194,0.73494,0.26506
3.48000,1.01194,0.66022,0.33978
3.60000,1.01194,0.71887,0.28113
3.72000,1.01194,0.78210,0.21790
3.84000,1.01194,0.75621,0.24379
3.96000,1.01194,0.73791,0.26209
4.08000,1.01194,0.66990,0.33010
4.20000,1.01194,0.70246,0.29754
4.32000,1.01194,0.65207,0.34793
4.44000,1.01194,0.81656,0.18344
4.56000,1.01194,0.80815,0.19185
4.68000,1.01194,0.92753,0.07247
4.80000,1.01194,0.89127,0.10873
4.92000,1.01194,0.93369,0.06631
5.04000,1.01194,0.94194,0.05806
5.16000,1.01194,0.97363,0.02637
5.28000,1.01194,0.87076,0.12924
5.40000,1.01194,0.93616,0.06384
5.52000,1.01194,0.92515,0.07485
5.64000,1.01194,0.96295,0.03705
5.76000,1.01194,0.95034,0.04966
5.88000,1.01194,0.96696,0.03304
6.00000,1.01194,0.93180,0.06820
6.12000,1.01194,0.96430,0.03570
6.24000,1.01194,0.94141,0.05859
6.36000,1.01194,0.97204,0.02796
6.48000,1.01194,0.96226,0.03774
6.60000,1.01194,0.98669,0.01331
6.72000,1.01194,0.96437,0.03563
6.84000,1.01194,0.97931,0.02069
6.96000,1.01194,0.95874,0.04126
7.08000,1.01194,0.96230,0.03770
7.20000,1.01194,0.88869,0.11131
7.32000,1.01194,0.92621,0.07379
7.44000,1.01194,0.87564,0.12436
7.56000,1.01194,0.87085,0.12915
7.68000,1.01194,0.83675,0.16325
7.80000,1.01194,0.79743,0.20257
7.92000,1.01194,0.87912,0.12088
8.04000,1.01194,0.94417,0.05583
8.16000,1.01194,0.93800,0.06200
8.28000,1.01194,0.94856,0.05144
8.40000,1.01194,0.94013,0.05987
8.52000,1.01194,0.97324,0.02676
8.64000,1.01194,0.95493,0.04507
8.76000,1.01194,0.92186,0.07814
8.88000,1.01194,0.72441,0.27559
9.00000,1.01194,0.89193,0.10807
9.12000,1.01194,0.87473,0.12527
9.24000,1.01194,0.90246,0.09754
9.36000,1.01194,0.97134,0.02866
9.48000,1.01194,0.89012,0.10988
9.60000,1.01194,0.91953,0.08047
9.72000,1.01194,0.92979,0.07021
9.84000,1.01194,0.95074,0.04926
9.96000,1.01194,0.93542,0.06458
10.08000,1.01194,0.91112,0.08888
10.20000,1.01194,0.95824,0.04176
10.32000,1.01194,0.90622,0.09378
10.44000,1.01194,0.89013,0.10987
10.56000,1.01194,0.93644,0.06356
10.68000,1.01194,0.86780,0.13220
10.80000,1.01194,0.90819,0.09181
10.92000,1.01194,0.90772,0.09228
11.04000,1.01194,0.92877,0.07123
11.16000,1.01194,0.92892,0.07108
11.28000,1.01194,0.97539,0.02461
11.40000,1.01194,0.97199,0.02801
11.52000,1.01194,0.99351,0.00649
11.64000,1.01194,0.99045,0.00955
11.76000,1.01194,0.99763,0.00237
11.88000,1.01194,0.99522,0.00478
12.00000,1.01194,0.99023,0.00977
12.12000,1.01194,0.98144,0.01856
12.24000,1.01194,0.98794,0.01206
12.36000,1.01194,0.98093,0.01907
12.48000,1.01194,0.98044,0.01956
12.60000,1.01194,0.93069,0.06931
12.72000,1.01194,0.97075,0.02925
12.84000,1.01194,0.95234,0.04766
12.96000,1.01194,0.85602,0.14398
13.08000,1.01194,0.93874,0.06126
13.20000,1.01194,0.90215,0.09785
13.32000,1.01194,0.84632,0.15368
13.44000,1.01194,0.89878,0.10122
13.56000,1.01194,0.76979,0.23021
13.68000,1.01194,0.85249,0.14751
13.80000,1.01194,0.87125,0.12875
13.92000,1.01194,0.83624,0.16376
14.04000,1.01194,0.86999,0.13001
14.16000,1.01194,0.87307,0.12693
14.28000,1.01194,0.88328,0.11672
14.40000,1.01194,0.79000,0.21000
14.52000,1.01194,0.81670,0.18330
14.64000,1.01194,0.78556,0.21444
14.76000,1.01194,0.82716,0.17284
14.88000,1.01194,0.77356,0.22644
15.00000,1.01194,0.91870,0.08130
15.12000,1.01194,0.86031,0.13969
15.24000,1.01194,0.93890,0.06110
15.36000,1.01194,0.96212,0.03788
15.48000,1.01194,0.95985,0.04015
15.60000,1.01194,0.98558,0.01442
15.72000,1.01194,0.96459,0.03541
15.84000,1.01194,0.99203,0.00797
15.96000,1.01194,0.98932,0.01068
16.08000,1.01194,0.99301,0.00699
16.20000,1.01194,0.97372,0.02628
16.32000,1.01194,0.97342,0.02658
16.44000,1.01194,0.97010,0.02990
16.56000,1.01194,0.92691,0.07309
16.68000,1.01194,0.95922,0.04078
16.80000,1.01194,0.85820,0.14180
16.92000,1.01194,0.88254,0.11746
17.04000,1.01194,0.90032,0.09968
17.16000,1.01194,0.84103,0.15897
17.28000,1.01194,0.90686,0.09314
17.40000,1.01194,0.91641,0.08359
17.52000,1.01194,0.95275,0.04725
17.64000,1.01194,0.95595,0.04405
17.76000,1.01194,0.96939,0.03061
17.88000,1.01194,0.96207,0.03793
18.00000,1.01194,0.97138,0.02862
18.12000,1.01194,0.91323,0.08677
18.24000,1.01194,0.79475,0.20525
18.36000,1.01194,0.89257,0.10743
18.48000,1.01194,0.77128,0.22872
18.60000,1.01194,0.89655,0.10345
18.72000,1.01194,0.84766,0.15234
18.84000,1.01194,0.92896,0.07104
18.96000,1.01194,0.87182,0.12818
19.08000,1.01194,0.93747,0.06253
19.20000,1.01194,0.90466,0.09534
19.32000,1.01194,0.91617,0.08383
19.44000,1.01194,0.90487,0.09513
19.56000,1.01194,0.95094,0.04906
19.68000,1.01194,0.96557,0.03443
19.80000,1.01194,0.95507,0.04493
19.92000,1.01194,0.94865,0.05135
20.04000,1.01194,0.94801,0.05199
20.16000,1.01194,0.96495,0.03505
20.28000,1.01194,0.96031,0.03969
20.40000,1.01194,0.96587,0.03413
20.52000,1.01194,0.88769,0.11231
20.64000,1.01194,0.86132,0.13868
20.76000,1.01194,0.92279,0.07721
20.88000,1.01194,0.92665,0.07335
21.00000,1.01194,0.91270,0.08730
21.12000,1.01194,0.84560,0.15440
21.24000,1.01194,0.92615,0.07385
21.36000,1.01194,0.88686,0.11314
21.48000,1.01194,0.91822,0.08178
21.60000,1.01194,0.90398,0.09602
21.72000,1.01194,0.90534,0.09466
21.84000,1.01194,0.87085,0.12915
21.96000,1.01194,0.89830,0.10170
22.08000,1.01194,0.90579,0.09421
22.20000,1.01194,0.93059,0.06941
22.32000,1.01194,0.94361,0.05639
22.44000,1.01194,0.93725,0.06275
22.56000,1.01194,0.93065,0.06935
22.68000,1.01194,0.93765,0.06235
22.80000,1.01194,0.95377,0.04623
22.92000,1.01194,0.89201,0.10799
23.04000,1.01194,0.95094,0.04906
23.16000,1.01194,0.93717,0.06283
23.28000,1.01194,0.95207,0.04793
23.40000,1.01194,0.94990,0.05010
23.52000,1.01194,0.93210,0.06790
23.64000,1.01194,0.88382,0.11618
23.76000,1.01194,0.93298,0.06702
23.88000,1.01194,0.91738,0.08262
24.00000,1.01194,0.92180,0.07820
24.12000,1.01194,0.91644,0.08356
24.24000,1.01194,0.92605,0.07395
24.36000,1.01194,0.88457,0.11543
24.48000,1.01194,0.88269,0.11731
24.60000,1.01194,0.94957,0.05043
24.72000,1.01194,0.95101,0.04899
24.84000,1.01194,0.96079,0.03921
24.96000,1.01194,0.98882,0.01118
25.08000,1.01194,0.98586,0.01414
25.20000,1.01194,0.99052,0.00948
25.32000,1.01194,0.98193,0.01807
25.44000,1.01194,0.98753,0.01247
25.56000,1.01194,0.98182,0.01818
25.68000,1.01194,0.94242,0.05758
25.80000,1.01194,0.95439,0.04561
25.92000,1.01194,0.92855,0.07145
26.04000,1.01194,0.93513,0.06487
26.16000,1.01194,0.95026,0.04974
26.28000,1.01194,0.95922,0.04078
26.40000,1.01194,0.91664,0.08336
26.52000,1.01194,0.98151,0.01849
26.64000,1.01194,0.96005,0.03995
26.76000,1.01194,0.92145,0.07855
26.88000,1.01194,0.95222,0.04778
27.00000,1.01194,0.96955,0.03045
27.12000,1.01194,0.90458,0.09542
27.24000,1.01194,0.88306,0.11694
27.36000,1.01194,0.88209,0.11791
27.48000,1.01194,0.96992,0.03008
27.60000,1.01194,0.97048,0.02952
27.72000,1.01194,0.95759,0.04241
27.84000,1.01194,0.90388,0.09612
27.96000,1.01194,0.85169,0.14831
28.08000,1.01194,0.86994,0.13006
28.20000,1.01194,0.88993,0.11007
28.32000,1.01194,0.83529,0.16471
28.44000,1.01194,0.93687,0.06313
28.56000,1.01194,0.92983,0.07017
28.68000,1.01194,0.97323,0.02677
28.80000,1.01194,0.97005,0.02995
28.92000,1.01194,0.95690,0.04310
29.04000,1.01194,0.97971,0.02029
29.16000,1.01194,0.96116,0.03884
29.28000,1.01194,0.98583,0.01417
29.40000,1.01194,0.80044,0.19956
29.52000,1.01194,0.95776,0.04224
29.64000,1.01194,0.87889,0.12111
29.76000,1.01194,0.94808,0.05192
29.88000,1.01194,0.95257,0.04743
30.00000,1.01194,0.97849,0.02151
30.12000,1.01194,0.96307,0.03693
30.24000,1.01194,0.95419,0.04581
30.36000,1.01194,0.93904,0.06096
30.48000,1.01194,0.92308,0.07692
30.60000,1.01194,0.88586,0.11414
30.72000,1.01194,0.91334,0.08666
30.84000,1.01194,0.92170,0.07830
30.96000,1.01194,0.89218,0.10782
31.08000,1.01194,0.88209,0.11791
31.20000,1.01194,0.88974,0.11026
31.32000,1.01194,0.92273,0.07727
31.44000,1.01194,0.92382,0.07618
31.56000,1.01194,0.89051,0.10949
31.68000,1.01194,0.90642,0.09358
31.80000,1.01194,0.94367,0.05633
31.92000,1.01194,0.93936,0.06064
32.04000,1.01194,0.92550,0.07450
32.16000,1.01194,0.94107,0.05893
32.28000,1.01194,0.96662,0.03338
32.40000,1.01194,0.95378,0.04622
32.52000,1.01194,0.85200,0.14800
32.64000,1.01194,0.83137,0.16863
32.76000,1.01194,0.63760,0.36240
32.88000,1.01194,0.76675,0.23325
33.00000,1.01194,0.71768,0.28232
33.12000,1.01194,0.73610,0.26390
33.24000,1.01194,0.80706,0.19294
33.36000,1.01194,0.80274,0.19726
33.48000,1.01194,0.82547,0.17453
33.60000,1.01194,0.82310,0.17690
33.72000,1.01194,0.85369,0.14631
33.84000,1.01194,0.92729,0.07271
33.96000,1.01194,0.92415,0.07585
34.08000,1.01194,0.94806,0.05194
34.20000,1.01194,0.91898,0.08102
34.32000,1.01194,0.95895,0.04105
34.44000,1.01194,0.92908,0.07092
34.56000,1.01194,0.94153,0.05847
34.68000,1.01194,0.88673,0.11327
34.80000,1.01194,0.95210,0.04790
34.92000,1.01194,0.93884,0.06116
35.04000,1.01194,0.95629,0.04371
35.16000,1.01194,0.91841,0.08159
35.28000,1.01194,0.98201,0.01799
35.40000,1.01194,0.98542,0.01458
35.52000,1.01194,0.98961,0.01039
35.64000,1.01194,0.97674,0.02326
35.76000,1.01194,0.94578,0.05422
35.88000,1.01194,0.98023,0.01977
36.00000,1.01194,0.97712,0.02288
36.12000,1.01194,0.96147,0.03853
36.24000,1.01194,0.96303,0.03697
36.36000,1.01194,0.92736,0.07264
36.48000,1.01194,0.92171,0.07829
36.60000,1.01194,0.91908,0.08092
36.72000,1.01194,0.96599,0.03401
36.84000,1.01194,0.95156,0.04844
36.96000,1.01194,0.95976,0.04024
37.08000,1.01194,0.95132,0.04868
37.20000,1.01194,0.96188,0.03812
37.32000,1.01194,0.95020,0.04980
37.44000,1.01194,0.94557,0.05443
37.56000,1.01194,0.94751,0.05249
37.68000,1.01194,0.95595,0.04405
37.80000,1.01194,0.94235,0.05765
37.92000,1.01194,0.93738,0.06262
38.04000,1.01194,0.92059,0.07941
38.16000,1.01194,0.91120,0.08880
38.28000,1.01194,0.94381,0.05619
38.40000,1.01194,0.87877,0.12123
38.52000,1.01194,0.85686,0.14314
38.64000,1.01194,0.85968,0.14032
38.76000,1.01194,0.78115,0.21885
38.88000,1.01194,0.74878,0.25122
39.00000,1.01194,0.79186,0.20814
39.12000,1.01194,0.78414,0.21586
39.24000,1.01194,0.67598,0.32402
39.36000,1.01194,0.89827,0.10173
39.48000,1.01194,0.89757,0.10243
39.60000,1.01194,0.96175,0.03825
39.72000,1.01194,0.83137,0.16863
39.84000,1.01194,0.96587,0.03413
39.96000,1.01194,0.95793,0.04207
40.08000,1.01194,0.97103,0.02897
40.20000,1.01194,0.96662,0.03338
40.32000,1.01194,0.96654,0.03346
40.44000,1.01194,0.97145,0.02855
40.56000,1.01194,0.95198,0.04802
40.68000,1.01194,0.94276,0.05724
40.80000,1.01194,0.86690,0.13310
40.92000,1.01194,0.88955,0.11045
41.04000,1.01194,0.82327,0.17673
41.16000,1.01194,0.80597,0.19403
41.28000,1.01194,0.75990,0.24010
41.40000,1.01194,0.75170,0.24830
41.52000,1.01194,0.74142,0.25858
41.64000,1.01194,0.70754,0.29246
41.76000,1.01194,0.86636,0.13364
41.88000,1.01194,0.88355,0.11645
42.00000,1.01194,0.84933,0.15067
42.12000,1.01194,0.76422,0.23578
42.24000,1.01194,0.83837,0.16163
42.36000,1.01194,0.82838,0.17162
42.48000,1.01194,0.86323,0.13677
42.60000,1.01194,0.87247,0.12753
42.72000,1.01194,0.81558,0.18442
42.84000,1.01194,0.70639,0.29361
42.96000,1.01194,0.65435,0.34565
43.08000,1.01194,0.57475,0.42525
43.20000,1.01194,0.71308,0.28692
43.32000,1.01194,0.60966,0.39034
43.44000,1.01194,0.74872,0.25128
43.56000,1.01194,0.78141,0.21859
43.68000,1.01194,0.84051,0.15949
43.80000,1.01194,0.91124,0.08876
43.92000,1.01194,0.86933,0.13067
44.04000,1.01194,0.86249,0.13751
44.16000,1.01194,0.93367,0.06633
44.28000,1.01194,0.94169,0.05831
44.40000,1.01194,0.93954,0.06046
44.52000,1.01194,0.93297,0.06703
44.64000,1.01194,0.90637,0.09363
44.76000,1.01194,0.79395,0.20605
44.88000,1.01194,0.89128,0.10872
45.00000,1.01194,0.92964,0.07036
45.12000,1.01194,0.91764,0.08236
45.24000,1.01194,0.86948,0.13052
45.36000,1.01194,0.86814,0.13186
45.48000,1.01194,0.76138,0.23862
45.60000,1.01194,0.80189,0.19811
45.72000,1.01194,0.74964,0.25036
45.84000,1.01194,0.82393,0.17607
45.96000,1.01194,0.82832,0.17168
46.08000,1.01194,0.78489,0.21511
46.20000,1.01194,0.76399,0.23601
46.32000,1.01194,0.72469,0.27531
46.44000,1.01194,0.74493,0.25507
46.56000,1.01194,0.73954,0.26046
46.68000,1.01194,0.78235,0.21765
46.80000,1.01194,0.85751,0.14249
46.92000,1.01194,0.88420,0.11580
47.04000,1.01194,0.91319,0.08681
47.16000,1.01194,0.92702,0.07298
47.28000,1.01194,0.92353,0.07647
47.40000,1.01194,0.96048,0.03952
47.52000,1.01194,0.94288,0.05712
47.64000,1.01194,0.92881,0.07119
47.76000,1.01194,0.90482,0.09518
47.88000,1.01194,0.93463,0.06537
48.00000,1.01194,0.92729,0.07271
48.12000,1.01194,0.91749,0.08251
48.24000,1.01194,0.88262,0.11738
48.36000,1.01194,0.92246,0.07754
48.48000,1.01194,0.94208,0.05792
48.60000,1.01194,0.93441,0.06559
48.72000,1.01194,0.97640,0.02360
48.84000,1.01194,0.97712,0.02288
48.96000,1.01194,0.95705,0.04295
49.08000,1.01194,0.97489,0.02511
49.20000,1.01194,0.89411,0.10589
49.32000,1.01194,0.93398,0.06602
49.44000,1.01194,0.88326,0.11674
49.56000,1.01194,0.91920,0.08080
49.68000,1.01194,0.90813,0.09187
49.80000,1.01194,0.89953,0.10047
49.92000,1.01194,0.81629,0.18371
50.04000,1.01194,0.95426,0.04574
50.16000,1.01194,0.91325,0.08675
50.28000,1.01194,0.96915,0.03085
50.40000,1.01194,0.93931,0.06069
50.52000,1.01194,0.96672,0.03328
50.64000,1.01194,0.97296,0.02704
50.76000,1.01194,0.98824,0.01176
50.88000,1.01194,0.98776,0.01224
51.00000,1.01194,0.99026,0.00974
51.12000,1.01194,0.99269,0.00731
51.24000,1.01194,0.98826,0.01174
51.36000,1.01194,0.98357,0.01643
51.48000,1.01194,0.97765,0.02235
51.60000,1.01194,0.98765,0.01235
51.72000,1.01194,0.94486,0.05514
51.84000,1.01194,0.97649,0.02351
51.96000,1.01194,0.96576,0.03424
52.08000,1.01194,0.97233,0.02767
52.20000,1.01194,0.95257,0.04743
52.32000,1.01194,0.98347,0.01653
52.44000,1.01194,0.97333,0.02667
52.56000,1.01194,0.98815,0.01185
52.68000,1.01194,0.98366,0.01634
52.80000,1.01194,0.99460,0.00540
52.92000,1.01194,0.98505,0.01495
53.04000,1.01194,0.96340,0.03660
53.16000,1.01194,0.97522,0.02478
53.28000,1.01194,0.96155,0.03845
53.40000,1.01194,0.99259,0.00741
53.52000,1.01194,0.98648,0.01352
53.64000,1.01194,0.97908,0.02092
53.76000,1.01194,0.90625,0.09375
53.88000,1.01194,0.87209,0.12791
54.00000,1.01194,0.78005,0.21995
54.12000,1.01194,0.60952,0.39048
54.24000,1.01194,0.50927,0.49073
54.36000,1.01194,0.44226,0.55774
54.48000,1.01194,0.38190,0.61810
54.60000,1.01194,0.36161,0.63839
54.72000,1.01194,0.58958,0.41042
54.84000,1.01194,0.42463,0.57537
54.96000,1.01194,0.67580,0.32420
55.08000,1.01194,0.72431,0.27569
55.20000,1.01194,0.64665,0.35335
55.32000,1.01194,0.59254,0.40746
55.44000,1.01194,0.63819,0.36181
55.56000,1.01194,0.74107,0.25893
55.68000,1.01194,0.71499,0.28501
55.80000,1.01194,0.65078,0.34922
55.92000,1.01194,0.71675,0.28325
56.04000,1.01194,0.63501,0.36499
56.16000,1.01194,0.74401,0.25599
56.28000,1.01194,0.77744,0.22256
56.40000,1.01194,0.83472,0.16528
56.52000,1.01194,0.77781,0.22219
56.64000,1.01194,0.63187,0.36813
56.76000,1.01194,0.71689,0.28311
56.88000,1.01194,0.73455,0.26545
57.00000,1.01194,0.77933,0.22067
57.12000,1.01194,0.69803,0.30197
57.24000,1.01194,0.72862,0.27138
57.36000,1.01194,0.71001,0.28999
57.48000,1.01194,0.81321,0.18679
57.60000,1.01194,0.80057,0.19943
57.72000,1.01194,0.84566,0.15434
57.84000,1.01194,0.85653,0.14347
57.96000,1.01194,0.75847,0.24153
58.08000,1.01194,0.78791,0.21209
58.20000,1.01194,0.68189,0.31811
58.32000,1.01194,0.62504,0.37496
58.44000,1.01194,0.72350,0.27650
58.56000,1.01194,0.52722,0.47278
58.68000,1.01194,0.70546,0.29454
58.80000,1.01194,0.66627,0.33373
58.92000,1.01194,0.83600,0.16400
59.04000,1.01194,0.74712,0.25288
59.16000,1.01194,0.83253,0.16747
59.28000,1.01194,0.84527,0.15472
59.40000,1.01194,0.79452,0.20548
59.52000,1.01194,0.78172,0.21828
59.64000,1.01194,0.86432,0.13568
59.76000,1.01194,0.85472,0.14528
59.88000,1.01194,0.82670,0.17330
60.00000,1.01194,0.77815,0.22185
60.12000,1.01194,0.76384,0.23616
60.24000,1.01194,0.76496,0.23504
60.36000,1.01194,0.77180,0.22820
60.48000,1.01194,0.80801,0.19199
60.60000,1.01194,0.76286,0.23714
60.72000,1.01194,0.90659,0.09341
60.84000,1.01194,0.85560,0.14440
60.96000,1.01194,0.90397,0.09603
61.08000,1.01194,0.90720,0.09280
61.20000,1.01194,0.86580,0.13420
61.32000,1.01194,0.86629,0.13371
61.44000,1.01194,0.74775,0.25225
61.56000,1.01194,0.74381,0.25619
61.68000,1.01194,0.64630,0.35370
61.80000,1.01194,0.77075,0.22925
61.92000,1.01194,0.68578,0.31422
62.04000,1.01194,0.78922,0.21078
62.16000,1.01194,0.76672,0.23328
62.28000,1.01194,0.75031,0.24969
62.40000,1.01194,0.75307,0.24693
62.52000,1.01194,0.82899,0.17101
62.64000,1.01194,0.69447,0.30553
62.76000,1.01194,0.75852,0.24148
62.88000,1.01194,0.75010,0.24990
63.00000,1.01194,0.71127,0.28873
63.12000,1.01194,0.71350,0.28650
63.24000,1.01194,0.76792,0.23208
63.36000,1.01194,0.68052,0.31948
63.48000,1.01194,0.81920,0.18080
63.60000,1.01194,0.84365,0.15635
63.72000,1.01194,0.81196,0.18804
63.84000,1.01194,0.82383,0.17617
63.96000,1.01194,0.77122,0.22878
64.08000,1.01193,0.80477,0.19523
64.20000,1.01194,0.85663,0.14337
64.32000,1.01194,0.82392,0.17608
64.44000,1.01193,0.84222,0.15778
64.56000,1.01194,0.84281,0.15719
64.68000,1.01194,0.85678,0.14322
64.80000,1.01193,0.75322,0.24678
64.92000,1.01194,0.85628,0.14372
65.04000,1.01194,0.76115,0.23885
65.16000,1.01193,0.84093,0.15907
65.28000,1.01194,0.82093,0.17907
65.40000,1.01193,0.76167,0.23833
65.52000,1.01194,0.77616,0.22384
65.64000,1.01194,0.84973,0.15027
65.76000,1.01193,0.86713,0.13287
65.88000,1.01194,0.79159,0.20841
66.00000,1.01194,0.88924,0.11076
66.12000,1.01193,0.91937,0.08063
66.24000,1.01194,0.94698,0.05302
66.36000,1.01194,0.98902,0.01098
66.48000,1.01193,0.99126,0.00874
66.60000,1.01194,0.98364,0.01636
66.72000,1.01194,0.99265,0.00735
66.84000,1.01194,0.99128,0.00872
66.96000,1.01194,0.98625,0.01375
67.08000,1.01193,0.96507,0.03493
67.20000,1.01194,0.95165,0.04835
67.32000,1.01194,0.89243,0.10757
67.44000,1.01193,0.91299,0.08701
67.56000,1.01194,0.95442,0.04558
67.68000,1.01194,0.97694,0.02306
67.80000,1.01193,0.95688,0.04312
67.92000,1.01194,0.94955,0.05045
68.04000,1.01194,0.94297,0.05703
68.16000,1.01193,0.97011,0.02989
68.28000,1.01194,0.87714,0.12286
68.40000,1.01193,0.78836,0.21164
68.52000,1.01194,0.79645,0.20355
68.64000,1.01194,0.86965,0.13035
68.76000,1.01193,0.86421,0.13579
68.88000,1.01194,0.96699,0.03301
69.00000,1.01194,0.95377,0.04623
69.12000,1.01193,0.92515,0.07485
69.24000,1.01194,0.87098,0.12902
69.36000,1.01194,0.91066,0.08934
69.48000,1.01193,0.92984,0.07016
69.60000,1.01194,0.89964,0.10036
69.72000,1.01194,0.95595,0.04405
69.84000,1.01194,0.92275,0.07725
69.96000,1.01194,0.98127,0.01873
70.08000,1.01193,0.97635,0.02365
70.20000,1.01194,0.98731,0.01269
70.32000,1.01194,0.97635,0.02365
70.44000,1.01193,0.99025,0.00975
70.56000,1.01194,0.97353,0.02647
70.68000,1.01194,0.98741,0.01259
70.80000,1.01193,0.98949,0.01051
70.92000,1.01194,0.98228,0.01772
71.04000,1.01194,0.98050,0.01950
71.16000,1.01193,0.96376,0.03624
71.28000,1.01194,0.97738,0.02262
71.40000,1.01193,0.94235,0.05765
71.52000,1.01194,0.90920,0.09080
71.64000,1.01194,0.93826,0.06174
71.76000,1.01193,0.95811,0.04189
71.88000,1.01194,0.93142,0.06858
72.00000,1.01194,0.92780,0.07220
72.12000,1.01193,0.95326,0.04674
72.24000,1.01194,0.97993,0.02007
72.36000,1.01194,0.97589,0.02411
72.48000,1.01193,0.99031,0.00969
72.60000,1.01194,0.96979,0.03021
72.72000,1.01194,0.99202,0.00798
72.84000,1.01194,0.99386,0.00614
72.96000,1.01194,0.99251,0.00749
73.08000,1.01193,0.97990,0.02010
73.20000,1.01194,0.98768,0.01232
73.32000,1.01194,0.97415,0.02585
73.44000,1.01193,0.97711,0.02289
73.56000,1.01194,0.97373,0.02627
73.68000,1.01194,0.98884,0.01116
73.80000,1.01193,0.98806,0.01194
73.92000,1.01194,0.98083,0.01917
74.04000,1.01194,0.98251,0.01749
74.16000,1.01193,0.97980,0.02020
74.28000,1.01194,0.98347,0.01653
74.40000,1.01193,0.98470,0.01531
74.52000,1.01194,0.94304,0.05696
74.64000,1.01194,0.93690,0.06310
74.76000,1.01193,0.92748,0.07252
74.88000,1.01194,0.94155,0.05845
75.00000,1.01194,0.84236,0.15764
75.12000,1.01193,0.87682,0.12318
75.24000,1.01194,0.91153,0.08847
75.36000,1.01194,0.89312,0.10688
75.48000,1.01193,0.94675,0.05325
75.60000,1.01194,0.90302,0.09698
75.72000,1.01194,0.96417,0.03583
75.84000,1.01194,0.95100,0.04900
75.96000,1.01194,0.97577,0.02423
76.08000,1.01193,0.95732,0.04268
76.20000,1.01194,0.95143,0.04857
76.32000,1.01194,0.97880,0.02120
76.44000,1.01193,0.95515,0.04485
76.56000,1.01194,0.98642,0.01358
76.68000,1.01194,0.96262,0.03738
76.80000,1.01193,0.96990,0.03010
76.92000,1.01194,0.90418,0.09582
77.04000,1.01194,0.97568,0.02432
77.16000,1.01193,0.94403,0.05597
77.28000,1.01194,0.90667,0.09333
77.40000,1.01193,0.94112,0.05888
77.52000,1.01194,0.92607,0.07393
77.64000,1.01194,0.94913,0.05087
77.76000,1.01193,0.92874,0.07126
77.88000,1.01194,0.95464,0.04536
78.00000,1.01194,0.96177,0.03823
78.12000,1.01193,0.95906,0.04094
78.24000,1.01194,0.97350,0.02650
78.36000,1.01194,0.97797,0.02203
78.48000,1.01193,0.96025,0.03975
78.60000,1.01194,0.98428,0.01572
78.72000,1.01194,0.98344,0.01656
78.84000,1.01194,0.99076,0.00924
78.96000,1.01194,0.97832,0.02168
79.08000,1.01193,0.97682,0.02318
79.20000,1.01194,0.94068,0.05932
79.32000,1.01194,0.95162,0.04838
79.44000,1.01193,0.96634,0.03366
79.56000,1.01194,0.95235,0.04765
79.68000,1.01194,0.96730,0.03270
79.80000,1.01193,0.91283,0.08717
79.92000,1.01194,0.92668,0.07332
80.04000,1.01194,0.92618,0.07382
80.16000,1.01193,0.91009,0.08991
80.28000,1.01194,0.92656,0.07344
80.40000,1.01193,0.89806,0.10194
80.52000,1.01194,0.95793,0.04207
80.64000,1.01194,0.85153,0.14847
80.76000,1.01193,0.92804,0.07196
80.88000,1.01194,0.84626,0.15374
81.00000,1.01194,0.94353,0.05647
81.12000,1.01193,0.85651,0.14349
81.24000,1.01194,0.93548,0.06452
81.36000,1.01194,0.91088,0.08912
81.48000,1.01193,0.91797,0.08203
81.60000,1.01194,0.87695,0.12305
81.72000,1.01194,0.89158,0.10842
81.84000,1.01194,0.90106,0.09894
81.96000,1.01194,0.89248,0.10752
82.08000,1.01193,0.95927,0.04073
82.20000,1.01194,0.94884,0.05116
82.32000,1.01194,0.97048,0.02952
82.44000,1.01193,0.96513,0.03487
82.56000,1.01194,0.93836,0.06164
82.68000,1.01194,0.95829,0.04171
82.80000,1.01193,0.93541,0.06459
82.92000,1.01194,0.93703,0.06297
83.04000,1.01194,0.91421,0.08579
83.16000,1.01193,0.90799,0.09201
83.28000,1.01194,0.89105,0.10895
83.40000,1.01193,0.91883,0.08117
83.52000,1.01194,0.92337,0.07663
83.64000,1.01194,0.93349,0.06651
83.76000,1.01193,0.89935,0.10065
83.88000,1.01194,0.88762,0.11238
84.00000,1.01194,0.93531,0.06469
84.12000,1.01193,0.90968,0.09032
84.24000,1.01194,0.85417,0.14583
84.36000,1.01194,0.91019,0.08981
84.48000,1.01193,0.87930,0.12070
84.60000,1.01194,0.91739,0.08261
84.72000,1.01194,0.80520,0.19480
84.84000,1.01194,0.90170,0.09830
84.96000,1.01194,0.87493,0.12507
85.08000,1.01193,0.89663,0.10337
85.20000,1.01194,0.88149,0.11851
85.32000,1.01194,0.90744,0.09256
85.44000,1.01193,0.87289,0.12711
85.56000,1.01194,0.95212,0.04788
85.68000,1.01194,0.93710,0.06290
85.80000,1.01193,0.96116,0.03884
85.92000,1.01194,0.96867,0.03133
86.04000,1.01194,0.97848,0.02152
86.16000,1.01193,0.97080,0.02920
86.28000,1.01194,0.95615,0.04385
86.40000,1.01193,0.92393,0.07607
86.52000,1.01194,0.94295,0.05705
86.64000,1.01194,0.92629,0.07371
86.76000,1.01193,0.93224,0.06776
86.88000,1.01194,0.92554,0.07446
87.00000,1.01194,0.84641,0.15359
87.12000,1.01193,0.93451,0.06549
87.24000,1.01194,0.95537,0.04463
87.36000,1.01194,0.97275,0.02725
87.48000,1.01193,0.98476,0.01524
87.60000,1.01194,0.98415,0.01585
87.72000,1.01194,0.98984,0.01016
87.84000,1.01194,0.96223,0.03777
87.96000,1.01194,0.98586,0.01414
88.08000,1.01193,0.95991,0.04009
88.20000,1.01194,0.96400,0.03600
88.32000,1.01194,0.97058,0.02942
88.44000,1.01193,0.96911,0.03089
88.56000,1.01194,0.97956,0.02044
88.68000,1.01194,0.97543,0.02457
88.80000,1.01193,0.98552,0.01448
88.92000,1.01194,0.96838,0.03162
89.04000,1.01194,0.96450,0.03550
89.16000,1.01193,0.96512,0.03488
89.28000,1.01194,0.95700,0.04300
89.40000,1.01193,0.94086,0.05914
89.52000,1.01194,0.95668,0.04332
89.64000,1.01194,0.93770,0.06230
89.76000,1.01193,0.96451,0.03549
89.88000,1.01194,0.95320,0.04680
90.00000,1.01194,0.93424,0.06576
90.12000,1.01193,0.90325,0.09675
90.24000,1.01194,0.94286,0.05714
90.36000,1.01194,0.95516,0.04484
90.48000,1.01193,0.92621,0.07379
90.60000,1.01194,0.95411,0.04589
90.72000,1.01194,0.89335,0.10665
90.84000,1.01194,0.93841,0.06159
90.96000,1.01194,0.88466,0.11534
91.08000,1.01193,0.90535,0.09465
91.20000,1.01194,0.91826,0.08174
91.32000,1.01194,0.92625,0.07375
91.44000,1.01193,0.84244,0.15756
91.56000,1.01194,0.91574,0.08426
91.68000,1.01194,0.90265,0.09735
91.80000,1.01193,0.90636,0.09364
91.92000,1.01194,0.80247,0.19753
92.04000,1.01194,0.79352,0.20648
92.16000,1.01193,0.70939,0.29061
92.28000,1.01194,0.69666,0.30334
92.40000,1.01193,0.67083,0.32917
92.52000,1.01194,0.35861,0.64139
92.64000,1.01194,0.42316,0.57684
92.76000,1.01193,0.79712,0.20288
92.88000,1.01194,0.82255,0.17745
93.00000,1.01194,0.82501,0.17499
93.12000,1.01193,0.94200,0.05800
93.24000,1.01194,0.90183,0.09817
93.36000,1.01194,0.93381,0.06619
93.48000,1.01193,0.92704,0.07296
93.60000,1.01194,0.96243,0.03757
93.72000,1.01194,0.89984,0.10016
93.84000,1.01194,0.98327,0.01673
93.96000,1.01194,0.92643,0.07357
94.08000,1.01193,0.96146,0.03854
94.20000,1.01194,0.98293,0.01707
94.32000,1.01194,0.95810,0.04190
94.44000,1.01193,0.95451,0.04549
94.56000,1.01194,0.89772,0.10228
94.68000,1.01194,0.95544,0.04456
94.80000,1.01193,0.94240,0.05760
94.92000,1.01194,0.92849,0.07151
95.04000,1.01194,0.93417,0.06583
95.16000,1.01193,0.91529,0.08471
95.28000,1.01194,0.89057,0.10943
95.40000,1.01193,0.86844,0.13156
95.52000,1.01194,0.88593,0.11407
95.64000,1.01194,0.84942,0.15058
95.76000,1.01193,0.81106,0.18894
95.88000,1.01194,0.76988,0.23012
96.00000,1.01194,0.82740,0.17260
96.12000,1.01193,0.92381,0.07619
96.24000,1.01194,0.80976,0.19024
96.36000,1.01194,0.84355,0.15645
96.48000,1.01193,0.88581,0.11419
96.60000,1.01194,0.88914,0.11086
96.72000,1.01194,0.87627,0.12373
96.84000,1.01194,0.89965,0.10035
96.96000,1.01194,0.94390,0.05610
97.08000,1.01193,0.97100,0.02900
97.20000,1.01194,0.96778,0.03222
97.32000,1.01194,0.98313,0.01687
97.44000,1.01193,0.98195,0.01805
97.56000,1.01194,0.99571,0.00429
97.68000,1.01194,0.99337,0.00663
97.80000,1.01193,0.99805,0.00195
97.92000,1.01194,0.99517,0.00483
98.04000,1.01194,0.99803,0.00197
98.16000,1.01193,0.99605,0.00395
98.28000,1.01194,0.99526,0.00474
98.40000,1.01193,0.99316,0.00684
98.52000,1.01194,0.97854,0.02146
98.64000,1.01194,0.97797,0.02203
98.76000,1.01193,0.92380,0.07620
98.88000,1.01194,0.96923,0.03077
99.00000,1.01194,0.94825,0.05175
99.12000,1.01193,0.96925,0.03075
99.24000,1.01194,0.94854,0.05146
99.36000,1.01194,0.96385,0.03615
99.48000,1.01193,0.98067,0.01933
99.60000,1.01194,0.98013,0.01987
99.72000,1.01194,0.98296,0.01704
99.84000,1.01194,0.96182,0.03818
99.96000,1.01194,0.96016,0.03984
100.08000,1.01193,0.96110,0.03890
100.20000,1.01194,0.97751,0.02249
100.32000,1.01194,0.88329,0.11671
100.44000,1.01193,0.93635,0.06365
100.56000,1.01194,0.88021,0.11979
100.68000,1.01194,0.86082,0.13918
100.80000,1.01193,0.85178,0.14822
100.92000,1.01194,0.95510,0.04490
101.04000,1.01194,0.85085,0.14915
101.16000,1.01193,0.96060,0.03940
101.28000,1.01194,0.93551,0.06449
101.40000,1.01193,0.95848,0.04152
101.52000,1.01194,0.93881,0.06119
101.64000,1.01194,0.95794,0.04206
101.76000,1.01193,0.95463,0.04537
101.88000,1.01194,0.97078,0.02922
102.00000,1.01194,0.96602,0.03398
102.12000,1.01193,0.95702,0.04298
102.24000,1.01194,0.98405,0.01595
102.36000,1.01194,0.97016,0.02984
102.48000,1.01193,0.96751,0.03249
102.60000,1.01194,0.95975,0.04025
102.72000,1.01194,0.95714,0.04286
102.84000,1.01194,0.96183,0.03817
102.96000,1.01194,0.92173,0.07827
103.08000,1.01193,0.94067,0.05933
103.20000,1.01194,0.92940,0.07060
103.32000,1.01194,0.92464,0.07536
103.44000,1.01193,0.96442,0.03558
103.56000,1.01194,0.98393,0.01607
103.68000,1.01194,0.93849,0.06151
103.80000,1.01193,0.97580,0.02420
103.92000,1.01194,0.95011,0.04989
104.04000,1.01194,0.97694,0.02306
104.16000,1.01193,0.96795,0.03205
104.28000,1.01194,0.97439,0.02561
104.40000,1.01193,0.93852,0.06148
104.52000,1.01194,0.92072,0.07928
104.64000,1.01194,0.93865,0.06135
104.76000,1.01193,0.96329,0.03671
104.88000,1.01194,0.98212,0.01788
105.00000,1.01194,0.98298,0.01702
105.12000,1.01193,0.97954,0.02046
105.24000,1.01194,0.98456,0.01544
105.36000,1.01194,0.99387,0.00613
105.48000,1.01193,0.98319,0.01681
105.60000,1.01194,0.98072,0.01928
105.72000,1.01194,0.96853,0.03147
105.84000,1.01194,0.97047,0.02953
105.96000,1.01194,0.97358,0.02642
106.08000,1.01193,0.98507,0.01493
106.20000,1.01194,0.96948,0.03052
106.32000,1.01194,0.98060,0.01940
106.44000,1.01193,0.97556,0.02444
106.56000,1.01194,0.99321,0.00679
106.68000,1.01194,0.96244,0.03756
106.80000,1.01193,0.98545,0.01455
106.92000,1.01194,0.94215,0.05785
107.04000,1.01194,0.92115,0.07885
107.16000,1.01193,0.86922,0.13078
107.28000,1.01194,0.91686,0.08314
107.40000,1.01193,0.86318,0.13682
107.52000,1.01194,0.77289,0.22711
107.64000,1.01194,0.78379,0.21621
107.76000,1.01193,0.71325,0.28675
107.88000,1.01194,0.79191,0.20809
108.00000,1.01194,0.77190,0.22810
108.12000,1.01193,0.90713,0.09287
108.24000,1.01194,0.75211,0.24789
108.36000,1.01194,0.93516,0.06484
108.48000,1.01193,0.94482,0.05518
108.60000,1.01194,0.96984,0.03016
108.72000,1.01194,0.91639,0.08361
108.84000,1.01194,0.98726,0.01274
108.96000,1.01194,0.94799,0.05201
109.08000,1.01193,0.99130,0.00870
109.20000,1.01194,0.97504,0.02496
109.32000,1.01194,0.97546,0.02454
109.44000,1.01193,0.96536,0.03464
109.56000,1.01194,0.98204,0.01796
109.68000,1.01194,0.95680,0.04320
109.80000,1.01193,0.96598,0.03402
109.92000,1.01194,0.87406,0.12594
110.04000,1.01194,0.85065,0.14935
110.16000,1.01193,0.91670,0.08330
110.28000,1.01194,0.94835,0.05165
110.40000,1.01193,0.96308,0.03692
110.52000,1.01194,0.96428,0.03572
110.64000,1.01194,0.93521,0.06479
110.76000,1.01193,0.94802,0.05198
110.88000,1.01194,0.90009,0.09991
111.00000,1.01194,0.91963,0.08037
111.12000,1.01193,0.86100,0.13900
111.24000,1.01194,0.80378,0.19622
111.36000,1.01194,0.95928,0.04072
111.48000,1.01193,0.87375,0.12625
111.60000,1.01194,0.96795,0.03205
111.72000,1.01194,0.93519,0.06481
111.84000,1.01194,0.96375,0.03625
111.96000,1.01194,0.94572,0.05428
112.08000,1.01193,0.94988,0.05012
112.20000,1.01194,0.95204,0.04796
112.32000,1.01194,0.90652,0.09348
112.44000,1.01193,0.92366,0.07634
112.56000,1.01194,0.91651,0.08349
112.68000,1.01194,0.91205,0.08795
112.80000,1.01193,0.95512,0.04488
112.92000,1.01194,0.95235,0.04765
113.04000,1.01194,0.93376,0.06624
113.16000,1.01193,0.92926,0.07074
113.28000,1.01194,0.92949,0.07051
113.40000,1.01193,0.91433,0.08567
113.52000,1.01194,0.82400,0.17600
113.64000,1.01194,0.83524,0.16476
113.76000,1.01193,0.86947,0.13053
113.88000,1.01194,0.88276,0.11724
114.00000,1.01194,0.91741,0.08259
114.12000,1.01193,0.93772,0.06228
114.24000,1.01194,0.93390,0.06610
114.36000,1.01194,0.88654,0.11346
114.48000,1.01193,0.95708,0.04292
114.60000,1.01194,0.96305,0.03695
114.72000,1.01194,0.79686,0.20314
114.84000,1.01194,0.94111,0.05889
114.96000,1.01194,0.92598,0.07402
115.08000,1.01193,0.95734,0.04266
115.20000,1.01194,0.93680,0.06320
115.32000,1.01194,0.98681,0.01319
115.44000,1.01193,0.99296,0.00704
115.56000,1.01194,0.98666,0.01334
115.68000,1.01194,0.99146,0.00854
115.80000,1.01193,0.99108,0.00892
115.92000,1.01194,0.99071,0.00929
116.04000,1.01194,0.99610,0.00390
116.16000,1.01193,0.99636,0.00364
116.28000,1.01194,0.99469,0.00531
116.40000,1.01193,0.99177,0.00823
116.52000,1.01194,0.99248,0.00752
116.64000,1.01194,0.97618,0.02382
116.76000,1.01193,0.98480,0.01520
116.88000,1.01194,0.98323,0.01677
117.00000,1.01194,0.98970,0.01030
117.12000,1.01193,0.97923,0.02077
117.24000,1.01194,0.99031,0.00969
117.36000,1.01194,0.95457,0.04543
117.48000,1.01193,0.99062,0.00938
117.60000,1.01194,0.96981,0.03019
117.72000,1.01194,0.99103,0.00897
117.84000,1.01194,0.98148,0.01852
117.96000,1.01194,0.98877,0.01123
118.08000,1.01193,0.98918,0.01082
118.20000,1.01194,0.98940,0.01060
118.32000,1.01194,0.98938,0.01062
118.44000,1.01193,0.98738,0.01262
118.56000,1.01194,0.98554,0.01446
118.68000,1.01194,0.98245,0.01755
118.80000,1.01193,0.98805,0.01195
118.92000,1.01194,0.98591,0.01409
119.04000,1.01194,0.99001,0.00999
119.16000,1.01193,0.97574,0.02426
119.28000,1.01194,0.98972,0.01028
119.40000,1.01193,0.97326,0.02674
119.52000,1.01194,0.98839,0.01161
119.64000,1.01194,0.98262,0.01738
119.76000,1.01193,0.97972,0.02028
119.88000,1.01194,0.94666,0.05334
120.00000,1.01194,0.97284,0.02716
120.12000,1.01193,0.90094,0.09906
120.24000,1.01194,0.92119,0.07881
120.36000,1.01194,0.85433,0.14567
120.48000,1.01193,0.88151,0.11849
120.60000,1.01194,0.65031,0.34969
120.72000,1.01194,0.80975,0.19025
120.84000,1.01194,0.88232,0.11768
120.96000,1.01194,0.90954,0.09046
121.08000,1.01193,0.92747,0.07253
121.20000,1.01194,0.91889,0.08111
121.32000,1.01194,0.92853,0.07147
121.44000,1.01193,0.94537,0.05463
121.56000,1.01194,0.94970,0.05030
121.68000,1.01194,0.87618,0.12382
121.80000,1.01193,0.96309,0.03691
121.92000,1.01194,0.93297,0.06703
122.04000,1.01194,0.90665,0.09335
122.16000,1.01193,0.90935,0.09065
122.28000,1.01194,0.84817,0.15183
122.40000,1.01193,0.90691,0.09309
122.52000,1.01194,0.90436,0.09564
122.64000,1.01194,0.91306,0.08694
122.76000,1.01193,0.89214,0.10786
122.88000,1.01194,0.90501,0.09499
123.00000,1.01194,0.88498,0.11502
123.12000,1.01193,0.94806,0.05194
123.24000,1.01194,0.92425,0.07575
123.36000,1.01194,0.94143,0.05857
123.48000,1.01193,0.90162,0.09838
123.60000,1.01194,0.95040,0.04960
123.72000,1.01194,0.96992,0.03008
123.84000,1.01194,0.92413,0.07587
123.96000,1.01194,0.92587,0.07413
124.08000,1.01193,0.89023,0.10977
124.20000,1.01194,0.88967,0.11033
124.32000,1.01194,0.92277,0.07723
124.44000,1.01193,0.91130,0.08870
124.56000,1.01194,0.92560,0.07440
124.68000,1.01194,0.87040,0.12960
124.80000,1.01193,0.92402,0.07598
124.92000,1.01194,0.89502,0.10498
125.04000,1.01194,0.94669,0.05331
125.16000,1.01193,0.92212,0.07788
125.28000,1.01194,0.96291,0.03709
125.40000,1.01193,0.90787,0.09213
125.52000,1.01194,0.93450,0.06550
125.64000,1.01194,0.95021,0.04979
125.76000,1.01193,0.93158,0.06842
125.88000,1.01194,0.96512,0.03488
126.00000,1.01194,0.97037,0.02963
126.12000,1.01193,0.98226,0.01774
126.24000,1.01194,0.98321,0.01679
126.36000,1.01194,0.98661,0.01339
126.48000,1.01193,0.98683,0.01317
126.60000,1.01194,0.97762,0.02238
126.72000,1.01194,0.96624,0.03376
126.84000,1.01194,0.87209,0.12791
126.96000,1.01194,0.89748,0.10252
127.08000,1.01193,0.79422,0.20578
127.20000,1.01195,0.73504,0.26496
127.32000,1.01194,0.59304,0.40696
127.44000,1.01193,0.65151,0.34849
127.56000,1.01193,0.58135,0.41865
127.68000,1.01194,0.82891,0.17109
127.80000,1.01193,0.89308,0.10692
127.92000,1.01193,0.90460,0.09540
128.03999,1.01195,0.90382,0.09618
128.16000,1.01193,0.94176,0.05824
128.28000,1.01193,0.94909,0.05091
128.39999,1.01195,0.96856,0.03144
128.52000,1.01193,0.95626,0.04374
128.64000,1.01193,0.91696,0.08304
128.75999,1.01195,0.90428,0.09572
128.88000,1.01193,0.81623,0.18377
129.00000,1.01193,0.88362,0.11638
129.12000,1.01195,0.76355,0.23645
129.24001,1.01193,0.84545,0.15455
129.36000,1.01193,0.83664,0.16336
129.48000,1.01195,0.84502,0.15498
129.60001,1.01193,0.82804,0.17196
129.72000,1.01193,0.81920,0.18080
129.84000,1.01195,0.81675,0.18325
129.96001,1.01193,0.80917,0.19083
130.08000,1.01193,0.77976,0.22024
130.20000,1.01195,0.82946,0.17054
130.32001,1.01193,0.77303,0.22697
130.44000,1.01193,0.82849,0.17151
130.56000,1.01193,0.84772,0.15228
130.67999,1.01195,0.87659,0.12341
130.80000,1.01193,0.92188,0.07812
130.92000,1.01193,0.95401,0.04599
131.03999,1.01195,0.90270,0.09730
131.16000,1.01193,0.94884,0.05116
131.28000,1.01193,0.90059,0.09941
131.39999,1.01195,0.95157,0.04843
131.52000,1.01193,0.89928,0.10072
131.64000,1.01193,0.93540,0.06460
131.75999,1.01195,0.93452,0.06548
131.88000,1.01193,0.96578,0.03422
132.00000,1.01193,0.96915,0.03085
132.12000,1.01195,0.91968,0.08032
132.24001,1.01193,0.90818,0.09182
132.36000,1.01193,0.90815,0.09185
132.48000,1.01195,0.77937,0.22063
132.60001,1.01193,0.75418,0.24582
132.72000,1.01193,0.45657,0.54343
132.84000,1.01195,0.64273,0.35727
132.96001,1.01193,0.52457,0.47543
133.08000,1.01193,0.64832,0.35168
133.20000,1.01195,0.68645,0.31355
133.32001,1.01193,0.81737,0.18263
133.44000,1.01193,0.83706,0.16294
133.56000,1.01193,0.68486,0.31514
133.67999,1.01195,0.83208,0.16792
133.80000,1.01193,0.89730,0.10270
133.92000,1.01193,0.82191,0.17809
134.03999,1.01195,0.88699,0.11301
134.16000,1.01193,0.84089,0.15911
134.28000,1.01193,0.91403,0.08597
134.39999,1.01195,0.91154,0.08846
134.52000,1.01193,0.93955,0.06045
134.64000,1.01193,0.96186,0.03814
134.75999,1.01195,0.96447,0.03553
134.88000,1.01193,0.98447,0.01553
135.00000,1.01193,0.96203,0.03797
135.12000,1.01195,0.96547,0.03453
135.24001,1.01193,0.95604,0.04396
135.36000,1.01193,0.99012,0.00988
135.48000,1.01195,0.94802,0.05198
135.60001,1.01193,0.96546,0.03454
135.72000,1.01193,0.95051,0.04949
135.84000,1.01195,0.94006,0.05994
135.96001,1.01193,0.94217,0.05783
136.08000,1.01193,0.95627,0.04373
136.20000,1.01195,0.94193,0.05807
136.32001,1.01193,0.96129,0.03871
136.44000,1.01193,0.94449,0.05551
136.56000,1.01193,0.97006,0.02994
136.67999,1.01195,0.92224,0.07776
136.80000,1.01193,0.94140,0.05860
136.92000,1.01193,0.95478,0.04522
137.03999,1.01195,0.93802,0.06198
137.16000,1.01193,0.92747,0.07253
137.28000,1.01193,0.92040,0.07960
137.39999,1.01195,0.85459,0.14541
137.52000,1.01193,0.95586,0.04414
137.64000,1.01193,0.91370,0.08630
137.75999,1.01195,0.91997,0.08003
137.88000,1.01193,0.92152,0.07848
138.00000,1.01193,0.94898,0.05102
138.12000,1.01195,0.96048,0.03952
138.24001,1.01193,0.94902,0.05098
138.36000,1.01193,0.94792,0.05208
138.48000,1.01195,0.90456,0.09544
138.60001,1.01193,0.96524,0.03476
138.72000,1.01193,0.94449,0.05551
138.84000,1.01195,0.94810,0.05190
138.96001,1.01193,0.98380,0.01620
139.08000,1.01193,0.98290,0.01710
139.20000,1.01195,0.99530,0.00470
139.32001,1.01193,0.98709,0.01291
139.44000,1.01193,0.98445,0.01555
139.56000,1.01193,0.96709,0.03291
139.67999,1.01195,0.96006,0.03994
139.80000,1.01193,0.96802,0.03198
139.92000,1.01193,0.97795,0.02205
140.03999,1.01195,0.96323,0.03677
140.16000,1.01193,0.94971,0.05029
140.28000,1.01193,0.98722,0.01278
140.39999,1.01195,0.97575,0.02425
140.52000,1.01193,0.98929,0.01071
140.64000,1.01193,0.97489,0.02511
140.75999,1.01195,0.98117,0.01883
140.88000,1.01193,0.97254,0.02746
141.00000,1.01193,0.97105,0.02895
141.12000,1.01195,0.98137,0.01863
141.24001,1.01193,0.90836,0.09164
141.36000,1.01193,0.96305,0.03695
141.48000,1.01195,0.96086,0.03914
141.60001,1.01193,0.92678,0.07322
141.72000,1.01193,0.91646,0.08354
141.84000,1.01195,0.88279,0.11721
141.96001,1.01193,0.91155,0.08845
142.08000,1.01193,0.89359,0.10641
142.20000,1.01195,0.94073,0.05927
142.32001,1.01193,0.90617,0.09383
142.44000,1.01193,0.94456,0.05544
142.56000,1.01193,0.95229,0.04771
142.67999,1.01195,0.93502,0.06498
142.80000,1.01193,0.94341,0.05659
142.92000,1.01193,0.85768,0.14232
143.03999,1.01195,0.86619,0.13381
143.16000,1.01193,0.87643,0.12357
143.28000,1.01193,0.79948,0.20052
143.39999,1.01195,0.87490,0.12510
143.52000,1.01193,0.75161,0.24839
143.64000,1.01193,0.84560,0.15440
143.75999,1.01195,0.76952,0.23048
143.88000,1.01193,0.87030,0.12970
144.00000,1.01193,0.79766,0.20234
144.12000,1.01195,0.89713,0.10287
144.24001,1.01193,0.86486,0.13514
144.36000,1.01193,0.88166,0.11834
144.48000,1.01195,0.88442,0.11558
144.60001,1.01193,0.90411,0.09589
144.72000,1.01193,0.88523,0.11477
144.84000,1.01195,0.90923,0.09077
144.96001,1.01193,0.89846,0.10154
145.08000,1.01193,0.87103,0.12897
145.20000,1.01195,0.86501,0.13499
145.32001,1.01193,0.86511,0.13488
145.44000,1.01193,0.81851,0.18149
145.56000,1.01193,0.84184,0.15816
145.67999,1.01195,0.82578,0.17422
145.80000,1.01193,0.88897,0.11103
145.92000,1.01193,0.83335,0.16665
146.03999,1.01195,0.87984,0.12016
146.16000,1.01193,0.82312,0.17688
146.28000,1.01193,0.91658,0.08342
146.39999,1.01195,0.86509,0.13492
146.52000,1.01193,0.95747,0.04253
146.64000,1.01193,0.91921,0.08079
146.75999,1.01195,0.96107,0.03893
146.88000,1.01193,0.84802,0.15198
147.00000,1.01193,0.95487,0.04513
147.12000,1.01195,0.89535,0.10465
147.24001,1.01193,0.95698,0.04302
147.36000,1.01193,0.91539,0.08461
147.48000,1.01195,0.94312,0.05688
147.60001,1.01193,0.91663,0.08337
147.72000,1.01193,0.95129,0.04871
147.84000,1.01195,0.91812,0.08188
147.96001,1.01193,0.97731,0.02269
148.08000,1.01193,0.94131,0.05869
148.20000,1.01195,0.98617,0.01383
148.32001,1.01193,0.92981,0.07019
148.44000,1.01193,0.98248,0.01752
148.56000,1.01193,0.93442,0.06558
148.67999,1.01195,0.98228,0.01772
148.80000,1.01193,0.96611,0.03389
148.92000,1.01193,0.98778,0.01222
149.03999,1.01195,0.97868,0.02132
149.16000,1.01193,0.99445,0.00555
149.28000,1.01193,0.99035,0.00965
