Time (seconds), Duration (seconds),pred_unlabeled,pred_East,pred_Nord,pred_South,pred_West
0.00000,0.50594,0.13756,0.07976,0.36964,0.26123,0.15181
0.06000,0.50594,0.12936,0.06770,0.21419,0.45061,0.13814
0.12000,0.50594,0.22078,0.11044,0.02613,0.51064,0.13200
0.18000,0.50594,0.22423,0.07765,0.04258,0.53915,0.11640
0.24000,0.50594,0.21608,0.09970,0.08386,0.35807,0.24229
0.30000,0.50594,0.26865,0.07460,0.05683,0.39655,0.20337
0.36000,0.50594,0.21374,0.11689,0.11101,0.29179,0.26657
0.42000,0.50594,0.18860,0.09869,0.08638,0.31852,0.30782
0.48000,0.50594,0.12577,0.06275,0.15923,0.32623,0.32600
0.54000,0.50594,0.19427,0.04550,0.08246,0.23802,0.43975
0.60000,0.50594,0.13927,0.06619,0.06401,0.53413,0.19640
0.66000,0.50594,0.16747,0.06239,0.08996,0.25545,0.42472
0.72000,0.50594,0.15241,0.09006,0.08184,0.27889,0.39680
0.78000,0.50594,0.18650,0.11875,0.07397,0.31133,0.30946
0.84000,0.50594,0.16296,0.07247,0.10071,0.35363,0.31023
0.90000,0.50594,0.12711,0.07660,0.06102,0.43068,0.30461
0.96000,0.50594,0.10935,0.05630,0.19554,0.25449,0.38432
1.02000,0.50594,0.17091,0.12263,0.08643,0.37094,0.24909
1.08000,0.50594,0.20251,0.08411,0.08858,0.33791,0.28689
1.14000,0.50594,0.20041,0.06057,0.03690,0.51320,0.18892
1.20000,0.50594,0.19344,0.11514,0.10511,0.38806,0.19825
1.26000,0.50594,0.23605,0.11338,0.05323,0.45553,0.14181
1.32000,0.50594,0.16311,0.12222,0.04909,0.57304,0.09254
1.38000,0.50594,0.24895,0.11159,0.04153,0.47980,0.11812
1.44000,0.50594,0.13329,0.16331,0.04360,0.59479,0.06501
1.50000,0.50594,0.19223,0.12349,0.11078,0.44728,0.12622
1.56000,0.50594,0.20119,0.12744,0.03908,0.52232,0.10997
1.62000,0.50594,0.20593,0.15640,0.15203,0.34356,0.14209
1.68000,0.50594,0.21784,0.12522,0.08730,0.36289,0.20675
1.74000,0.50594,0.16123,0.08693,0.04997,0.56681,0.13506
1.80000,0.50594,0.18502,0.11455,0.02224,0.59951,0.07868
1.86000,0.50594,0.18525,0.08935,0.01338,0.65910,0.05292
1.92000,0.50594,0.15637,0.16810,0.01691,0.60831,0.05031
1.98000,0.50594,0.15190,0.12969,0.00952,0.65653,0.05235
2.04000,0.50594,0.20011,0.09818,0.01148,0.61503,0.07520
2.10000,0.50594,0.11816,0.14167,0.02184,0.66493,0.05339
2.16000,0.50594,0.14813,0.23557,0.02177,0.55789,0.03665
2.22000,0.50594,0.07499,0.12643,0.02033,0.75595,0.02230
2.28000,0.50594,0.08380,0.08112,0.02827,0.75276,0.05405
2.34000,0.50594,0.04693,0.06936,0.04832,0.79895,0.03644
2.40000,0.50594,0.06071,0.14651,0.03992,0.71766,0.03519
2.46000,0.50594,0.03230,0.13897,0.02085,0.79766,0.01021
2.52000,0.50594,0.02353,0.11485,0.00909,0.84318,0.00936
2.58000,0.50594,0.01987,0.10117,0.01189,0.85902,0.00805
2.64000,0.50594,0.02896,0.14875,0.01682,0.79439,0.01108
2.70000,0.50594,0.02547,0.14036,0.02261,0.80007,0.01149
2.76000,0.50594,0.02462,0.09140,0.01602,0.85872,0.00924
2.82000,0.50594,0.02624,0.10652,0.01710,0.84183,0.00831
2.88000,0.50594,0.04127,0.07982,0.01628,0.84381,0.01881
2.94000,0.50594,0.03806,0.06819,0.01498,0.86312,0.01565
3.00000,0.50594,0.03938,0.07228,0.01292,0.85426,0.02116
3.06000,0.50594,0.03143,0.10092,0.01554,0.84072,0.01140
3.12000,0.50594,0.02853,0.08385,0.01239,0.86326,0.01197
3.18000,0.50594,0.02652,0.06587,0.01608,0.87861,0.01291
3.24000,0.50594,0.03598,0.08800,0.01241,0.84884,0.01477
3.30000,0.50594,0.04405,0.08988,0.01490,0.83237,0.01881
3.36000,0.50594,0.04714,0.10938,0.01228,0.81273,0.01847
3.42000,0.50594,0.04141,0.10277,0.01722,0.81403,0.02457
3.48000,0.50594,0.04307,0.07055,0.02139,0.83608,0.02891
3.54000,0.50594,0.04044,0.08837,0.01484,0.83349,0.02286
3.60000,0.50594,0.04887,0.09557,0.01871,0.81054,0.02631
3.66000,0.50594,0.05962,0.10357,0.01393,0.79954,0.02334
3.72000,0.50594,0.04888,0.06823,0.02050,0.83396,0.02843
3.78000,0.50594,0.04549,0.07417,0.01668,0.84077,0.02288
3.84000,0.50594,0.04640,0.06909,0.01583,0.84532,0.02336
3.90000,0.50594,0.04100,0.11540,0.02956,0.78061,0.03343
3.96000,0.50594,0.05455,0.11039,0.01830,0.78016,0.03660
4.02000,0.50594,0.07093,0.16378,0.06038,0.63028,0.07463
4.08000,0.50594,0.05779,0.18569,0.07601,0.64298,0.03754
4.14000,0.50594,0.04618,0.19313,0.16410,0.54819,0.04840
4.20000,0.50594,0.07041,0.28036,0.13171,0.45431,0.06321
4.26000,0.50594,0.03895,0.26039,0.22445,0.39759,0.07863
4.32000,0.50594,0.04885,0.22294,0.15582,0.53014,0.04226
4.38000,0.50594,0.06227,0.16653,0.14375,0.56670,0.06075
4.44000,0.50594,0.06634,0.16516,0.13935,0.56635,0.06280
4.50000,0.50594,0.05937,0.13095,0.14620,0.59361,0.06987
4.56000,0.50594,0.06413,0.16560,0.14531,0.55704,0.06792
4.62000,0.50594,0.05793,0.17518,0.12761,0.56886,0.07042
4.68000,0.50594,0.06350,0.16952,0.13490,0.56963,0.06245
4.74000,0.50594,0.05880,0.13819,0.15444,0.57679,0.07179
4.80000,0.50594,0.05555,0.17139,0.13981,0.57528,0.05798
4.86000,0.50594,0.06369,0.19075,0.15627,0.51076,0.07853
4.92000,0.50594,0.06156,0.17807,0.11694,0.58708,0.05634
4.98000,0.50594,0.06325,0.14646,0.15524,0.56056,0.07449
5.04000,0.50594,0.05286,0.13859,0.16652,0.58344,0.05858
5.10000,0.50594,0.05458,0.14650,0.14958,0.59655,0.05279
5.16000,0.50594,0.05039,0.12561,0.15567,0.62020,0.04814
5.22000,0.50594,0.04772,0.11155,0.12940,0.67008,0.04125
5.28000,0.50594,0.05062,0.13508,0.13679,0.63069,0.04682
5.34000,0.50594,0.04721,0.12191,0.13449,0.66132,0.03507
5.40000,0.50594,0.04978,0.14857,0.19603,0.54676,0.05885
5.46000,0.50594,0.04702,0.09341,0.20217,0.60006,0.05732
5.52000,0.50594,0.03992,0.10035,0.25342,0.55385,0.05246
5.58000,0.50594,0.04913,0.11637,0.14419,0.62212,0.06819
5.64000,0.50594,0.06129,0.12198,0.16432,0.55489,0.09753
5.70000,0.50594,0.05874,0.12186,0.18469,0.54916,0.08555
5.76000,0.50594,0.06759,0.12645,0.12309,0.60077,0.08209
5.82000,0.50594,0.05774,0.18430,0.08691,0.62354,0.04751
5.88000,0.50594,0.05503,0.17392,0.03121,0.71329,0.02655
5.94000,0.50594,0.04380,0.17639,0.02646,0.73053,0.02283
6.00000,0.50594,0.06092,0.23636,0.01532,0.65355,0.03384
6.06000,0.50594,0.05598,0.37192,0.01286,0.52999,0.02925
6.12000,0.50594,0.04961,0.23030,0.00788,0.69307,0.01915
6.18000,0.50594,0.04767,0.31318,0.00722,0.61067,0.02125
6.24000,0.50594,0.05891,0.23889,0.00993,0.66665,0.02563
6.30000,0.50594,0.05374,0.23913,0.00678,0.67348,0.02688
6.36000,0.50594,0.04421,0.18049,0.01156,0.73355,0.03019
6.42000,0.50594,0.05996,0.26829,0.01082,0.61804,0.04288
6.48000,0.50594,0.04169,0.10850,0.01059,0.81472,0.02450
6.54000,0.50594,0.05058,0.11463,0.00898,0.80037,0.02543
6.60000,0.50594,0.06852,0.10591,0.00853,0.78026,0.03678
6.66000,0.50594,0.05880,0.12140,0.01073,0.77087,0.03821
6.72000,0.50594,0.04403,0.12775,0.01091,0.78662,0.03069
6.78000,0.50594,0.04567,0.09972,0.00801,0.82440,0.02219
6.84000,0.50594,0.03762,0.11567,0.00588,0.82289,0.01794
6.90000,0.50594,0.03264,0.09711,0.00797,0.84716,0.01512
6.96000,0.50594,0.02977,0.13328,0.00652,0.81277,0.01767
7.02000,0.50594,0.04493,0.13493,0.00599,0.79387,0.02028
7.08000,0.50594,0.04003,0.17465,0.00473,0.76634,0.01424
7.14000,0.50594,0.04397,0.20308,0.00640,0.72570,0.02085
7.20000,0.50594,0.05225,0.13600,0.00602,0.78415,0.02158
7.26000,0.50594,0.05103,0.18102,0.00627,0.73810,0.02358
7.32000,0.50594,0.04931,0.17185,0.00474,0.75892,0.01517
7.38000,0.50594,0.05004,0.17047,0.00979,0.74692,0.02278
7.44000,0.50594,0.05560,0.29300,0.02249,0.55042,0.07849
7.50000,0.50594,0.04422,0.27311,0.03290,0.60047,0.04930
7.56000,0.50594,0.05410,0.37709,0.02419,0.51059,0.03404
7.62000,0.50594,0.03064,0.14090,0.02830,0.77141,0.02875
7.68000,0.50594,0.04407,0.08987,0.04470,0.74857,0.07279
7.74000,0.50594,0.03457,0.05230,0.04796,0.81583,0.04935
7.80000,0.50594,0.03075,0.06969,0.01371,0.86584,0.02001
7.86000,0.50594,0.03336,0.02888,0.01395,0.90421,0.01960
7.92000,0.50594,0.03554,0.01962,0.02390,0.87830,0.04264
7.98000,0.50594,0.04288,0.02714,0.01697,0.87151,0.04150
8.04000,0.50594,0.04266,0.03307,0.01904,0.83409,0.07114
8.10000,0.50594,0.04674,0.02942,0.03764,0.81569,0.07052
8.16000,0.50594,0.05845,0.03394,0.05519,0.70198,0.15044
8.22000,0.50594,0.06316,0.02493,0.06878,0.68263,0.16050
8.28000,0.50594,0.08072,0.05260,0.08244,0.58580,0.19844
8.34000,0.50594,0.06225,0.02929,0.05699,0.74445,0.10702
8.40000,0.50594,0.06266,0.05462,0.10522,0.62847,0.14904
8.46000,0.50594,0.07096,0.06567,0.05006,0.69747,0.11584
8.52000,0.50594,0.05049,0.04478,0.06082,0.71665,0.12726
8.58000,0.50594,0.07338,0.04591,0.07429,0.68808,0.11834
8.64000,0.50594,0.05565,0.03876,0.04876,0.76501,0.09181
8.70000,0.50594,0.07199,0.06191,0.07831,0.65446,0.13333
8.76000,0.50594,0.06381,0.04348,0.03616,0.74389,0.11266
8.82000,0.50594,0.06565,0.07445,0.04933,0.73599,0.07458
8.88000,0.50594,0.07331,0.06146,0.03151,0.74045,0.09327
8.94000,0.50594,0.07278,0.07790,0.04649,0.73588,0.06695
9.00000,0.50594,0.05466,0.02816,0.04523,0.77606,0.09590
9.06000,0.50594,0.05446,0.05045,0.04984,0.78134,0.06391
9.12000,0.50594,0.06504,0.05144,0.03143,0.70609,0.14600
9.18000,0.50594,0.08267,0.09046,0.07940,0.62538,0.12209
9.24000,0.50594,0.04834,0.05450,0.11680,0.42179,0.35856
9.30000,0.50594,0.07962,0.16412,0.10133,0.42338,0.23154
9.36000,0.50594,0.03543,0.06322,0.42567,0.24934,0.22635
9.42000,0.50594,0.09520,0.29140,0.12435,0.29657,0.19248
9.48000,0.50594,0.04469,0.16114,0.46536,0.09717,0.23164
9.54000,0.50594,0.04457,0.32700,0.29248,0.14551,0.19045
9.60000,0.50594,0.02762,0.15112,0.56843,0.13712,0.11571
9.66000,0.50594,0.05740,0.35545,0.32541,0.13856,0.12317
9.72000,0.50594,0.08433,0.43103,0.12373,0.20889,0.15203
9.78000,0.50594,0.11377,0.32388,0.08568,0.35487,0.12181
9.84000,0.50594,0.16420,0.15896,0.04891,0.43567,0.19226
9.90000,0.50594,0.17691,0.17975,0.05987,0.44362,0.13985
9.96000,0.50594,0.20494,0.15472,0.03571,0.45464,0.14999
10.02000,0.50594,0.19509,0.14862,0.05611,0.50565,0.09454
10.08000,0.50594,0.17220,0.16877,0.07102,0.47532,0.11270
10.14000,0.50594,0.15784,0.24561,0.14701,0.28532,0.16422
10.20000,0.50594,0.15555,0.10559,0.14944,0.28770,0.30173
10.26000,0.50594,0.14158,0.16567,0.21852,0.22759,0.24664
10.32000,0.50594,0.15244,0.12508,0.16540,0.31823,0.23885
10.38000,0.50594,0.18997,0.05733,0.05715,0.38992,0.30564
10.44000,0.50594,0.18799,0.07775,0.02741,0.52043,0.18642
10.50000,0.50594,0.24059,0.06812,0.01626,0.52452,0.15051
10.56000,0.50594,0.17167,0.08185,0.00712,0.68123,0.05814
10.62000,0.50594,0.22206,0.05059,0.00405,0.67020,0.05310
10.68000,0.50594,0.21639,0.05458,0.00777,0.66335,0.05791
10.74000,0.50594,0.16480,0.03879,0.00695,0.73503,0.05443
10.80000,0.50594,0.23363,0.03015,0.00899,0.66267,0.06455
10.86000,0.50594,0.11705,0.05921,0.00784,0.79056,0.02534
10.92000,0.50594,0.15075,0.08724,0.02514,0.70414,0.03274
10.98000,0.50594,0.09477,0.09611,0.02080,0.76169,0.02662
11.04000,0.50594,0.04072,0.05178,0.02314,0.87259,0.01177
11.10000,0.50594,0.05088,0.19856,0.01675,0.72179,0.01202
11.16000,0.50594,0.04796,0.14103,0.02976,0.76843,0.01281
11.22000,0.50594,0.05213,0.22475,0.02521,0.65160,0.04631
11.28000,0.50594,0.03513,0.17562,0.00472,0.77206,0.01248
11.34000,0.50594,0.05055,0.23098,0.00431,0.69286,0.02130
11.40000,0.50594,0.03815,0.16942,0.00412,0.77395,0.01437
11.46000,0.50594,0.05916,0.24344,0.00526,0.66317,0.02897
11.52000,0.50594,0.02368,0.23821,0.00397,0.72657,0.00757
11.58000,0.50594,0.03420,0.22334,0.00492,0.72574,0.01180
11.64000,0.50594,0.02930,0.16369,0.00787,0.78815,0.01099
11.70000,0.50594,0.03136,0.15557,0.00822,0.78679,0.01805
11.76000,0.50594,0.03249,0.14574,0.01120,0.79579,0.01479
11.82000,0.50594,0.03560,0.11742,0.00828,0.82580,0.01290
11.88000,0.50594,0.02588,0.08572,0.00800,0.87073,0.00967
11.94000,0.50594,0.03206,0.08033,0.00715,0.86543,0.01503
12.00000,0.50594,0.03562,0.11507,0.00695,0.82791,0.01444
12.06000,0.50594,0.02130,0.15658,0.00402,0.81005,0.00804
12.12000,0.50594,0.03552,0.10815,0.00513,0.83726,0.01394
12.18000,0.50594,0.02167,0.20092,0.00744,0.76230,0.00767
