Time (seconds), Duration (seconds),pred_unlabeled,pred_sirens
0.00000,1.01194,0.28506,0.71494
0.12000,1.01194,0.28728,0.71272
0.24000,1.01194,0.28997,0.71003
0.36000,1.01194,0.20474,0.79526
0.48000,1.01194,0.19395,0.80605
0.60000,1.01194,0.18154,0.81846
0.72000,1.01194,0.20913,0.79087
0.84000,1.01194,0.38471,0.61529
0.96000,1.01194,0.42358,0.57642
1.08000,1.01194,0.53721,0.46279
1.20000,1.01194,0.51137,0.48863
1.32000,1.01194,0.52553,0.47447
1.44000,1.01194,0.55461,0.44539
1.56000,1.01194,0.48172,0.51828
1.68000,1.01194,0.39367,0.60633
1.80000,1.01194,0.32756,0.67244
1.92000,1.01194,0.41587,0.58413
2.04000,1.01194,0.28808,0.71192
2.16000,1.01194,0.30885,0.69115
2.28000,1.01194,0.38255,0.61745
2.40000,1.01194,0.53981,0.46019
2.52000,1.01194,0.41886,0.58114
2.64000,1.01194,0.55023,0.44977
2.76000,1.01194,0.53578,0.46422
2.88000,1.01194,0.55519,0.44481
3.00000,1.01194,0.47358,0.52642
3.12000,1.01194,0.52239,0.47761
3.24000,1.01194,0.39444,0.60556
3.36000,1.01194,0.45501,0.54499
3.48000,1.01194,0.32000,0.68000
3.60000,1.01194,0.46609,0.53391
3.72000,1.01194,0.23059,0.76941
3.84000,1.01194,0.41367,0.58633
3.96000,1.01194,0.37149,0.62851
4.08000,1.01194,0.47621,0.52379
4.20000,1.01194,0.35524,0.64476
4.32000,1.01194,0.52117,0.47883
4.44000,1.01194,0.25679,0.74321
4.56000,1.01194,0.41981,0.58019
4.68000,1.01194,0.21373,0.78627
4.80000,1.01194,0.19501,0.80499
4.92000,1.01194,0.13834,0.86166
5.04000,1.01194,0.08317,0.91683
5.16000,1.01194,0.17416,0.82584
5.28000,1.01194,0.16518,0.83482
5.40000,1.01194,0.10565,0.89435
5.52000,1.01194,0.13470,0.86530
5.64000,1.01194,0.12130,0.87870
5.76000,1.01194,0.25344,0.74656
5.88000,1.01194,0.27672,0.72328
6.00000,1.01194,0.27182,0.72818
6.12000,1.01194,0.31161,0.68839
6.24000,1.01194,0.20716,0.79284
6.36000,1.01194,0.17973,0.82027
6.48000,1.01194,0.09160,0.90840
6.60000,1.01194,0.17879,0.82121
6.72000,1.01194,0.09676,0.90324
6.84000,1.01194,0.14023,0.85977
6.96000,1.01194,0.32006,0.67994
7.08000,1.01194,0.29368,0.70632
7.20000,1.01194,0.35529,0.64471
7.32000,1.01194,0.23741,0.76259
7.44000,1.01194,0.47054,0.52946
7.56000,1.01194,0.23597,0.76403
7.68000,1.01194,0.38257,0.61743
7.80000,1.01194,0.18789,0.81211
7.92000,1.01194,0.21226,0.78774
8.04000,1.01194,0.24832,0.75168
8.16000,1.01194,0.23524,0.76476
8.28000,1.01194,0.21943,0.78057
8.40000,1.01194,0.14705,0.85295
8.52000,1.01194,0.17088,0.82912
8.64000,1.01194,0.12164,0.87836
8.76000,1.01194,0.05383,0.94617
8.88000,1.01194,0.02583,0.97417
9.00000,1.01194,0.06004,0.93996
9.12000,1.01194,0.02757,0.97243
9.24000,1.01194,0.03856,0.96144
9.36000,1.01194,0.02312,0.97688
9.48000,1.01194,0.04365,0.95635
9.60000,1.01194,0.06839,0.93161
9.72000,1.01194,0.04316,0.95684
9.84000,1.01194,0.05620,0.94380
9.96000,1.01194,0.02019,0.97981
10.08000,1.01194,0.05535,0.94465
10.20000,1.01194,0.05994,0.94006
10.32000,1.01194,0.06081,0.93919
10.44000,1.01194,0.11329,0.88671
10.56000,1.01194,0.07433,0.92567
10.68000,1.01194,0.30636,0.69364
10.80000,1.01194,0.28702,0.71298
10.92000,1.01194,0.38970,0.61030
11.04000,1.01194,0.32208,0.67792
11.16000,1.01194,0.45654,0.54346
11.28000,1.01194,0.33081,0.66919
11.40000,1.01194,0.31724,0.68276
11.52000,1.01194,0.22733,0.77267
11.64000,1.01194,0.34391,0.65609
11.76000,1.01194,0.37128,0.62872
11.88000,1.01194,0.25810,0.74190
12.00000,1.01194,0.33165,0.66835
12.12000,1.01194,0.30395,0.69605
12.24000,1.01194,0.31796,0.68204
12.36000,1.01194,0.33777,0.66223
12.48000,1.01194,0.28218,0.71782
12.60000,1.01194,0.27568,0.72432
12.72000,1.01194,0.19347,0.80653
12.84000,1.01194,0.30140,0.69860
12.96000,1.01194,0.39606,0.60394
13.08000,1.01194,0.35537,0.64463
13.20000,1.01194,0.52698,0.47302
13.32000,1.01194,0.50841,0.49159
13.44000,1.01194,0.62289,0.37711
13.56000,1.01194,0.66960,0.33040
13.68000,1.01194,0.68055,0.31945
13.80000,1.01194,0.69345,0.30655
13.92000,1.01194,0.63677,0.36323
14.04000,1.01194,0.69275,0.30725
14.16000,1.01194,0.65691,0.34309
14.28000,1.01194,0.71125,0.28875
14.40000,1.01194,0.62195,0.37805
14.52000,1.01194,0.60907,0.39093
14.64000,1.01194,0.51017,0.48983
14.76000,1.01194,0.51212,0.48788
14.88000,1.01194,0.59621,0.40379
15.00000,1.01194,0.61122,0.38878
15.12000,1.01194,0.48014,0.51986
15.24000,1.01194,0.40876,0.59124
15.36000,1.01194,0.56953,0.43047
15.48000,1.01194,0.53876,0.46124
15.60000,1.01194,0.57562,0.42438
15.72000,1.01194,0.43973,0.56027
15.84000,1.01194,0.50602,0.49398
15.96000,1.01194,0.42790,0.57210
16.08000,1.01194,0.42131,0.57869
16.20000,1.01194,0.45568,0.54432
16.32000,1.01194,0.28188,0.71812
16.44000,1.01194,0.25769,0.74231
16.56000,1.01194,0.22560,0.77440
16.68000,1.01194,0.11145,0.88855
16.80000,1.01194,0.35229,0.64771
16.92000,1.01194,0.15397,0.84603
17.04000,1.01194,0.24411,0.75589
17.16000,1.01194,0.36041,0.63959
17.28000,1.01194,0.44144,0.55856
17.40000,1.01194,0.49281,0.50719
17.52000,1.01194,0.56125,0.43875
17.64000,1.01194,0.57518,0.42482
17.76000,1.01194,0.64126,0.35874
17.88000,1.01194,0.52664,0.47336
18.00000,1.01194,0.70714,0.29286
18.12000,1.01194,0.57267,0.42733
18.24000,1.01194,0.68770,0.31230
18.36000,1.01194,0.44414,0.55586
18.48000,1.01194,0.68735,0.31265
18.60000,1.01194,0.58919,0.41081
18.72000,1.01194,0.65701,0.34299
18.84000,1.01194,0.48000,0.52000
18.96000,1.01194,0.61975,0.38025
19.08000,1.01194,0.60056,0.39944
19.20000,1.01194,0.67656,0.32344
19.32000,1.01194,0.58674,0.41326
19.44000,1.01194,0.63124,0.36876
19.56000,1.01194,0.63921,0.36079
19.68000,1.01194,0.62453,0.37547
19.80000,1.01194,0.55339,0.44661
19.92000,1.01194,0.68531,0.31469
20.04000,1.01194,0.58628,0.41372
20.16000,1.01194,0.67441,0.32559
20.28000,1.01194,0.49948,0.50052
20.40000,1.01194,0.56103,0.43897
20.52000,1.01194,0.53081,0.46919
20.64000,1.01194,0.50431,0.49569
20.76000,1.01194,0.53760,0.46240
20.88000,1.01194,0.40991,0.59009
21.00000,1.01194,0.56416,0.43584
21.12000,1.01194,0.56030,0.43970
21.24000,1.01194,0.68883,0.31117
21.36000,1.01194,0.71005,0.28995
21.48000,1.01194,0.65802,0.34198
21.60000,1.01194,0.64988,0.35012
21.72000,1.01194,0.59543,0.40457
21.84000,1.01194,0.68049,0.31951
21.96000,1.01194,0.56716,0.43284
22.08000,1.01194,0.60945,0.39055
22.20000,1.01194,0.50709,0.49291
22.32000,1.01194,0.51147,0.48853
22.44000,1.01194,0.54807,0.45193
22.56000,1.01194,0.53680,0.46320
22.68000,1.01194,0.52540,0.47460
22.80000,1.01194,0.50251,0.49749
22.92000,1.01194,0.62161,0.37839
23.04000,1.01194,0.50475,0.49525
23.16000,1.01194,0.62619,0.37381
23.28000,1.01194,0.58211,0.41789
23.40000,1.01194,0.63335,0.36665
23.52000,1.01194,0.38700,0.61300
23.64000,1.01194,0.39227,0.60773
23.76000,1.01194,0.25586,0.74414
23.88000,1.01194,0.31249,0.68751
24.00000,1.01194,0.26779,0.73221
24.12000,1.01194,0.19350,0.80650
24.24000,1.01194,0.21073,0.78927
24.36000,1.01194,0.30704,0.69296
24.48000,1.01194,0.27600,0.72400
24.60000,1.01194,0.37770,0.62230
24.72000,1.01194,0.36971,0.63029
24.84000,1.01194,0.37354,0.62646
24.96000,1.01194,0.36378,0.63622
25.08000,1.01194,0.57006,0.42994
25.20000,1.01194,0.48602,0.51398
25.32000,1.01194,0.52660,0.47340
25.44000,1.01194,0.62626,0.37374
25.56000,1.01194,0.64673,0.35327
25.68000,1.01194,0.69334,0.30666
25.80000,1.01194,0.60086,0.39914
25.92000,1.01194,0.63406,0.36594
26.04000,1.01194,0.63182,0.36818
26.16000,1.01194,0.54106,0.45894
26.28000,1.01194,0.66152,0.33848
26.40000,1.01194,0.51449,0.48551
26.52000,1.01194,0.53067,0.46933
26.64000,1.01194,0.28533,0.71467
26.76000,1.01194,0.28886,0.71114
26.88000,1.01194,0.28420,0.71580
27.00000,1.01194,0.19166,0.80834
27.12000,1.01194,0.14050,0.85950
27.24000,1.01194,0.19998,0.80002
27.36000,1.01194,0.19570,0.80430
27.48000,1.01194,0.39693,0.60307
27.60000,1.01194,0.25531,0.74469
27.72000,1.01194,0.50916,0.49084
27.84000,1.01194,0.28156,0.71844
27.96000,1.01194,0.51366,0.48634
28.08000,1.01194,0.39191,0.60809
28.20000,1.01194,0.49519,0.50481
28.32000,1.01194,0.38693,0.61307
28.44000,1.01194,0.25193,0.74807
28.56000,1.01194,0.25151,0.74849
28.68000,1.01194,0.21393,0.78607
28.80000,1.01194,0.28788,0.71212
28.92000,1.01194,0.17859,0.82141
29.04000,1.01194,0.19729,0.80271
29.16000,1.01194,0.07473,0.92527
29.28000,1.01194,0.21741,0.78259
29.40000,1.01194,0.08951,0.91049
29.52000,1.01194,0.14422,0.85578
29.64000,1.01194,0.10020,0.89980
29.76000,1.01194,0.09919,0.90081
29.88000,1.01194,0.10815,0.89185
30.00000,1.01194,0.05404,0.94596
30.12000,1.01194,0.11567,0.88433
30.24000,1.01194,0.05812,0.94188
30.36000,1.01194,0.06122,0.93878
30.48000,1.01194,0.10801,0.89199
30.60000,1.01194,0.04792,0.95208
30.72000,1.01194,0.12514,0.87486
30.84000,1.01194,0.04878,0.95122
30.96000,1.01194,0.08535,0.91465
31.08000,1.01194,0.06276,0.93724
31.20000,1.01194,0.07302,0.92698
31.32000,1.01194,0.07898,0.92102
31.44000,1.01194,0.02901,0.97099
31.56000,1.01194,0.04266,0.95734
31.68000,1.01194,0.02388,0.97612
31.80000,1.01194,0.03518,0.96482
31.92000,1.01194,0.02829,0.97171
32.04000,1.01194,0.01681,0.98319
32.16000,1.01194,0.02530,0.97470
32.28000,1.01194,0.01200,0.98800
32.40000,1.01194,0.02050,0.97950
32.52000,1.01194,0.02948,0.97052
32.64000,1.01194,0.01982,0.98018
32.76000,1.01194,0.06235,0.93764
32.88000,1.01194,0.04643,0.95357
33.00000,1.01194,0.06357,0.93643
33.12000,1.01194,0.08884,0.91116
33.24000,1.01194,0.05639,0.94361
33.36000,1.01194,0.13827,0.86173
33.48000,1.01194,0.05156,0.94844
33.60000,1.01194,0.05043,0.94957
33.72000,1.01194,0.05908,0.94092
33.84000,1.01194,0.03229,0.96771
33.96000,1.01194,0.05852,0.94148
34.08000,1.01194,0.03652,0.96348
34.20000,1.01194,0.06889,0.93111
34.32000,1.01194,0.07014,0.92986
34.44000,1.01194,0.05468,0.94532
34.56000,1.01194,0.06582,0.93418
34.68000,1.01194,0.05868,0.94132
34.80000,1.01194,0.07226,0.92774
34.92000,1.01194,0.11588,0.88412
35.04000,1.01194,0.08277,0.91723
35.16000,1.01194,0.08660,0.91340
35.28000,1.01194,0.06981,0.93019
35.40000,1.01194,0.08851,0.91149
35.52000,1.01194,0.12343,0.87657
35.64000,1.01194,0.07027,0.92973
35.76000,1.01194,0.06115,0.93885
35.88000,1.01194,0.06280,0.93720
36.00000,1.01194,0.07613,0.92387
36.12000,1.01194,0.03877,0.96123
36.24000,1.01194,0.05513,0.94487
36.36000,1.01194,0.05683,0.94317
36.48000,1.01194,0.08106,0.91894
36.60000,1.01194,0.04681,0.95319
36.72000,1.01194,0.08188,0.91812
36.84000,1.01194,0.06349,0.93651
36.96000,1.01194,0.08941,0.91059
37.08000,1.01194,0.11553,0.88447
37.20000,1.01194,0.11154,0.88846
37.32000,1.01194,0.07011,0.92989
37.44000,1.01194,0.05256,0.94744
37.56000,1.01194,0.06995,0.93005
37.68000,1.01194,0.06976,0.93024
37.80000,1.01194,0.08710,0.91290
37.92000,1.01194,0.04772,0.95228
38.04000,1.01194,0.07718,0.92282
38.16000,1.01194,0.05804,0.94196
38.28000,1.01194,0.15388,0.84612
38.40000,1.01194,0.15955,0.84045
38.52000,1.01194,0.10088,0.89912
38.64000,1.01194,0.08455,0.91545
38.76000,1.01194,0.07006,0.92994
38.88000,1.01194,0.05268,0.94732
39.00000,1.01194,0.04142,0.95858
39.12000,1.01194,0.06928,0.93072
39.24000,1.01194,0.06506,0.93494
39.36000,1.01194,0.06356,0.93644
39.48000,1.01194,0.06634,0.93366
39.60000,1.01194,0.05902,0.94098
39.72000,1.01194,0.08319,0.91681
39.84000,1.01194,0.06464,0.93536
39.96000,1.01194,0.06237,0.93763
40.08000,1.01194,0.07595,0.92405
40.20000,1.01194,0.10475,0.89525
40.32000,1.01194,0.11787,0.88213
40.44000,1.01194,0.08297,0.91703
40.56000,1.01194,0.09482,0.90518
40.68000,1.01194,0.09685,0.90315
40.80000,1.01194,0.06578,0.93422
40.92000,1.01194,0.07120,0.92880
41.04000,1.01194,0.06131,0.93869
41.16000,1.01194,0.10374,0.89626
41.28000,1.01194,0.09914,0.90086
41.40000,1.01194,0.12581,0.87419
41.52000,1.01194,0.15079,0.84921
41.64000,1.01194,0.18333,0.81667
41.76000,1.01194,0.18868,0.81132
41.88000,1.01194,0.26977,0.73023
42.00000,1.01194,0.24491,0.75509
42.12000,1.01194,0.44884,0.55116
42.24000,1.01194,0.38433,0.61567
42.36000,1.01194,0.39567,0.60433
42.48000,1.01194,0.38552,0.61448
42.60000,1.01194,0.55976,0.44024
42.72000,1.01194,0.38066,0.61934
42.84000,1.01194,0.57990,0.42010
42.96000,1.01194,0.55812,0.44188
43.08000,1.01194,0.75382,0.24618
43.20000,1.01194,0.52325,0.47675
43.32000,1.01194,0.63713,0.36287
43.44000,1.01194,0.53584,0.46416
43.56000,1.01194,0.59080,0.40920
43.68000,1.01194,0.67388,0.32612
43.80000,1.01194,0.58085,0.41915
43.92000,1.01194,0.63062,0.36938
44.04000,1.01194,0.61097,0.38903
44.16000,1.01194,0.65780,0.34220
44.28000,1.01194,0.69424,0.30576
44.40000,1.01194,0.75617,0.24383
44.52000,1.01194,0.72965,0.27035
44.64000,1.01194,0.70090,0.29910
44.76000,1.01194,0.69594,0.30406
44.88000,1.01194,0.67023,0.32977
45.00000,1.01194,0.68345,0.31655
45.12000,1.01194,0.67586,0.32414
45.24000,1.01194,0.66848,0.33152
45.36000,1.01194,0.70793,0.29207
45.48000,1.01194,0.67823,0.32177
45.60000,1.01194,0.66959,0.33041
45.72000,1.01194,0.66559,0.33441
45.84000,1.01194,0.69415,0.30585
45.96000,1.01194,0.69710,0.30290
46.08000,1.01194,0.69520,0.30480
46.20000,1.01194,0.69056,0.30944
46.32000,1.01194,0.71471,0.28529
46.44000,1.01194,0.66588,0.33412
46.56000,1.01194,0.70745,0.29255
46.68000,1.01194,0.65971,0.34029
46.80000,1.01194,0.76308,0.23692
46.92000,1.01194,0.66235,0.33765
47.04000,1.01194,0.73754,0.26246
47.16000,1.01194,0.64032,0.35968
47.28000,1.01194,0.76034,0.23966
47.40000,1.01194,0.67656,0.32344
47.52000,1.01194,0.69696,0.30304
47.64000,1.01194,0.68536,0.31464
47.76000,1.01194,0.58980,0.41020
47.88000,1.01194,0.69836,0.30164
48.00000,1.01194,0.63575,0.36425
48.12000,1.01194,0.67884,0.32116
48.24000,1.01194,0.65006,0.34994
48.36000,1.01194,0.73607,0.26393
48.48000,1.01194,0.66595,0.33405
48.60000,1.01194,0.75077,0.24923
48.72000,1.01194,0.65186,0.34814
48.84000,1.01194,0.72926,0.27074
48.96000,1.01194,0.64487,0.35513
49.08000,1.01194,0.73559,0.26441
49.20000,1.01194,0.75857,0.24143
49.32000,1.01194,0.68990,0.31010
49.44000,1.01194,0.77148,0.22852
49.56000,1.01194,0.72884,0.27116
49.68000,1.01194,0.77583,0.22417
49.80000,1.01194,0.74200,0.25800
49.92000,1.01194,0.78083,0.21917
50.04000,1.01194,0.73445,0.26555
50.16000,1.01194,0.75528,0.24472
50.28000,1.01194,0.73741,0.26259
50.40000,1.01194,0.75269,0.24731
50.52000,1.01194,0.73816,0.26184
50.64000,1.01194,0.74670,0.25330
50.76000,1.01194,0.75711,0.24289
50.88000,1.01194,0.76335,0.23665
51.00000,1.01194,0.77063,0.22937
51.12000,1.01194,0.74360,0.25640
51.24000,1.01194,0.75155,0.24845
51.36000,1.01194,0.70962,0.29038
51.48000,1.01194,0.76696,0.23304
51.60000,1.01194,0.73870,0.26130
51.72000,1.01194,0.77231,0.22769
51.84000,1.01194,0.69092,0.30908
51.96000,1.01194,0.76703,0.23297
52.08000,1.01194,0.72522,0.27478
52.20000,1.01194,0.68994,0.31006
52.32000,1.01194,0.64825,0.35175
52.44000,1.01194,0.66932,0.33068
52.56000,1.01194,0.62127,0.37873
52.68000,1.01194,0.69805,0.30195
52.80000,1.01194,0.66179,0.33821
52.92000,1.01194,0.77342,0.22658
53.04000,1.01194,0.69645,0.30355
53.16000,1.01194,0.74538,0.25462
53.28000,1.01194,0.66290,0.33710
53.40000,1.01194,0.72173,0.27827
53.52000,1.01194,0.73101,0.26899
53.64000,1.01194,0.70846,0.29154
53.76000,1.01194,0.73808,0.26192
53.88000,1.01194,0.67706,0.32294
54.00000,1.01194,0.76089,0.23911
54.12000,1.01194,0.72519,0.27481
54.24000,1.01194,0.72535,0.27465
54.36000,1.01194,0.72570,0.27430
54.48000,1.01194,0.75897,0.24103
54.60000,1.01194,0.75392,0.24608
54.72000,1.01194,0.75917,0.24083
54.84000,1.01194,0.75135,0.24865
54.96000,1.01194,0.78611,0.21389
55.08000,1.01194,0.75224,0.24776
55.20000,1.01194,0.79411,0.20589
55.32000,1.01194,0.71061,0.28939
55.44000,1.01194,0.76455,0.23545
55.56000,1.01194,0.70308,0.29692
55.68000,1.01194,0.75179,0.24821
55.80000,1.01194,0.77312,0.22688
55.92000,1.01194,0.73325,0.26675
56.04000,1.01194,0.73942,0.26058
56.16000,1.01194,0.72407,0.27593
56.28000,1.01194,0.73048,0.26952
56.40000,1.01194,0.72955,0.27045
56.52000,1.01194,0.72834,0.27166
56.64000,1.01194,0.77419,0.22581
56.76000,1.01194,0.72258,0.27742
56.88000,1.01194,0.64320,0.35680
57.00000,1.01194,0.69157,0.30843
57.12000,1.01194,0.60240,0.39760
57.24000,1.01194,0.60754,0.39246
57.36000,1.01194,0.61889,0.38111
57.48000,1.01194,0.66648,0.33352
57.60000,1.01194,0.58224,0.41776
57.72000,1.01194,0.58997,0.41003
57.84000,1.01194,0.61259,0.38741
57.96000,1.01194,0.67740,0.32260
58.08000,1.01194,0.73004,0.26996
58.20000,1.01194,0.63999,0.36001
58.32000,1.01194,0.65189,0.34811
58.44000,1.01194,0.65669,0.34331
58.56000,1.01194,0.69523,0.30477
58.68000,1.01194,0.65386,0.34614
58.80000,1.01194,0.67158,0.32842
58.92000,1.01194,0.66286,0.33714
59.04000,1.01194,0.61098,0.38902
59.16000,1.01194,0.66435,0.33565
59.28000,1.01194,0.66703,0.33297
59.40000,1.01194,0.63216,0.36784
59.52000,1.01194,0.59848,0.40152
59.64000,1.01194,0.66776,0.33224
59.76000,1.01194,0.66122,0.33878
59.88000,1.01194,0.61922,0.38078
60.00000,1.01194,0.58019,0.41981
60.12000,1.01194,0.65043,0.34957
60.24000,1.01194,0.62312,0.37688
60.36000,1.01194,0.59418,0.40582
60.48000,1.01194,0.60817,0.39183
60.60000,1.01194,0.65713,0.34287
60.72000,1.01194,0.73149,0.26851
60.84000,1.01194,0.74332,0.25668
60.96000,1.01194,0.75812,0.24188
61.08000,1.01194,0.73839,0.26161
61.20000,1.01194,0.72085,0.27915
61.32000,1.01194,0.70006,0.29994
61.44000,1.01194,0.53433,0.46567
61.56000,1.01194,0.68599,0.31401
61.68000,1.01194,0.55371,0.44629
61.80000,1.01194,0.69951,0.30049
61.92000,1.01194,0.48868,0.51132
62.04000,1.01194,0.70575,0.29425
62.16000,1.01194,0.70429,0.29571
62.28000,1.01194,0.65619,0.34381
62.40000,1.01194,0.64808,0.35192
62.52000,1.01194,0.69407,0.30593
62.64000,1.01194,0.59828,0.40172
62.76000,1.01194,0.66945,0.33055
62.88000,1.01194,0.68432,0.31568
63.00000,1.01194,0.73385,0.26615
63.12000,1.01194,0.68659,0.31341
63.24000,1.01194,0.75574,0.24426
63.36000,1.01194,0.71954,0.28046
63.48000,1.01194,0.75737,0.24263
63.60000,1.01194,0.74280,0.25720
63.72000,1.01194,0.77962,0.22038
63.84000,1.01194,0.71807,0.28193
63.96000,1.01194,0.72468,0.27532
64.08000,1.01193,0.71286,0.28714
64.20000,1.01194,0.71394,0.28606
64.32000,1.01194,0.72663,0.27337
64.44000,1.01193,0.73259,0.26741
64.56000,1.01194,0.74937,0.25063
64.68000,1.01194,0.71387,0.28613
64.80000,1.01193,0.77387,0.22613
64.92000,1.01194,0.74042,0.25958
65.04000,1.01194,0.74393,0.25607
65.16000,1.01193,0.71991,0.28009
65.28000,1.01194,0.70108,0.29892
65.40000,1.01193,0.65544,0.34456
65.52000,1.01194,0.69210,0.30790
65.64000,1.01194,0.72527,0.27473
65.76000,1.01193,0.75434,0.24566
65.88000,1.01194,0.62405,0.37595
66.00000,1.01194,0.74962,0.25038
66.12000,1.01193,0.70145,0.29855
66.24000,1.01194,0.70592,0.29408
66.36000,1.01194,0.65520,0.34480
66.48000,1.01193,0.67118,0.32882
66.60000,1.01194,0.66089,0.33911
66.72000,1.01194,0.64570,0.35430
66.84000,1.01194,0.59120,0.40880
66.96000,1.01194,0.69540,0.30460
67.08000,1.01193,0.74861,0.25139
67.20000,1.01194,0.73561,0.26439
67.32000,1.01194,0.68282,0.31718
67.44000,1.01193,0.66972,0.33028
67.56000,1.01194,0.69285,0.30715
67.68000,1.01194,0.62298,0.37702
67.80000,1.01193,0.67566,0.32434
67.92000,1.01194,0.57627,0.42373
68.04000,1.01194,0.69278,0.30722
68.16000,1.01193,0.65490,0.34510
68.28000,1.01194,0.71263,0.28737
68.40000,1.01193,0.75393,0.24607
68.52000,1.01194,0.74730,0.25270
68.64000,1.01194,0.77501,0.22499
68.76000,1.01193,0.76846,0.23154
68.88000,1.01194,0.75411,0.24589
69.00000,1.01194,0.75845,0.24155
69.12000,1.01193,0.65535,0.34465
69.24000,1.01194,0.73018,0.26982
69.36000,1.01194,0.51502,0.48498
69.48000,1.01193,0.74643,0.25357
69.60000,1.01194,0.51412,0.48588
69.72000,1.01194,0.75858,0.24142
69.84000,1.01194,0.63978,0.36022
69.96000,1.01194,0.77784,0.22216
70.08000,1.01193,0.58649,0.41351
70.20000,1.01194,0.70802,0.29198
70.32000,1.01194,0.58350,0.41650
70.44000,1.01193,0.69997,0.30003
70.56000,1.01194,0.56756,0.43244
70.68000,1.01194,0.71257,0.28743
70.80000,1.01193,0.69041,0.30959
70.92000,1.01194,0.68221,0.31779
71.04000,1.01194,0.68579,0.31421
71.16000,1.01193,0.73252,0.26748
71.28000,1.01194,0.72546,0.27454
71.40000,1.01193,0.70703,0.29297
71.52000,1.01194,0.70048,0.29952
71.64000,1.01194,0.71002,0.28998
71.76000,1.01193,0.72529,0.27471
71.88000,1.01194,0.67853,0.32147
72.00000,1.01194,0.73149,0.26851
72.12000,1.01193,0.68541,0.31459
72.24000,1.01194,0.68777,0.31223
72.36000,1.01194,0.74985,0.25015
72.48000,1.01193,0.74646,0.25354
72.60000,1.01194,0.72639,0.27361
72.72000,1.01194,0.72831,0.27169
72.84000,1.01194,0.72262,0.27738
72.96000,1.01194,0.68997,0.31003
73.08000,1.01193,0.73021,0.26979
73.20000,1.01194,0.69233,0.30767
73.32000,1.01194,0.74001,0.25999
73.44000,1.01193,0.66521,0.33479
73.56000,1.01194,0.72058,0.27942
73.68000,1.01194,0.65702,0.34298
73.80000,1.01193,0.68688,0.31312
73.92000,1.01194,0.70295,0.29705
74.04000,1.01194,0.63112,0.36888
74.16000,1.01193,0.68743,0.31257
74.28000,1.01194,0.65870,0.34130
74.40000,1.01193,0.73339,0.26661
74.52000,1.01194,0.68986,0.31014
74.64000,1.01194,0.71591,0.28409
74.76000,1.01193,0.67363,0.32637
74.88000,1.01194,0.70409,0.29591
75.00000,1.01194,0.64499,0.35501
75.12000,1.01193,0.75803,0.24197
75.24000,1.01194,0.69453,0.30547
75.36000,1.01194,0.66998,0.33002
75.48000,1.01193,0.66121,0.33879
75.60000,1.01194,0.73052,0.26948
75.72000,1.01194,0.68479,0.31521
75.84000,1.01194,0.76908,0.23092
75.96000,1.01194,0.69349,0.30651
76.08000,1.01193,0.78507,0.21493
76.20000,1.01194,0.71302,0.28698
76.32000,1.01194,0.78550,0.21450
76.44000,1.01193,0.72441,0.27559
76.56000,1.01194,0.76045,0.23955
76.68000,1.01194,0.68200,0.31800
76.80000,1.01193,0.69167,0.30833
76.92000,1.01194,0.70118,0.29882
77.04000,1.01194,0.65063,0.34937
77.16000,1.01193,0.64743,0.35257
77.28000,1.01194,0.65543,0.34457
77.40000,1.01193,0.65016,0.34984
77.52000,1.01194,0.69848,0.30152
77.64000,1.01194,0.61185,0.38815
77.76000,1.01193,0.63132,0.36868
77.88000,1.01194,0.58556,0.41444
78.00000,1.01194,0.64688,0.35312
78.12000,1.01193,0.59680,0.40320
78.24000,1.01194,0.64176,0.35824
78.36000,1.01194,0.68312,0.31688
78.48000,1.01193,0.65053,0.34947
78.60000,1.01194,0.68308,0.31692
78.72000,1.01194,0.64642,0.35358
78.84000,1.01194,0.68931,0.31069
78.96000,1.01194,0.69147,0.30853
79.08000,1.01193,0.72873,0.27127
79.20000,1.01194,0.61211,0.38789
79.32000,1.01194,0.74090,0.25910
79.44000,1.01193,0.66685,0.33315
79.56000,1.01194,0.72131,0.27869
79.68000,1.01194,0.69487,0.30513
79.80000,1.01193,0.71121,0.28879
79.92000,1.01194,0.67582,0.32418
80.04000,1.01194,0.66424,0.33576
80.16000,1.01193,0.73686,0.26314
80.28000,1.01194,0.72013,0.27987
80.40000,1.01193,0.67498,0.32502
80.52000,1.01194,0.69510,0.30490
80.64000,1.01194,0.70579,0.29421
80.76000,1.01193,0.61787,0.38213
80.88000,1.01194,0.67568,0.32432
81.00000,1.01194,0.61773,0.38227
81.12000,1.01193,0.64980,0.35020
81.24000,1.01194,0.59911,0.40090
81.36000,1.01194,0.72779,0.27221
81.48000,1.01193,0.68696,0.31304
81.60000,1.01194,0.72463,0.27537
81.72000,1.01194,0.61364,0.38636
81.84000,1.01194,0.72264,0.27736
81.96000,1.01194,0.74381,0.25619
82.08000,1.01193,0.76435,0.23565
82.20000,1.01194,0.69612,0.30388
82.32000,1.01194,0.77199,0.22801
82.44000,1.01193,0.73872,0.26128
82.56000,1.01194,0.76231,0.23769
82.68000,1.01194,0.72968,0.27032
82.80000,1.01193,0.73783,0.26217
82.92000,1.01194,0.75447,0.24553
83.04000,1.01194,0.73431,0.26569
83.16000,1.01193,0.70666,0.29334
83.28000,1.01194,0.71719,0.28281
83.40000,1.01193,0.71354,0.28646
83.52000,1.01194,0.68627,0.31373
83.64000,1.01194,0.57099,0.42901
83.76000,1.01193,0.57269,0.42731
83.88000,1.01194,0.54772,0.45228
84.00000,1.01194,0.56759,0.43241
84.12000,1.01193,0.57993,0.42007
84.24000,1.01194,0.43712,0.56288
84.36000,1.01194,0.68990,0.31010
84.48000,1.01193,0.64843,0.35157
84.60000,1.01194,0.79501,0.20499
84.72000,1.01194,0.77876,0.22124
84.84000,1.01194,0.76623,0.23377
84.96000,1.01194,0.74565,0.25435
85.08000,1.01193,0.75757,0.24243
85.20000,1.01194,0.72456,0.27544
85.32000,1.01194,0.77256,0.22744
85.44000,1.01193,0.64433,0.35567
85.56000,1.01194,0.69497,0.30503
85.68000,1.01194,0.62028,0.37972
85.80000,1.01193,0.75716,0.24284
85.92000,1.01194,0.66951,0.33049
86.04000,1.01194,0.78105,0.21895
86.16000,1.01193,0.69670,0.30330
86.28000,1.01194,0.78595,0.21405
86.40000,1.01193,0.74442,0.25558
86.52000,1.01194,0.77051,0.22949
86.64000,1.01194,0.73997,0.26003
86.76000,1.01193,0.73884,0.26116
86.88000,1.01194,0.70308,0.29692
87.00000,1.01194,0.66090,0.33910
87.12000,1.01193,0.65220,0.34780
87.24000,1.01194,0.47060,0.52940
87.36000,1.01194,0.57272,0.42728
87.48000,1.01193,0.56971,0.43029
87.60000,1.01194,0.60477,0.39523
87.72000,1.01194,0.56317,0.43683
87.84000,1.01194,0.53247,0.46753
87.96000,1.01194,0.64229,0.35771
88.08000,1.01193,0.67718,0.32282
88.20000,1.01194,0.72073,0.27927
88.32000,1.01194,0.67169,0.32831
88.44000,1.01193,0.76766,0.23234
88.56000,1.01194,0.66704,0.33296
88.68000,1.01194,0.77788,0.22212
88.80000,1.01193,0.67134,0.32866
88.92000,1.01194,0.76896,0.23104
89.04000,1.01194,0.62482,0.37518
89.16000,1.01193,0.74277,0.25723
89.28000,1.01194,0.72043,0.27957
89.40000,1.01193,0.70573,0.29427
89.52000,1.01194,0.65133,0.34867
89.64000,1.01194,0.66261,0.33739
89.76000,1.01193,0.67123,0.32877
89.88000,1.01194,0.68936,0.31064
90.00000,1.01194,0.69245,0.30755
90.12000,1.01193,0.68417,0.31583
90.24000,1.01194,0.71986,0.28014
90.36000,1.01194,0.71764,0.28236
90.48000,1.01193,0.73085,0.26915
90.60000,1.01194,0.69136,0.30864
90.72000,1.01194,0.75914,0.24086
90.84000,1.01194,0.65408,0.34592
90.96000,1.01194,0.71435,0.28565
91.08000,1.01193,0.67746,0.32254
91.20000,1.01194,0.68953,0.31047
91.32000,1.01194,0.69966,0.30034
91.44000,1.01193,0.70713,0.29287
91.56000,1.01194,0.72578,0.27422
91.68000,1.01194,0.74044,0.25956
91.80000,1.01193,0.74026,0.25974
91.92000,1.01194,0.72812,0.27188
92.04000,1.01194,0.77274,0.22726
92.16000,1.01193,0.75247,0.24753
92.28000,1.01194,0.75801,0.24199
92.40000,1.01193,0.74183,0.25817
92.52000,1.01194,0.76368,0.23632
92.64000,1.01194,0.71006,0.28994
92.76000,1.01193,0.70766,0.29234
92.88000,1.01194,0.69154,0.30846
93.00000,1.01194,0.65916,0.34084
93.12000,1.01193,0.65875,0.34125
93.24000,1.01194,0.65510,0.34490
93.36000,1.01194,0.64851,0.35149
93.48000,1.01193,0.64529,0.35471
93.60000,1.01194,0.62273,0.37727
93.72000,1.01194,0.60088,0.39912
93.84000,1.01194,0.57828,0.42172
93.96000,1.01194,0.59456,0.40544
94.08000,1.01193,0.65682,0.34318
94.20000,1.01194,0.58313,0.41687
94.32000,1.01194,0.61719,0.38281
94.44000,1.01193,0.66403,0.33597
94.56000,1.01194,0.75041,0.24959
94.68000,1.01194,0.74100,0.25900
94.80000,1.01193,0.73783,0.26217
94.92000,1.01194,0.69206,0.30794
95.04000,1.01194,0.73290,0.26710
95.16000,1.01193,0.62934,0.37066
95.28000,1.01194,0.71266,0.28734
95.40000,1.01193,0.62585,0.37415
95.52000,1.01194,0.76066,0.23934
95.64000,1.01194,0.64320,0.35680
95.76000,1.01193,0.71132,0.28868
95.88000,1.01194,0.69952,0.30048
96.00000,1.01194,0.70220,0.29780
96.12000,1.01193,0.68509,0.31491
96.24000,1.01194,0.71052,0.28948
96.36000,1.01194,0.65516,0.34484
96.48000,1.01193,0.63185,0.36815
96.60000,1.01194,0.58304,0.41696
96.72000,1.01194,0.62950,0.37050
96.84000,1.01194,0.65771,0.34229
96.96000,1.01194,0.69140,0.30860
97.08000,1.01193,0.69234,0.30766
97.20000,1.01194,0.70319,0.29681
97.32000,1.01194,0.74006,0.25994
97.44000,1.01193,0.72450,0.27550
97.56000,1.01194,0.74473,0.25527
97.68000,1.01194,0.67356,0.32644
97.80000,1.01193,0.76066,0.23934
97.92000,1.01194,0.73587,0.26413
98.04000,1.01194,0.75134,0.24866
98.16000,1.01193,0.72461,0.27539
98.28000,1.01194,0.73174,0.26826
98.40000,1.01193,0.71874,0.28126
98.52000,1.01194,0.73650,0.26350
98.64000,1.01194,0.70417,0.29583
98.76000,1.01193,0.64078,0.35922
98.88000,1.01194,0.65489,0.34511
99.00000,1.01194,0.66152,0.33848
99.12000,1.01193,0.68840,0.31160
99.24000,1.01194,0.59115,0.40885
99.36000,1.01194,0.68441,0.31559
99.48000,1.01193,0.64787,0.35213
99.60000,1.01194,0.68958,0.31042
99.72000,1.01194,0.65968,0.34032
99.84000,1.01194,0.63375,0.36625
99.96000,1.01194,0.59788,0.40212
100.08000,1.01193,0.68693,0.31307
100.20000,1.01194,0.60965,0.39035
100.32000,1.01194,0.62119,0.37881
100.44000,1.01193,0.62479,0.37521
100.56000,1.01194,0.69772,0.30228
100.68000,1.01194,0.68277,0.31723
100.80000,1.01193,0.71437,0.28563
100.92000,1.01194,0.76069,0.23931
101.04000,1.01194,0.74879,0.25121
101.16000,1.01193,0.76728,0.23272
101.28000,1.01194,0.68432,0.31568
101.40000,1.01193,0.77450,0.22550
101.52000,1.01194,0.66143,0.33857
101.64000,1.01194,0.74093,0.25907
101.76000,1.01193,0.69627,0.30373
101.88000,1.01194,0.71947,0.28053
102.00000,1.01194,0.70890,0.29110
102.12000,1.01193,0.70217,0.29783
102.24000,1.01194,0.59053,0.40947
102.36000,1.01194,0.65241,0.34759
102.48000,1.01193,0.50123,0.49877
102.60000,1.01194,0.60987,0.39013
102.72000,1.01194,0.44154,0.55846
102.84000,1.01194,0.61675,0.38325
102.96000,1.01194,0.56008,0.43992
103.08000,1.01193,0.61302,0.38698
103.20000,1.01194,0.60351,0.39649
103.32000,1.01194,0.67486,0.32514
103.44000,1.01193,0.69227,0.30773
103.56000,1.01194,0.65662,0.34338
103.68000,1.01194,0.72039,0.27961
103.80000,1.01193,0.70756,0.29244
103.92000,1.01194,0.71905,0.28095
104.04000,1.01194,0.73051,0.26949
104.16000,1.01193,0.76943,0.23057
104.28000,1.01194,0.75651,0.24349
104.40000,1.01193,0.77355,0.22645
104.52000,1.01194,0.72399,0.27601
104.64000,1.01194,0.72869,0.27131
104.76000,1.01193,0.72584,0.27416
104.88000,1.01194,0.65470,0.34530
105.00000,1.01194,0.71297,0.28703
105.12000,1.01193,0.65876,0.34124
105.24000,1.01194,0.70426,0.29574
105.36000,1.01194,0.72361,0.27639
105.48000,1.01193,0.67371,0.32629
105.60000,1.01194,0.72568,0.27432
105.72000,1.01194,0.71380,0.28620
105.84000,1.01194,0.73725,0.26275
105.96000,1.01194,0.73921,0.26079
106.08000,1.01193,0.73490,0.26510
106.20000,1.01194,0.75648,0.24352
106.32000,1.01194,0.74238,0.25762
106.44000,1.01193,0.76626,0.23374
106.56000,1.01194,0.75734,0.24266
106.68000,1.01194,0.76716,0.23284
106.80000,1.01193,0.72510,0.27490
106.92000,1.01194,0.75833,0.24167
107.04000,1.01194,0.68522,0.31478
107.16000,1.01193,0.71255,0.28745
107.28000,1.01194,0.66708,0.33292
107.40000,1.01193,0.73955,0.26045
107.52000,1.01194,0.64484,0.35516
107.64000,1.01194,0.70375,0.29625
107.76000,1.01193,0.66107,0.33893
107.88000,1.01194,0.69731,0.30269
108.00000,1.01194,0.67672,0.32328
108.12000,1.01193,0.70462,0.29538
108.24000,1.01194,0.71448,0.28552
108.36000,1.01194,0.73528,0.26472
108.48000,1.01193,0.70902,0.29098
108.60000,1.01194,0.69572,0.30428
108.72000,1.01194,0.69604,0.30396
108.84000,1.01194,0.71261,0.28739
108.96000,1.01194,0.72185,0.27815
109.08000,1.01193,0.75167,0.24833
109.20000,1.01194,0.66684,0.33316
109.32000,1.01194,0.72245,0.27755
109.44000,1.01193,0.69171,0.30829
109.56000,1.01194,0.75478,0.24522
109.68000,1.01194,0.70727,0.29273
109.80000,1.01193,0.72475,0.27525
109.92000,1.01194,0.72810,0.27190
110.04000,1.01194,0.74940,0.25060
110.16000,1.01193,0.75133,0.24867
110.28000,1.01194,0.73624,0.26376
110.40000,1.01193,0.75133,0.24867
110.52000,1.01194,0.72447,0.27553
110.64000,1.01194,0.73155,0.26845
110.76000,1.01193,0.70155,0.29845
110.88000,1.01194,0.68836,0.31164
111.00000,1.01194,0.70001,0.29999
111.12000,1.01193,0.67630,0.32370
111.24000,1.01194,0.67386,0.32614
111.36000,1.01194,0.70765,0.29235
111.48000,1.01193,0.73758,0.26242
111.60000,1.01194,0.73104,0.26896
111.72000,1.01194,0.75074,0.24926
111.84000,1.01194,0.73312,0.26688
111.96000,1.01194,0.72326,0.27674
112.08000,1.01193,0.74919,0.25081
112.20000,1.01194,0.70282,0.29718
112.32000,1.01194,0.78357,0.21643
112.44000,1.01193,0.70228,0.29772
112.56000,1.01194,0.76090,0.23910
112.68000,1.01194,0.73844,0.26156
112.80000,1.01193,0.74351,0.25649
112.92000,1.01194,0.77627,0.22373
113.04000,1.01194,0.72771,0.27229
113.16000,1.01193,0.75060,0.24940
113.28000,1.01194,0.73442,0.26558
113.40000,1.01193,0.76735,0.23265
113.52000,1.01194,0.71111,0.28889
113.64000,1.01194,0.73223,0.26777
113.76000,1.01193,0.77884,0.22116
113.88000,1.01194,0.74846,0.25154
114.00000,1.01194,0.73298,0.26702
114.12000,1.01193,0.72517,0.27483
114.24000,1.01194,0.77220,0.22780
114.36000,1.01194,0.67600,0.32400
114.48000,1.01193,0.76905,0.23095
114.60000,1.01194,0.68028,0.31972
114.72000,1.01194,0.75230,0.24770
114.84000,1.01194,0.73275,0.26725
114.96000,1.01194,0.73706,0.26294
115.08000,1.01193,0.73929,0.26071
115.20000,1.01194,0.73166,0.26834
115.32000,1.01194,0.74981,0.25019
115.44000,1.01193,0.75028,0.24972
115.56000,1.01194,0.74762,0.25238
115.68000,1.01194,0.73696,0.26304
115.80000,1.01193,0.74543,0.25457
115.92000,1.01194,0.74824,0.25176
116.04000,1.01194,0.76679,0.23321
116.16000,1.01193,0.75494,0.24506
116.28000,1.01194,0.73165,0.26835
116.40000,1.01193,0.72404,0.27596
116.52000,1.01194,0.74786,0.25214
116.64000,1.01194,0.73702,0.26298
116.76000,1.01193,0.75005,0.24995
116.88000,1.01194,0.69872,0.30128
117.00000,1.01194,0.68157,0.31843
117.12000,1.01193,0.66404,0.33596
117.24000,1.01194,0.73094,0.26906
117.36000,1.01194,0.69173,0.30827
117.48000,1.01193,0.71222,0.28778
117.60000,1.01194,0.68320,0.31680
117.72000,1.01194,0.70186,0.29814
117.84000,1.01194,0.67852,0.32148
117.96000,1.01194,0.70933,0.29067
118.08000,1.01193,0.66906,0.33094
118.20000,1.01194,0.67128,0.32872
118.32000,1.01194,0.64419,0.35581
118.44000,1.01193,0.59326,0.40674
118.56000,1.01194,0.58355,0.41645
118.68000,1.01194,0.63001,0.36999
118.80000,1.01193,0.67306,0.32694
118.92000,1.01194,0.61158,0.38842
119.04000,1.01194,0.71415,0.28585
119.16000,1.01193,0.59550,0.40450
119.28000,1.01194,0.69710,0.30290
119.40000,1.01193,0.68400,0.31600
119.52000,1.01194,0.72683,0.27317
119.64000,1.01194,0.64582,0.35418
119.76000,1.01193,0.70245,0.29755
119.88000,1.01194,0.75344,0.24656
120.00000,1.01194,0.73022,0.26978
120.12000,1.01193,0.72823,0.27177
120.24000,1.01194,0.71358,0.28642
120.36000,1.01194,0.73379,0.26621
120.48000,1.01193,0.72029,0.27971
120.60000,1.01194,0.73954,0.26046
120.72000,1.01194,0.73587,0.26413
120.84000,1.01194,0.71145,0.28855
120.96000,1.01194,0.73195,0.26805
121.08000,1.01193,0.76431,0.23569
121.20000,1.01194,0.77228,0.22772
121.32000,1.01194,0.73649,0.26351
121.44000,1.01193,0.74054,0.25946
121.56000,1.01194,0.73445,0.26555
121.68000,1.01194,0.70112,0.29888
121.80000,1.01193,0.74318,0.25682
121.92000,1.01194,0.73378,0.26622
122.04000,1.01194,0.71904,0.28096
122.16000,1.01193,0.72712,0.27288
122.28000,1.01194,0.70978,0.29022
122.40000,1.01193,0.72207,0.27793
122.52000,1.01194,0.74313,0.25687
122.64000,1.01194,0.70937,0.29063
122.76000,1.01193,0.68464,0.31536
122.88000,1.01194,0.73430,0.26570
123.00000,1.01194,0.72377,0.27623
123.12000,1.01193,0.75131,0.24869
123.24000,1.01194,0.68272,0.31728
123.36000,1.01194,0.72878,0.27122
123.48000,1.01193,0.70579,0.29421
123.60000,1.01194,0.67951,0.32049
123.72000,1.01194,0.66571,0.33429
123.84000,1.01194,0.69508,0.30492
123.96000,1.01194,0.72546,0.27454
124.08000,1.01193,0.70774,0.29226
124.20000,1.01194,0.74280,0.25720
124.32000,1.01194,0.76299,0.23701
124.44000,1.01193,0.72375,0.27625
124.56000,1.01194,0.71728,0.28272
124.68000,1.01194,0.74578,0.25422
124.80000,1.01193,0.78632,0.21368
124.92000,1.01194,0.76163,0.23837
125.04000,1.01194,0.74085,0.25915
125.16000,1.01193,0.77292,0.22708
125.28000,1.01194,0.75206,0.24794
125.40000,1.01193,0.74005,0.25995
125.52000,1.01194,0.77441,0.22559
125.64000,1.01194,0.73099,0.26901
125.76000,1.01193,0.74513,0.25487
125.88000,1.01194,0.75522,0.24478
126.00000,1.01194,0.70954,0.29046
126.12000,1.01193,0.68757,0.31243
126.24000,1.01194,0.65247,0.34753
126.36000,1.01194,0.55772,0.44228
126.48000,1.01193,0.55649,0.44351
126.60000,1.01194,0.39753,0.60247
126.72000,1.01194,0.49098,0.50902
126.84000,1.01194,0.51819,0.48181
126.96000,1.01194,0.61452,0.38548
127.08000,1.01193,0.63433,0.36567
127.20000,1.01195,0.68201,0.31799
127.32000,1.01194,0.71010,0.28990
127.44000,1.01193,0.71559,0.28441
127.56000,1.01193,0.70502,0.29498
127.68000,1.01194,0.72870,0.27130
127.80000,1.01193,0.67165,0.32835
127.92000,1.01193,0.69425,0.30575
128.03999,1.01195,0.62101,0.37899
128.16000,1.01193,0.73421,0.26579
128.28000,1.01193,0.65710,0.34291
128.39999,1.01195,0.69127,0.30873
128.52000,1.01193,0.60078,0.39922
128.64000,1.01193,0.70151,0.29849
128.75999,1.01195,0.69008,0.30992
128.88000,1.01193,0.75585,0.24415
129.00000,1.01193,0.68034,0.31966
129.12000,1.01195,0.71116,0.28884
129.24001,1.01193,0.68298,0.31702
129.36000,1.01193,0.67884,0.32116
129.48000,1.01195,0.72080,0.27920
129.60001,1.01193,0.70314,0.29686
129.72000,1.01193,0.68918,0.31082
129.84000,1.01195,0.72300,0.27700
129.96001,1.01193,0.74420,0.25580
130.08000,1.01193,0.78366,0.21634
130.20000,1.01195,0.73373,0.26627
130.32001,1.01193,0.79348,0.20652
130.44000,1.01193,0.71684,0.28316
130.56000,1.01193,0.78131,0.21869
130.67999,1.01195,0.75118,0.24882
130.80000,1.01193,0.78473,0.21527
130.92000,1.01193,0.73051,0.26949
131.03999,1.01195,0.73064,0.26936
131.16000,1.01193,0.70066,0.29934
131.28000,1.01193,0.66907,0.33093
131.39999,1.01195,0.74245,0.25755
131.52000,1.01193,0.74343,0.25657
131.64000,1.01193,0.71476,0.28524
131.75999,1.01195,0.70079,0.29921
131.88000,1.01193,0.74802,0.25198
132.00000,1.01193,0.74100,0.25900
132.12000,1.01195,0.76257,0.23743
132.24001,1.01193,0.73544,0.26456
132.36000,1.01193,0.72539,0.27461
132.48000,1.01195,0.72320,0.27680
132.60001,1.01193,0.68728,0.31272
132.72000,1.01193,0.67645,0.32355
132.84000,1.01195,0.71889,0.28111
132.96001,1.01193,0.67027,0.32973
133.08000,1.01193,0.68590,0.31410
133.20000,1.01195,0.56231,0.43769
133.32001,1.01193,0.61399,0.38601
133.44000,1.01193,0.57983,0.42017
133.56000,1.01193,0.67151,0.32849
133.67999,1.01195,0.60198,0.39802
133.80000,1.01193,0.64424,0.35576
133.92000,1.01193,0.56739,0.43261
134.03999,1.01195,0.69076,0.30924
134.16000,1.01193,0.72383,0.27617
134.28000,1.01193,0.74362,0.25638
134.39999,1.01195,0.75587,0.24413
134.52000,1.01193,0.75910,0.24090
134.64000,1.01193,0.75077,0.24923
134.75999,1.01195,0.74840,0.25160
134.88000,1.01193,0.73543,0.26457
135.00000,1.01193,0.79737,0.20263
135.12000,1.01195,0.73979,0.26021
135.24001,1.01193,0.78643,0.21357
135.36000,1.01193,0.75074,0.24926
135.48000,1.01195,0.75999,0.24001
135.60001,1.01193,0.75817,0.24183
135.72000,1.01193,0.76047,0.23953
135.84000,1.01195,0.75776,0.24224
135.96001,1.01193,0.74467,0.25533
136.08000,1.01193,0.72796,0.27204
136.20000,1.01195,0.71530,0.28470
136.32001,1.01193,0.77918,0.22082
136.44000,1.01193,0.73995,0.26005
136.56000,1.01193,0.76330,0.23670
136.67999,1.01195,0.75442,0.24558
136.80000,1.01193,0.78971,0.21029
136.92000,1.01193,0.76569,0.23431
137.03999,1.01195,0.76329,0.23671
137.16000,1.01193,0.77069,0.22931
137.28000,1.01193,0.78880,0.21120
137.39999,1.01195,0.74252,0.25748
137.52000,1.01193,0.77099,0.22901
137.64000,1.01193,0.75879,0.24121
137.75999,1.01195,0.78854,0.21146
137.88000,1.01193,0.76681,0.23319
138.00000,1.01193,0.78341,0.21659
138.12000,1.01195,0.68134,0.31866
138.24001,1.01193,0.72424,0.27576
138.36000,1.01193,0.75052,0.24948
138.48000,1.01195,0.75684,0.24316
138.60001,1.01193,0.71486,0.28514
138.72000,1.01193,0.70819,0.29181
138.84000,1.01195,0.76278,0.23722
138.96001,1.01193,0.76405,0.23595
139.08000,1.01193,0.75296,0.24704
139.20000,1.01195,0.76056,0.23944
139.32001,1.01193,0.78187,0.21813
139.44000,1.01193,0.73158,0.26842
139.56000,1.01193,0.76380,0.23620
139.67999,1.01195,0.78071,0.21929
139.80000,1.01193,0.74854,0.25146
139.92000,1.01193,0.78348,0.21652
140.03999,1.01195,0.73015,0.26985
140.16000,1.01193,0.74468,0.25532
140.28000,1.01193,0.70398,0.29602
140.39999,1.01195,0.74407,0.25593
140.52000,1.01193,0.69683,0.30317
140.64000,1.01193,0.74533,0.25467
140.75999,1.01195,0.71907,0.28093
140.88000,1.01193,0.74536,0.25464
141.00000,1.01193,0.72437,0.27563
141.12000,1.01195,0.72178,0.27822
141.24001,1.01193,0.71284,0.28716
141.36000,1.01193,0.74347,0.25653
141.48000,1.01195,0.71773,0.28227
141.60001,1.01193,0.72420,0.27580
141.72000,1.01193,0.64192,0.35808
141.84000,1.01195,0.70950,0.29050
141.96001,1.01193,0.72019,0.27981
142.08000,1.01193,0.69008,0.30992
142.20000,1.01195,0.71800,0.28200
142.32001,1.01193,0.68586,0.31414
142.44000,1.01193,0.74242,0.25758
142.56000,1.01193,0.69977,0.30023
142.67999,1.01195,0.72367,0.27633
142.80000,1.01193,0.73308,0.26692
142.92000,1.01193,0.76248,0.23752
143.03999,1.01195,0.76711,0.23289
143.16000,1.01193,0.79623,0.20377
143.28000,1.01193,0.76697,0.23303
143.39999,1.01195,0.77972,0.22028
143.52000,1.01193,0.71114,0.28886
143.64000,1.01193,0.75489,0.24511
143.75999,1.01195,0.72824,0.27176
143.88000,1.01193,0.77560,0.22440
144.00000,1.01193,0.63189,0.36811
144.12000,1.01195,0.77459,0.22541
144.24001,1.01193,0.73458,0.26542
144.36000,1.01193,0.75285,0.24715
144.48000,1.01195,0.69420,0.30580
144.60001,1.01193,0.65532,0.34468
144.72000,1.01193,0.52071,0.47929
144.84000,1.01195,0.47382,0.52618
144.96001,1.01193,0.54517,0.45483
145.08000,1.01193,0.56248,0.43752
145.20000,1.01195,0.33178,0.66822
145.32001,1.01193,0.43607,0.56393
145.44000,1.01193,0.46706,0.53294
145.56000,1.01193,0.57739,0.42261
145.67999,1.01195,0.61327,0.38673
145.80000,1.01193,0.60212,0.39788
145.92000,1.01193,0.49917,0.50083
146.03999,1.01195,0.57764,0.42236
146.16000,1.01193,0.63214,0.36786
146.28000,1.01193,0.60788,0.39212
146.39999,1.01195,0.60467,0.39533
146.52000,1.01193,0.65675,0.34325
146.64000,1.01193,0.64784,0.35216
146.75999,1.01195,0.72781,0.27219
146.88000,1.01193,0.68532,0.31468
147.00000,1.01193,0.75220,0.24780
147.12000,1.01195,0.68874,0.31126
147.24001,1.01193,0.65939,0.34061
147.36000,1.01193,0.69728,0.30272
147.48000,1.01195,0.70217,0.29783
147.60001,1.01193,0.72800,0.27200
147.72000,1.01193,0.76610,0.23390
147.84000,1.01195,0.74304,0.25696
147.96001,1.01193,0.77166,0.22834
148.08000,1.01193,0.76768,0.23232
148.20000,1.01195,0.77843,0.22157
148.32001,1.01193,0.76879,0.23121
148.44000,1.01193,0.77222,0.22778
148.56000,1.01193,0.78242,0.21758
148.67999,1.01195,0.73346,0.26654
148.80000,1.01193,0.79650,0.20350
148.92000,1.01193,0.73191,0.26809
149.03999,1.01195,0.78994,0.21006
149.16000,1.01193,0.74677,0.25323
149.28000,1.01193,0.72519,0.27481
149.39999,1.01195,0.74595,0.25405
149.52000,1.01193,0.73604,0.26396
149.64000,1.01193,0.72469,0.27531
149.75999,1.01195,0.70122,0.29878
149.88000,1.01193,0.74037,0.25963
150.00000,1.01193,0.72751,0.27249
150.12000,1.01195,0.61477,0.38523
150.24001,1.01193,0.48284,0.51716
150.36000,1.01193,0.30535,0.69465
150.48000,1.01195,0.21240,0.78760
150.60001,1.01193,0.10449,0.89551
150.72000,1.01193,0.04505,0.95495
150.84000,1.01195,0.03378,0.96622
150.96001,1.01193,0.02011,0.97989
151.08000,1.01193,0.02673,0.97327
151.20000,1.01195,0.05166,0.94834
151.32001,1.01193,0.06125,0.93875
151.44000,1.01193,0.11178,0.88822
151.56000,1.01193,0.18650,0.81350
151.67999,1.01195,0.36386,0.63614
151.80000,1.01193,0.59875,0.40125
151.92000,1.01193,0.71621,0.28379
152.03999,1.01195,0.74688,0.25312
152.16000,1.01193,0.70501,0.29499
152.28000,1.01193,0.74521,0.25479
152.39999,1.01195,0.75077,0.24923
152.52000,1.01193,0.74661,0.25339
152.64000,1.01193,0.73721,0.26279
152.75999,1.01195,0.70310,0.29690
152.88000,1.01193,0.72969,0.27031
153.00000,1.01193,0.69564,0.30436
153.12000,1.01195,0.71709,0.28291
153.24001,1.01193,0.72122,0.27878
153.36000,1.01193,0.71003,0.28997
153.48000,1.01195,0.72824,0.27176
153.60001,1.01193,0.71211,0.28789
153.72000,1.01193,0.75472,0.24528
153.84000,1.01195,0.72019,0.27981
153.96001,1.01193,0.73033,0.26967
154.08000,1.01193,0.72080,0.27920
154.20000,1.01195,0.74073,0.25927
154.32001,1.01193,0.71197,0.28803
154.44000,1.01193,0.76287,0.23713
154.56000,1.01193,0.76205,0.23795
154.67999,1.01195,0.73816,0.26184
154.80000,1.01193,0.70171,0.29829
154.92000,1.01193,0.67241,0.32759
155.03999,1.01195,0.73121,0.26879
155.16000,1.01193,0.74635,0.25365
155.28000,1.01193,0.70128,0.29872
155.39999,1.01195,0.72671,0.27329
155.52000,1.01193,0.65832,0.34168
155.64000,1.01193,0.61471,0.38529
155.75999,1.01195,0.70296,0.29704
155.88000,1.01193,0.58446,0.41554
156.00000,1.01193,0.58718,0.41282
156.12000,1.01195,0.52842,0.47158
156.24001,1.01193,0.61025,0.38975
156.36000,1.01193,0.56152,0.43848
156.48000,1.01195,0.65841,0.34159
156.60001,1.01193,0.60752,0.39248
156.72000,1.01193,0.70328,0.29672
156.84000,1.01195,0.67797,0.32203
156.96001,1.01193,0.75281,0.24719
157.08000,1.01193,0.70693,0.29307
157.20000,1.01195,0.73603,0.26397
157.32001,1.01193,0.74113,0.25887
157.44000,1.01193,0.73132,0.26868
157.56000,1.01193,0.71814,0.28186
157.67999,1.01195,0.75275,0.24725
157.80000,1.01193,0.71460,0.28540
157.92000,1.01193,0.73118,0.26882
158.03999,1.01195,0.73983,0.26017
158.16000,1.01193,0.73501,0.26499
158.28000,1.01193,0.73874,0.26126
158.39999,1.01195,0.76722,0.23278
158.52000,1.01193,0.75605,0.24395
158.64000,1.01193,0.76262,0.23738
158.75999,1.01195,0.77075,0.22925
158.88000,1.01193,0.76982,0.23018
159.00000,1.01193,0.71173,0.28827
159.12000,1.01195,0.73187,0.26813
159.24001,1.01193,0.74140,0.25860
159.36000,1.01193,0.57812,0.42188
159.48000,1.01195,0.69192,0.30808
