Time (seconds), Duration (seconds),pred_unlabeled,pred_sirens
0.00000,1.01194,0.02826,0.97174
0.12000,1.01194,0.02540,0.97460
0.24000,1.01194,0.01252,0.98748
0.36000,1.01194,0.01010,0.98990
0.48000,1.01194,0.00863,0.99137
0.60000,1.01194,0.01308,0.98692
0.72000,1.01194,0.01667,0.98333
0.84000,1.01194,0.00682,0.99318
0.96000,1.01194,0.03243,0.96757
1.08000,1.01194,0.01027,0.98973
1.20000,1.01194,0.00772,0.99228
1.32000,1.01194,0.00608,0.99392
1.44000,1.01194,0.00628,0.99372
1.56000,1.01194,0.00524,0.99476
1.68000,1.01194,0.00835,0.99165
1.80000,1.01194,0.00391,0.99609
1.92000,1.01194,0.01694,0.98306
2.04000,1.01194,0.00417,0.99583
2.16000,1.01194,0.01557,0.98443
2.28000,1.01194,0.00924,0.99076
2.40000,1.01194,0.02411,0.97589
2.52000,1.01194,0.00339,0.99661
2.64000,1.01194,0.00944,0.99056
2.76000,1.01194,0.00158,0.99842
2.88000,1.01194,0.00440,0.99560
3.00000,1.01194,0.00401,0.99599
3.12000,1.01194,0.00316,0.99684
3.24000,1.01194,0.00686,0.99314
3.36000,1.01194,0.00674,0.99326
3.48000,1.01194,0.00367,0.99633
3.60000,1.01194,0.00481,0.99519
3.72000,1.01194,0.00203,0.99797
3.84000,1.01194,0.00472,0.99528
3.96000,1.01194,0.00278,0.99722
4.08000,1.01194,0.00628,0.99372
4.20000,1.01194,0.00436,0.99564
4.32000,1.01194,0.00381,0.99619
4.44000,1.01194,0.00446,0.99554
4.56000,1.01194,0.00515,0.99485
4.68000,1.01194,0.00240,0.99760
4.80000,1.01194,0.01077,0.98923
4.92000,1.01194,0.00404,0.99596
5.04000,1.01194,0.00975,0.99025
5.16000,1.01194,0.00913,0.99087
5.28000,1.01194,0.00681,0.99319
5.40000,1.01194,0.01566,0.98434
5.52000,1.01194,0.00919,0.99081
5.64000,1.01194,0.02483,0.97517
5.76000,1.01194,0.03811,0.96189
5.88000,1.01194,0.03519,0.96481
6.00000,1.01194,0.04208,0.95792
6.12000,1.01194,0.01618,0.98382
6.24000,1.01194,0.03246,0.96754
6.36000,1.01194,0.00960,0.99040
6.48000,1.01194,0.05575,0.94425
6.60000,1.01194,0.00511,0.99489
6.72000,1.01194,0.03044,0.96956
6.84000,1.01194,0.00333,0.99667
6.96000,1.01194,0.02704,0.97296
7.08000,1.01194,0.00728,0.99272
7.20000,1.01194,0.00869,0.99131
7.32000,1.01194,0.00386,0.99614
7.44000,1.01194,0.02838,0.97162
7.56000,1.01194,0.00270,0.99730
7.68000,1.01194,0.01533,0.98467
7.80000,1.01194,0.00423,0.99577
7.92000,1.01194,0.00497,0.99503
8.04000,1.01194,0.00946,0.99054
8.16000,1.01194,0.00445,0.99555
8.28000,1.01194,0.01073,0.98927
8.40000,1.01194,0.01666,0.98334
8.52000,1.01194,0.00382,0.99618
8.64000,1.01194,0.00560,0.99440
8.76000,1.01194,0.02477,0.97523
8.88000,1.01194,0.00116,0.99884
9.00000,1.01194,0.00587,0.99413
9.12000,1.01194,0.00424,0.99576
9.24000,1.01194,0.00156,0.99844
9.36000,1.01194,0.00537,0.99463
9.48000,1.01194,0.00274,0.99726
9.60000,1.01194,0.00269,0.99731
9.72000,1.01194,0.00449,0.99551
9.84000,1.01194,0.00392,0.99608
9.96000,1.01194,0.00194,0.99806
10.08000,1.01194,0.00312,0.99688
10.20000,1.01194,0.00241,0.99759
10.32000,1.01194,0.00189,0.99811
10.44000,1.01194,0.00254,0.99746
10.56000,1.01194,0.00247,0.99753
10.68000,1.01194,0.00174,0.99826
10.80000,1.01194,0.00697,0.99303
10.92000,1.01194,0.00318,0.99682
11.04000,1.01194,0.00666,0.99334
11.16000,1.01194,0.01007,0.98993
11.28000,1.01194,0.00929,0.99071
11.40000,1.01194,0.00228,0.99772
11.52000,1.01194,0.01160,0.98840
11.64000,1.01194,0.00517,0.99483
11.76000,1.01194,0.00249,0.99751
11.88000,1.01194,0.01123,0.98877
12.00000,1.01194,0.00195,0.99805
12.12000,1.01194,0.00393,0.99607
12.24000,1.01194,0.00717,0.99283
12.36000,1.01194,0.00532,0.99468
12.48000,1.01194,0.00367,0.99633
12.60000,1.01194,0.01430,0.98570
12.72000,1.01194,0.00515,0.99485
12.84000,1.01194,0.00510,0.99490
12.96000,1.01194,0.01481,0.98519
13.08000,1.01194,0.00298,0.99702
13.20000,1.01194,0.00354,0.99646
13.32000,1.01194,0.01326,0.98674
13.44000,1.01194,0.00835,0.99165
13.56000,1.01194,0.01084,0.98916
13.68000,1.01194,0.04204,0.95796
13.80000,1.01194,0.00933,0.99067
13.92000,1.01194,0.02385,0.97615
14.04000,1.01194,0.05928,0.94072
14.16000,1.01194,0.00938,0.99062
14.28000,1.01194,0.02017,0.97983
14.40000,1.01194,0.01366,0.98634
14.52000,1.01194,0.00498,0.99502
14.64000,1.01194,0.00814,0.99186
14.76000,1.01194,0.01634,0.98366
14.88000,1.01194,0.00241,0.99759
15.00000,1.01194,0.02458,0.97542
15.12000,1.01194,0.04271,0.95729
15.24000,1.01194,0.00366,0.99634
15.36000,1.01194,0.05727,0.94273
15.48000,1.01194,0.02666,0.97334
15.60000,1.01194,0.00524,0.99476
15.72000,1.01194,0.02474,0.97526
15.84000,1.01194,0.03077,0.96923
15.96000,1.01194,0.00596,0.99404
16.08000,1.01194,0.03087,0.96913
16.20000,1.01194,0.12416,0.87584
16.32000,1.01194,0.12316,0.87684
16.44000,1.01194,0.11437,0.88563
16.56000,1.01194,0.26601,0.73399
16.68000,1.01194,0.04256,0.95744
16.80000,1.01194,0.28871,0.71129
16.92000,1.01194,0.08918,0.91082
17.04000,1.01194,0.06457,0.93543
17.16000,1.01194,0.26847,0.73153
17.28000,1.01194,0.10960,0.89040
17.40000,1.01194,0.03171,0.96829
17.52000,1.01194,0.12374,0.87626
17.64000,1.01194,0.50578,0.49422
17.76000,1.01194,0.26107,0.73893
17.88000,1.01194,0.92808,0.07192
18.00000,1.01194,0.63759,0.36241
18.12000,1.01194,0.67623,0.32377
18.24000,1.01194,0.53453,0.46547
18.36000,1.01194,0.26649,0.73351
18.48000,1.01194,0.19473,0.80527
18.60000,1.01194,0.25224,0.74776
18.72000,1.01194,0.21748,0.78252
18.84000,1.01194,0.06159,0.93841
18.96000,1.01194,0.29678,0.70322
19.08000,1.01194,0.10230,0.89770
19.20000,1.01194,0.05557,0.94443
19.32000,1.01194,0.16932,0.83068
19.44000,1.01194,0.13489,0.86511
19.56000,1.01194,0.05814,0.94186
19.68000,1.01194,0.17099,0.82901
19.80000,1.01194,0.44131,0.55869
19.92000,1.01194,0.48525,0.51475
20.04000,1.01194,0.63090,0.36910
20.16000,1.01194,0.80051,0.19949
20.28000,1.01194,0.70171,0.29829
20.40000,1.01194,0.80670,0.19330
20.52000,1.01194,0.63757,0.36243
20.64000,1.01194,0.67488,0.32512
20.76000,1.01194,0.61522,0.38478
20.88000,1.01194,0.76698,0.23302
21.00000,1.01194,0.83787,0.16213
21.12000,1.01194,0.85062,0.14938
21.24000,1.01194,0.93469,0.06531
