Time (seconds), Duration (seconds),pred_unlabeled,pred_sirens
0.00000,1.01194,0.72682,0.27318
0.12000,1.01194,0.76789,0.23211
0.24000,1.01194,0.50113,0.49887
0.36000,1.01194,0.58607,0.41393
0.48000,1.01194,0.44595,0.55405
0.60000,1.01194,0.60070,0.39930
0.72000,1.01194,0.70359,0.29641
0.84000,1.01194,0.79956,0.20044
0.96000,1.01194,0.86814,0.13186
1.08000,1.01194,0.87676,0.12324
1.20000,1.01194,0.94444,0.05556
1.32000,1.01194,0.94983,0.05017
1.44000,1.01194,0.94699,0.05301
1.56000,1.01194,0.96795,0.03205
1.68000,1.01194,0.96171,0.03829
1.80000,1.01194,0.94590,0.05410
1.92000,1.01194,0.98357,0.01643
2.04000,1.01194,0.94587,0.05413
2.16000,1.01194,0.95445,0.04555
2.28000,1.01194,0.91065,0.08935
2.40000,1.01194,0.88170,0.11830
2.52000,1.01194,0.50644,0.49356
2.64000,1.01194,0.18487,0.81513
2.76000,1.01194,0.11234,0.88766
2.88000,1.01194,0.28966,0.71034
3.00000,1.01194,0.13629,0.86371
3.12000,1.01194,0.10693,0.89307
3.24000,1.01194,0.10191,0.89809
3.36000,1.01194,0.11154,0.88846
3.48000,1.01194,0.07212,0.92788
3.60000,1.01194,0.08757,0.91243
3.72000,1.01194,0.02085,0.97915
3.84000,1.01194,0.00676,0.99324
3.96000,1.01194,0.00172,0.99828
4.08000,1.01194,0.00069,0.99931
4.20000,1.01194,0.00180,0.99820
4.32000,1.01194,0.00373,0.99627
4.44000,1.01194,0.00510,0.99490
4.56000,1.01194,0.00981,0.99019
4.68000,1.01194,0.01885,0.98115
4.80000,1.01194,0.04380,0.95620
4.92000,1.01194,0.04092,0.95908
5.04000,1.01194,0.05895,0.94105
5.16000,1.01194,0.05903,0.94097
5.28000,1.01194,0.03303,0.96697
5.40000,1.01194,0.01185,0.98815
5.52000,1.01194,0.00637,0.99363
5.64000,1.01194,0.00247,0.99753
5.76000,1.01194,0.00606,0.99394
5.88000,1.01194,0.00430,0.99570
6.00000,1.01194,0.02688,0.97312
6.12000,1.01194,0.01808,0.98192
6.24000,1.01194,0.05368,0.94632
6.36000,1.01194,0.05940,0.94060
6.48000,1.01194,0.04306,0.95694
6.60000,1.01194,0.02416,0.97584
6.72000,1.01194,0.01919,0.98081
6.84000,1.01194,0.06689,0.93311
6.96000,1.01194,0.07326,0.92674
7.08000,1.01194,0.17282,0.82718
7.20000,1.01194,0.20094,0.79906
7.32000,1.01194,0.21870,0.78130
7.44000,1.01194,0.32849,0.67151
7.56000,1.01194,0.67353,0.32647
7.68000,1.01194,0.49207,0.50793
7.80000,1.01194,0.35252,0.64748
7.92000,1.01194,0.20581,0.79419
8.04000,1.01194,0.22883,0.77117
8.16000,1.01194,0.13055,0.86945
8.28000,1.01194,0.12199,0.87801
8.40000,1.01194,0.10709,0.89291
8.52000,1.01194,0.07921,0.92079
8.64000,1.01194,0.05933,0.94067
8.76000,1.01194,0.06194,0.93806
8.88000,1.01194,0.04287,0.95713
9.00000,1.01194,0.02422,0.97578
9.12000,1.01194,0.01059,0.98941
9.24000,1.01194,0.00248,0.99752
9.36000,1.01194,0.00161,0.99839
9.48000,1.01194,0.00273,0.99727
9.60000,1.01194,0.00733,0.99267
9.72000,1.01194,0.01124,0.98876
9.84000,1.01194,0.02893,0.97107
9.96000,1.01194,0.02540,0.97460
10.08000,1.01194,0.02870,0.97130
10.20000,1.01194,0.05814,0.94187
10.32000,1.01194,0.05465,0.94535
10.44000,1.01194,0.03537,0.96463
10.56000,1.01194,0.00981,0.99019
10.68000,1.01194,0.01178,0.98822
10.80000,1.01194,0.00704,0.99296
10.92000,1.01194,0.00170,0.99830
11.04000,1.01194,0.00623,0.99377
11.16000,1.01194,0.00367,0.99633
11.28000,1.01194,0.02482,0.97518
11.40000,1.01194,0.02848,0.97152
11.52000,1.01194,0.06924,0.93076
11.64000,1.01194,0.04389,0.95611
11.76000,1.01194,0.20068,0.79932
11.88000,1.01194,0.11512,0.88488
12.00000,1.01194,0.23726,0.76274
12.12000,1.01194,0.43869,0.56131
12.24000,1.01194,0.49133,0.50867
12.36000,1.01194,0.70886,0.29114
12.48000,1.01194,0.40607,0.59393
12.60000,1.01194,0.71299,0.28701
12.72000,1.01194,0.73410,0.26590
12.84000,1.01194,0.66654,0.33346
12.96000,1.01194,0.61613,0.38387
13.08000,1.01194,0.67162,0.32838
13.20000,1.01194,0.68561,0.31439
13.32000,1.01194,0.72371,0.27629
13.44000,1.01194,0.69972,0.30028
13.56000,1.01194,0.91615,0.08385
13.68000,1.01194,0.78094,0.21906
13.80000,1.01194,0.88857,0.11143
13.92000,1.01194,0.77885,0.22115
14.04000,1.01194,0.85120,0.14880
14.16000,1.01194,0.82987,0.17013
14.28000,1.01194,0.65367,0.34633
14.40000,1.01194,0.75741,0.24259
14.52000,1.01194,0.54852,0.45148
14.64000,1.01194,0.80626,0.19374
14.76000,1.01194,0.46298,0.53702
14.88000,1.01194,0.68391,0.31609
15.00000,1.01194,0.86396,0.13604
15.12000,1.01194,0.80304,0.19696
15.24000,1.01194,0.84549,0.15451
15.36000,1.01194,0.91850,0.08150
15.48000,1.01194,0.76311,0.23689
15.60000,1.01194,0.94386,0.05614
15.72000,1.01194,0.78312,0.21688
15.84000,1.01194,0.87426,0.12574
15.96000,1.01194,0.69974,0.30026
16.08000,1.01194,0.67243,0.32757
16.20000,1.01194,0.67773,0.32227
16.32000,1.01194,0.51873,0.48127
16.44000,1.01194,0.78471,0.21529
16.56000,1.01194,0.81488,0.18512
16.68000,1.01194,0.69009,0.30991
16.80000,1.01194,0.76226,0.23774
16.92000,1.01194,0.37399,0.62601
17.04000,1.01194,0.71404,0.28596
17.16000,1.01194,0.57351,0.42649
17.28000,1.01194,0.61836,0.38164
17.40000,1.01194,0.58102,0.41898
17.52000,1.01194,0.72821,0.27179
17.64000,1.01194,0.82638,0.17362
17.76000,1.01194,0.83260,0.16740
17.88000,1.01194,0.82132,0.17868
18.00000,1.01194,0.83369,0.16631
18.12000,1.01194,0.75368,0.24632
18.24000,1.01194,0.70889,0.29111
18.36000,1.01194,0.74143,0.25857
18.48000,1.01194,0.85803,0.14197
18.60000,1.01194,0.89046,0.10954
18.72000,1.01194,0.78372,0.21628
18.84000,1.01194,0.86506,0.13494
18.96000,1.01194,0.89609,0.10391
19.08000,1.01194,0.97323,0.02677
19.20000,1.01194,0.96751,0.03249
19.32000,1.01194,0.98776,0.01224
19.44000,1.01194,0.96733,0.03267
19.56000,1.01194,0.98850,0.01150
19.68000,1.01194,0.91158,0.08842
19.80000,1.01194,0.89793,0.10207
19.92000,1.01194,0.51323,0.48677
20.04000,1.01194,0.53161,0.46839
20.16000,1.01194,0.48916,0.51084
20.28000,1.01194,0.69503,0.30497
20.40000,1.01194,0.65231,0.34769
20.52000,1.01194,0.77929,0.22071
20.64000,1.01194,0.80592,0.19408
20.76000,1.01194,0.86131,0.13869
20.88000,1.01194,0.91289,0.08711
21.00000,1.01194,0.92861,0.07139
21.12000,1.01194,0.91727,0.08273
21.24000,1.01194,0.92807,0.07193
21.36000,1.01194,0.90494,0.09506
21.48000,1.01194,0.85563,0.14437
21.60000,1.01194,0.74786,0.25214
21.72000,1.01194,0.61494,0.38506
21.84000,1.01194,0.68831,0.31169
21.96000,1.01194,0.68442,0.31558
22.08000,1.01194,0.55973,0.44027
22.20000,1.01194,0.76190,0.23810
22.32000,1.01194,0.71659,0.28341
22.44000,1.01194,0.74017,0.25983
22.56000,1.01194,0.84072,0.15928
22.68000,1.01194,0.92746,0.07254
22.80000,1.01194,0.91081,0.08919
22.92000,1.01194,0.88426,0.11574
23.04000,1.01194,0.92753,0.07247
23.16000,1.01194,0.92858,0.07142
23.28000,1.01194,0.94868,0.05132
23.40000,1.01194,0.93872,0.06128
23.52000,1.01194,0.89871,0.10129
23.64000,1.01194,0.94551,0.05449
23.76000,1.01194,0.81808,0.18192
23.88000,1.01194,0.84515,0.15485
24.00000,1.01194,0.74045,0.25955
24.12000,1.01194,0.87786,0.12214
24.24000,1.01194,0.85996,0.14004
24.36000,1.01194,0.90209,0.09791
24.48000,1.01194,0.91559,0.08441
24.60000,1.01194,0.83491,0.16509
24.72000,1.01194,0.84948,0.15052
24.84000,1.01194,0.83634,0.16366
24.96000,1.01194,0.78888,0.21112
25.08000,1.01194,0.75444,0.24556
25.20000,1.01194,0.84825,0.15175
25.32000,1.01194,0.87309,0.12691
25.44000,1.01194,0.73793,0.26207
25.56000,1.01194,0.89048,0.10952
25.68000,1.01194,0.77337,0.22663
25.80000,1.01194,0.89666,0.10334
25.92000,1.01194,0.94193,0.05807
26.04000,1.01194,0.95882,0.04118
26.16000,1.01194,0.99263,0.00737
26.28000,1.01194,0.99804,0.00196
26.40000,1.01194,0.99836,0.00164
26.52000,1.01194,0.99483,0.00517
26.64000,1.01194,0.99932,0.00068
26.76000,1.01194,0.99637,0.00363
26.88000,1.01194,0.99305,0.00695
27.00000,1.01194,0.96969,0.03031
27.12000,1.01194,0.99153,0.00847
27.24000,1.01194,0.97101,0.02899
27.36000,1.01194,0.90823,0.09177
27.48000,1.01194,0.82486,0.17514
27.60000,1.01194,0.69627,0.30373
27.72000,1.01194,0.80821,0.19179
27.84000,1.01194,0.65045,0.34955
27.96000,1.01194,0.94847,0.05153
28.08000,1.01194,0.71574,0.28426
28.20000,1.01194,0.94664,0.05336
28.32000,1.01194,0.87983,0.12017
28.44000,1.01194,0.95147,0.04853
28.56000,1.01194,0.86338,0.13662
28.68000,1.01194,0.90596,0.09404
28.80000,1.01194,0.76064,0.23936
28.92000,1.01194,0.84693,0.15307
29.04000,1.01194,0.95473,0.04527
29.16000,1.01194,0.92004,0.07996
29.28000,1.01194,0.97807,0.02193
29.40000,1.01194,0.95926,0.04074
29.52000,1.01194,0.97613,0.02387
29.64000,1.01194,0.98289,0.01711
29.76000,1.01194,0.93901,0.06099
29.88000,1.01194,0.96174,0.03826
30.00000,1.01194,0.95138,0.04862
30.12000,1.01194,0.95855,0.04145
30.24000,1.01194,0.97968,0.02032
30.36000,1.01194,0.96067,0.03933
30.48000,1.01194,0.96413,0.03587
30.60000,1.01194,0.97080,0.02920
30.72000,1.01194,0.92992,0.07008
30.84000,1.01194,0.94477,0.05523
30.96000,1.01194,0.92279,0.07721
31.08000,1.01194,0.93510,0.06490
31.20000,1.01194,0.95542,0.04458
31.32000,1.01194,0.94191,0.05809
31.44000,1.01194,0.89802,0.10198
31.56000,1.01194,0.94160,0.05840
31.68000,1.01194,0.93263,0.06737
31.80000,1.01194,0.95752,0.04248
31.92000,1.01194,0.95365,0.04635
32.04000,1.01194,0.96317,0.03683
32.16000,1.01194,0.94858,0.05142
32.28000,1.01194,0.93969,0.06031
32.40000,1.01194,0.96390,0.03610
32.52000,1.01194,0.90913,0.09087
32.64000,1.01194,0.95579,0.04421
32.76000,1.01194,0.92701,0.07299
32.88000,1.01194,0.95291,0.04709
33.00000,1.01194,0.95622,0.04378
33.12000,1.01194,0.95371,0.04629
33.24000,1.01194,0.92179,0.07821
33.36000,1.01194,0.97114,0.02886
33.48000,1.01194,0.92976,0.07024
33.60000,1.01194,0.98301,0.01699
33.72000,1.01194,0.94674,0.05326
33.84000,1.01194,0.95679,0.04321
33.96000,1.01194,0.95511,0.04489
34.08000,1.01194,0.96260,0.03740
34.20000,1.01194,0.96774,0.03226
34.32000,1.01194,0.95490,0.04510
34.44000,1.01194,0.97405,0.02595
34.56000,1.01194,0.97050,0.02950
34.68000,1.01194,0.97903,0.02097
34.80000,1.01194,0.95406,0.04594
34.92000,1.01194,0.96783,0.03217
35.04000,1.01194,0.97546,0.02454
35.16000,1.01194,0.95903,0.04097
35.28000,1.01194,0.96137,0.03863
35.40000,1.01194,0.97287,0.02713
35.52000,1.01194,0.93936,0.06064
35.64000,1.01194,0.94392,0.05608
35.76000,1.01194,0.97921,0.02079
35.88000,1.01194,0.90516,0.09484
36.00000,1.01194,0.97527,0.02473
36.12000,1.01194,0.83805,0.16195
36.24000,1.01194,0.97280,0.02720
36.36000,1.01194,0.84769,0.15231
36.48000,1.01194,0.74481,0.25519
36.60000,1.01194,0.54920,0.45080
36.72000,1.01194,0.21237,0.78763
36.84000,1.01194,0.33868,0.66132
36.96000,1.01194,0.35381,0.64619
37.08000,1.01194,0.30736,0.69264
37.20000,1.01194,0.25878,0.74122
37.32000,1.01194,0.55491,0.44509
37.44000,1.01194,0.54285,0.45715
37.56000,1.01194,0.46063,0.53937
37.68000,1.01194,0.48618,0.51382
37.80000,1.01194,0.49775,0.50225
37.92000,1.01194,0.60087,0.39913
38.04000,1.01194,0.52373,0.47627
38.16000,1.01194,0.62237,0.37763
38.28000,1.01194,0.75907,0.24093
38.40000,1.01194,0.78364,0.21636
38.52000,1.01194,0.65973,0.34027
38.64000,1.01194,0.55792,0.44208
38.76000,1.01194,0.58769,0.41231
38.88000,1.01194,0.61788,0.38212
39.00000,1.01194,0.32076,0.67924
39.12000,1.01194,0.12621,0.87379
39.24000,1.01194,0.09805,0.90195
39.36000,1.01194,0.09894,0.90106
39.48000,1.01194,0.12564,0.87436
39.60000,1.01194,0.18295,0.81705
39.72000,1.01194,0.15298,0.84702
39.84000,1.01194,0.06316,0.93684
39.96000,1.01194,0.07047,0.92953
40.08000,1.01194,0.06431,0.93569
40.20000,1.01194,0.08730,0.91270
40.32000,1.01194,0.04214,0.95786
40.44000,1.01194,0.02179,0.97821
40.56000,1.01194,0.00846,0.99154
40.68000,1.01194,0.03652,0.96348
40.80000,1.01194,0.10228,0.89772
40.92000,1.01194,0.08737,0.91263
41.04000,1.01194,0.15204,0.84796
41.16000,1.01194,0.58404,0.41596
41.28000,1.01194,0.33926,0.66074
41.40000,1.01194,0.32726,0.67274
41.52000,1.01194,0.14503,0.85497
41.64000,1.01194,0.14211,0.85789
41.76000,1.01194,0.06014,0.93986
41.88000,1.01194,0.13452,0.86548
42.00000,1.01194,0.08718,0.91282
42.12000,1.01194,0.11230,0.88770
42.24000,1.01194,0.17888,0.82112
42.36000,1.01194,0.20997,0.79003
42.48000,1.01194,0.30372,0.69628
42.60000,1.01194,0.33431,0.66569
42.72000,1.01194,0.22873,0.77127
42.84000,1.01194,0.15928,0.84072
42.96000,1.01194,0.23784,0.76216
43.08000,1.01194,0.15671,0.84329
43.20000,1.01194,0.24857,0.75143
43.32000,1.01194,0.17241,0.82759
43.44000,1.01194,0.11405,0.88595
43.56000,1.01194,0.20631,0.79369
43.68000,1.01194,0.31858,0.68142
43.80000,1.01194,0.18621,0.81379
43.92000,1.01194,0.40818,0.59182
44.04000,1.01194,0.09676,0.90324
44.16000,1.01194,0.14895,0.85105
44.28000,1.01194,0.28578,0.71422
44.40000,1.01194,0.43845,0.56155
44.52000,1.01194,0.45635,0.54365
44.64000,1.01194,0.66695,0.33305
44.76000,1.01194,0.63278,0.36722
44.88000,1.01194,0.81888,0.18112
45.00000,1.01194,0.87737,0.12263
45.12000,1.01194,0.84347,0.15653
45.24000,1.01194,0.74775,0.25225
45.36000,1.01194,0.77615,0.22385
45.48000,1.01194,0.75736,0.24264
45.60000,1.01194,0.74856,0.25144
45.72000,1.01194,0.32059,0.67941
45.84000,1.01194,0.49429,0.50571
45.96000,1.01194,0.49099,0.50901
46.08000,1.01194,0.65917,0.34083
46.20000,1.01194,0.66032,0.33968
46.32000,1.01194,0.73731,0.26269
46.44000,1.01194,0.80609,0.19391
46.56000,1.01194,0.78998,0.21002
46.68000,1.01194,0.82496,0.17504
46.80000,1.01194,0.90924,0.09076
46.92000,1.01194,0.93056,0.06944
47.04000,1.01194,0.84492,0.15508
47.16000,1.01194,0.71728,0.28272
47.28000,1.01194,0.71306,0.28694
47.40000,1.01194,0.46811,0.53189
47.52000,1.01194,0.35912,0.64088
47.64000,1.01194,0.33348,0.66652
47.76000,1.01194,0.23707,0.76293
47.88000,1.01194,0.28283,0.71717
48.00000,1.01194,0.11811,0.88189
48.12000,1.01194,0.21261,0.78739
48.24000,1.01194,0.30383,0.69617
48.36000,1.01194,0.43305,0.56695
48.48000,1.01194,0.60386,0.39614
48.60000,1.01194,0.52340,0.47660
48.72000,1.01194,0.57414,0.42586
48.84000,1.01194,0.76763,0.23237
48.96000,1.01194,0.75603,0.24397
49.08000,1.01194,0.86037,0.13963
49.20000,1.01194,0.84351,0.15649
49.32000,1.01194,0.94838,0.05162
49.44000,1.01194,0.83357,0.16643
49.56000,1.01194,0.92760,0.07240
49.68000,1.01194,0.85807,0.14193
49.80000,1.01194,0.93636,0.06364
49.92000,1.01194,0.92705,0.07295
50.04000,1.01194,0.72599,0.27401
50.16000,1.01194,0.95500,0.04500
50.28000,1.01194,0.90209,0.09791
50.40000,1.01194,0.97416,0.02584
50.52000,1.01194,0.88704,0.11296
50.64000,1.01194,0.94675,0.05325
50.76000,1.01194,0.80569,0.19431
50.88000,1.01194,0.84979,0.15021
51.00000,1.01194,0.57401,0.42599
51.12000,1.01194,0.49543,0.50457
51.24000,1.01194,0.44651,0.55349
51.36000,1.01194,0.33253,0.66747
51.48000,1.01194,0.33533,0.66467
51.60000,1.01194,0.37046,0.62954
51.72000,1.01194,0.29517,0.70483
51.84000,1.01194,0.49529,0.50471
51.96000,1.01194,0.34461,0.65539
52.08000,1.01194,0.31034,0.68966
52.20000,1.01194,0.28692,0.71308
52.32000,1.01194,0.38761,0.61239
52.44000,1.01194,0.35405,0.64595
52.56000,1.01194,0.41107,0.58893
52.68000,1.01194,0.62203,0.37797
52.80000,1.01194,0.76276,0.23724
52.92000,1.01194,0.76403,0.23597
53.04000,1.01194,0.68092,0.31908
53.16000,1.01194,0.55095,0.44905
53.28000,1.01194,0.56162,0.43838
53.40000,1.01194,0.62936,0.37064
53.52000,1.01194,0.62597,0.37403
53.64000,1.01194,0.37143,0.62857
53.76000,1.01194,0.70236,0.29764
53.88000,1.01194,0.26124,0.73876
54.00000,1.01194,0.40340,0.59660
54.12000,1.01194,0.26303,0.73697
54.24000,1.01194,0.49346,0.50654
54.36000,1.01194,0.23356,0.76644
54.48000,1.01194,0.10112,0.89888
54.60000,1.01194,0.12105,0.87895
54.72000,1.01194,0.46467,0.53533
54.84000,1.01194,0.31760,0.68240
54.96000,1.01194,0.26748,0.73252
55.08000,1.01194,0.19179,0.80821
55.20000,1.01194,0.28106,0.71894
55.32000,1.01194,0.24084,0.75916
55.44000,1.01194,0.25677,0.74323
55.56000,1.01194,0.45330,0.54670
55.68000,1.01194,0.57653,0.42347
55.80000,1.01194,0.59572,0.40428
55.92000,1.01194,0.64815,0.35185
56.04000,1.01194,0.73338,0.26662
56.16000,1.01194,0.68202,0.31798
56.28000,1.01194,0.65408,0.34592
56.40000,1.01194,0.63675,0.36325
56.52000,1.01194,0.55417,0.44583
56.64000,1.01194,0.32969,0.67031
56.76000,1.01194,0.54381,0.45619
56.88000,1.01194,0.23260,0.76740
57.00000,1.01194,0.35954,0.64046
57.12000,1.01194,0.41445,0.58555
57.24000,1.01194,0.77622,0.22378
57.36000,1.01194,0.58978,0.41022
57.48000,1.01194,0.59426,0.40574
57.60000,1.01194,0.65811,0.34189
57.72000,1.01194,0.53504,0.46496
57.84000,1.01194,0.55390,0.44610
57.96000,1.01194,0.22265,0.77735
58.08000,1.01194,0.21947,0.78053
58.20000,1.01194,0.09918,0.90082
58.32000,1.01194,0.21624,0.78376
58.44000,1.01194,0.15860,0.84140
58.56000,1.01194,0.44601,0.55399
58.68000,1.01194,0.47059,0.52941
58.80000,1.01194,0.34770,0.65230
58.92000,1.01194,0.19794,0.80206
59.04000,1.01194,0.44774,0.55226
59.16000,1.01194,0.55560,0.44440
59.28000,1.01194,0.43772,0.56228
59.40000,1.01194,0.41924,0.58076
59.52000,1.01194,0.53751,0.46249
59.64000,1.01194,0.50784,0.49216
59.76000,1.01194,0.52965,0.47035
59.88000,1.01194,0.73177,0.26823
60.00000,1.01194,0.74270,0.25730
60.12000,1.01194,0.82283,0.17717
60.24000,1.01194,0.87273,0.12727
60.36000,1.01194,0.86099,0.13901
60.48000,1.01194,0.85175,0.14825
60.60000,1.01194,0.77097,0.22903
60.72000,1.01194,0.85340,0.14660
60.84000,1.01194,0.67718,0.32282
60.96000,1.01194,0.78428,0.21572
61.08000,1.01194,0.38020,0.61980
61.20000,1.01194,0.44022,0.55978
61.32000,1.01194,0.29615,0.70385
61.44000,1.01194,0.44984,0.55016
61.56000,1.01194,0.30062,0.69938
61.68000,1.01194,0.29954,0.70046
61.80000,1.01194,0.33989,0.66011
61.92000,1.01194,0.56386,0.43614
62.04000,1.01194,0.67383,0.32617
62.16000,1.01194,0.74051,0.25949
62.28000,1.01194,0.66080,0.33920
62.40000,1.01194,0.66952,0.33048
62.52000,1.01194,0.73837,0.26163
62.64000,1.01194,0.67243,0.32757
62.76000,1.01194,0.43849,0.56151
62.88000,1.01194,0.20090,0.79910
63.00000,1.01194,0.24677,0.75323
63.12000,1.01194,0.21170,0.78830
63.24000,1.01194,0.17324,0.82676
63.36000,1.01194,0.09601,0.90399
63.48000,1.01194,0.08477,0.91523
63.60000,1.01194,0.03552,0.96448
63.72000,1.01194,0.04246,0.95754
63.84000,1.01194,0.02843,0.97157
63.96000,1.01194,0.01522,0.98478
64.08000,1.01193,0.00717,0.99283
64.20000,1.01194,0.00263,0.99737
64.32000,1.01194,0.00175,0.99825
64.44000,1.01193,0.00090,0.99910
64.56000,1.01194,0.00322,0.99678
64.68000,1.01194,0.00574,0.99426
64.80000,1.01193,0.01671,0.98329
64.92000,1.01194,0.03299,0.96701
65.04000,1.01194,0.01789,0.98211
65.16000,1.01193,0.04098,0.95902
65.28000,1.01194,0.03017,0.96983
65.40000,1.01193,0.07477,0.92523
65.52000,1.01194,0.01873,0.98127
65.64000,1.01194,0.02303,0.97697
65.76000,1.01193,0.01344,0.98656
65.88000,1.01194,0.00372,0.99628
66.00000,1.01194,0.00179,0.99821
66.12000,1.01193,0.00204,0.99796
66.24000,1.01194,0.00372,0.99628
66.36000,1.01194,0.00364,0.99636
66.48000,1.01193,0.01064,0.98936
66.60000,1.01194,0.02509,0.97491
66.72000,1.01194,0.01769,0.98231
66.84000,1.01194,0.03761,0.96239
66.96000,1.01194,0.01513,0.98487
67.08000,1.01193,0.03666,0.96334
67.20000,1.01194,0.07209,0.92791
67.32000,1.01194,0.05178,0.94822
67.44000,1.01193,0.19080,0.80920
67.56000,1.01194,0.09408,0.90592
67.68000,1.01194,0.40202,0.59798
67.80000,1.01193,0.32915,0.67085
67.92000,1.01194,0.72154,0.27846
68.04000,1.01194,0.60426,0.39574
68.16000,1.01193,0.81160,0.18840
68.28000,1.01194,0.82450,0.17550
68.40000,1.01193,0.81599,0.18401
68.52000,1.01194,0.85132,0.14868
68.64000,1.01194,0.83456,0.16544
68.76000,1.01193,0.82270,0.17730
68.88000,1.01194,0.68912,0.31088
69.00000,1.01194,0.76442,0.23558
69.12000,1.01193,0.54472,0.45528
69.24000,1.01194,0.79003,0.20997
69.36000,1.01194,0.58831,0.41169
69.48000,1.01193,0.92309,0.07691
69.60000,1.01194,0.74920,0.25080
69.72000,1.01194,0.85058,0.14942
69.84000,1.01194,0.84596,0.15404
69.96000,1.01194,0.85207,0.14793
70.08000,1.01193,0.78276,0.21724
70.20000,1.01194,0.93615,0.06385
70.32000,1.01194,0.94346,0.05654
70.44000,1.01193,0.91938,0.08062
70.56000,1.01194,0.93273,0.06727
70.68000,1.01194,0.93050,0.06950
70.80000,1.01193,0.87016,0.12984
70.92000,1.01194,0.75664,0.24336
71.04000,1.01194,0.73853,0.26147
71.16000,1.01193,0.45942,0.54058
71.28000,1.01194,0.35851,0.64149
71.40000,1.01193,0.20440,0.79560
71.52000,1.01194,0.35132,0.64868
71.64000,1.01194,0.23447,0.76553
71.76000,1.01193,0.32589,0.67411
71.88000,1.01194,0.10697,0.89303
72.00000,1.01194,0.07858,0.92142
72.12000,1.01193,0.08159,0.91841
72.24000,1.01194,0.14007,0.85993
72.36000,1.01194,0.01773,0.98227
72.48000,1.01193,0.00851,0.99149
72.60000,1.01194,0.00407,0.99593
72.72000,1.01194,0.00070,0.99930
72.84000,1.01194,0.00126,0.99874
72.96000,1.01194,0.00153,0.99847
73.08000,1.01193,0.00181,0.99819
73.20000,1.01194,0.00515,0.99485
73.32000,1.01194,0.03036,0.96964
73.44000,1.01193,0.00869,0.99131
73.56000,1.01194,0.01442,0.98558
73.68000,1.01194,0.02370,0.97630
73.80000,1.01193,0.06968,0.93032
73.92000,1.01194,0.08312,0.91688
74.04000,1.01194,0.12364,0.87637
74.16000,1.01193,0.22213,0.77787
74.28000,1.01194,0.27661,0.72339
74.40000,1.01193,0.28006,0.71994
74.52000,1.01194,0.29544,0.70456
74.64000,1.01194,0.38428,0.61572
74.76000,1.01193,0.25997,0.74003
74.88000,1.01194,0.27927,0.72073
75.00000,1.01194,0.11687,0.88313
75.12000,1.01193,0.07265,0.92735
75.24000,1.01194,0.04156,0.95844
75.36000,1.01194,0.05364,0.94636
75.48000,1.01193,0.01112,0.98888
75.60000,1.01194,0.00226,0.99774
75.72000,1.01194,0.00189,0.99811
75.84000,1.01194,0.00059,0.99941
75.96000,1.01194,0.00040,0.99960
76.08000,1.01193,0.00122,0.99878
76.20000,1.01194,0.00236,0.99764
76.32000,1.01194,0.00320,0.99680
76.44000,1.01193,0.01002,0.98998
76.56000,1.01194,0.02045,0.97955
76.68000,1.01194,0.03026,0.96974
76.80000,1.01193,0.10745,0.89255
76.92000,1.01194,0.06342,0.93658
77.04000,1.01194,0.02565,0.97435
77.16000,1.01193,0.11017,0.88983
77.28000,1.01194,0.07087,0.92913
77.40000,1.01193,0.34077,0.65923
77.52000,1.01194,0.20301,0.79699
77.64000,1.01194,0.35672,0.64328
77.76000,1.01193,0.33753,0.66247
77.88000,1.01194,0.27855,0.72145
78.00000,1.01194,0.25334,0.74666
78.12000,1.01193,0.32104,0.67896
78.24000,1.01194,0.21416,0.78584
78.36000,1.01194,0.23188,0.76812
78.48000,1.01193,0.20072,0.79928
78.60000,1.01194,0.23079,0.76921
78.72000,1.01194,0.25044,0.74956
78.84000,1.01194,0.28536,0.71464
78.96000,1.01194,0.17131,0.82869
79.08000,1.01193,0.24795,0.75205
79.20000,1.01194,0.52194,0.47806
79.32000,1.01194,0.65920,0.34080
79.44000,1.01193,0.60645,0.39354
79.56000,1.01194,0.48157,0.51843
79.68000,1.01194,0.57727,0.42273
79.80000,1.01193,0.36613,0.63387
79.92000,1.01194,0.49740,0.50260
80.04000,1.01194,0.47045,0.52955
80.16000,1.01193,0.36788,0.63212
80.28000,1.01194,0.26383,0.73617
80.40000,1.01193,0.19203,0.80797
80.52000,1.01194,0.12942,0.87058
80.64000,1.01194,0.18690,0.81310
80.76000,1.01193,0.11733,0.88267
80.88000,1.01194,0.14054,0.85946
81.00000,1.01194,0.19846,0.80154
81.12000,1.01193,0.15625,0.84375
81.24000,1.01194,0.28258,0.71742
81.36000,1.01194,0.47903,0.52097
81.48000,1.01193,0.47537,0.52463
81.60000,1.01194,0.50626,0.49374
81.72000,1.01194,0.54550,0.45450
81.84000,1.01194,0.57110,0.42890
81.96000,1.01194,0.48870,0.51130
82.08000,1.01193,0.59249,0.40751
82.20000,1.01194,0.54049,0.45951
82.32000,1.01194,0.62670,0.37330
82.44000,1.01193,0.57478,0.42522
82.56000,1.01194,0.73598,0.26402
82.68000,1.01194,0.37524,0.62476
82.80000,1.01193,0.31226,0.68774
82.92000,1.01194,0.27836,0.72164
83.04000,1.01194,0.32348,0.67652
83.16000,1.01193,0.31943,0.68057
83.28000,1.01194,0.23414,0.76586
83.40000,1.01193,0.12528,0.87472
83.52000,1.01194,0.10358,0.89642
83.64000,1.01194,0.05977,0.94023
83.76000,1.01193,0.06140,0.93860
83.88000,1.01194,0.04357,0.95643
84.00000,1.01194,0.01743,0.98257
84.12000,1.01193,0.01101,0.98899
84.24000,1.01194,0.01289,0.98711
84.36000,1.01194,0.02787,0.97213
84.48000,1.01193,0.04495,0.95505
84.60000,1.01194,0.09912,0.90088
84.72000,1.01194,0.34711,0.65289
84.84000,1.01194,0.41378,0.58622
84.96000,1.01194,0.38066,0.61934
85.08000,1.01193,0.28241,0.71759
85.20000,1.01194,0.34870,0.65130
85.32000,1.01194,0.20250,0.79750
85.44000,1.01193,0.17586,0.82414
85.56000,1.01194,0.09619,0.90381
85.68000,1.01194,0.04872,0.95128
85.80000,1.01193,0.02559,0.97441
85.92000,1.01194,0.00935,0.99065
86.04000,1.01194,0.00319,0.99681
86.16000,1.01193,0.00089,0.99911
86.28000,1.01194,0.00047,0.99953
86.40000,1.01193,0.00052,0.99948
86.52000,1.01194,0.00044,0.99956
86.64000,1.01194,0.00346,0.99654
86.76000,1.01193,0.00172,0.99828
86.88000,1.01194,0.00908,0.99092
87.00000,1.01194,0.00622,0.99378
87.12000,1.01193,0.02635,0.97365
87.24000,1.01194,0.07370,0.92630
87.36000,1.01194,0.07337,0.92663
87.48000,1.01193,0.12105,0.87895
87.60000,1.01194,0.36013,0.63987
87.72000,1.01194,0.42646,0.57354
87.84000,1.01194,0.46349,0.53651
87.96000,1.01194,0.39718,0.60282
88.08000,1.01193,0.31653,0.68347
88.20000,1.01194,0.23704,0.76296
88.32000,1.01194,0.42880,0.57120
88.44000,1.01193,0.28703,0.71297
88.56000,1.01194,0.17726,0.82274
88.68000,1.01194,0.11650,0.88350
88.80000,1.01193,0.05419,0.94581
88.92000,1.01194,0.05377,0.94623
89.04000,1.01194,0.02025,0.97975
89.16000,1.01193,0.00927,0.99073
89.28000,1.01194,0.00180,0.99820
89.40000,1.01193,0.00207,0.99793
89.52000,1.01194,0.00124,0.99876
89.64000,1.01194,0.00356,0.99644
89.76000,1.01193,0.00446,0.99554
89.88000,1.01194,0.00998,0.99002
90.00000,1.01194,0.03924,0.96076
90.12000,1.01193,0.17838,0.82162
90.24000,1.01194,0.30995,0.69005
90.36000,1.01194,0.53161,0.46839
90.48000,1.01193,0.51644,0.48356
90.60000,1.01194,0.39351,0.60649
90.72000,1.01194,0.28972,0.71028
90.84000,1.01194,0.41777,0.58223
90.96000,1.01194,0.49263,0.50737
91.08000,1.01193,0.28803,0.71197
91.20000,1.01194,0.27521,0.72479
91.32000,1.01194,0.15062,0.84938
91.44000,1.01193,0.09530,0.90470
91.56000,1.01194,0.04027,0.95973
91.68000,1.01194,0.01958,0.98042
91.80000,1.01193,0.00929,0.99071
91.92000,1.01194,0.00540,0.99460
92.04000,1.01194,0.00300,0.99700
92.16000,1.01193,0.00246,0.99754
92.28000,1.01194,0.00519,0.99481
92.40000,1.01193,0.01094,0.98906
92.52000,1.01194,0.02214,0.97786
92.64000,1.01194,0.04467,0.95533
92.76000,1.01193,0.37638,0.62362
92.88000,1.01194,0.35461,0.64539
93.00000,1.01194,0.35219,0.64781
93.12000,1.01193,0.31960,0.68040
93.24000,1.01194,0.18638,0.81362
93.36000,1.01194,0.30398,0.69602
93.48000,1.01193,0.32622,0.67378
93.60000,1.01194,0.27406,0.72594
93.72000,1.01194,0.17062,0.82938
93.84000,1.01194,0.21156,0.78844
93.96000,1.01194,0.06232,0.93768
94.08000,1.01193,0.08302,0.91698
94.20000,1.01194,0.03609,0.96391
94.32000,1.01194,0.02654,0.97346
94.44000,1.01193,0.00968,0.99032
94.56000,1.01194,0.00720,0.99280
94.68000,1.01194,0.00665,0.99335
94.80000,1.01193,0.00914,0.99086
94.92000,1.01194,0.02052,0.97948
95.04000,1.01194,0.05967,0.94033
95.16000,1.01193,0.25479,0.74521
95.28000,1.01194,0.36358,0.63642
95.40000,1.01193,0.32328,0.67672
95.52000,1.01194,0.21624,0.78376
95.64000,1.01194,0.19889,0.80111
95.76000,1.01193,0.26442,0.73558
95.88000,1.01194,0.26295,0.73705
96.00000,1.01194,0.13012,0.86988
96.12000,1.01193,0.09807,0.90193
96.24000,1.01194,0.03737,0.96263
96.36000,1.01194,0.03050,0.96950
96.48000,1.01193,0.02220,0.97780
96.60000,1.01194,0.01099,0.98901
96.72000,1.01194,0.00568,0.99432
96.84000,1.01194,0.00323,0.99677
96.96000,1.01194,0.00275,0.99725
97.08000,1.01193,0.00466,0.99534
97.20000,1.01194,0.01888,0.98112
97.32000,1.01194,0.04011,0.95989
97.44000,1.01193,0.23053,0.76947
97.56000,1.01194,0.33290,0.66710
97.68000,1.01194,0.32840,0.67160
97.80000,1.01193,0.18078,0.81922
97.92000,1.01194,0.23636,0.76364
98.04000,1.01194,0.17187,0.82813
98.16000,1.01193,0.30293,0.69707
98.28000,1.01194,0.15740,0.84260
98.40000,1.01193,0.09254,0.90746
98.52000,1.01194,0.09808,0.90192
98.64000,1.01194,0.03438,0.96562
98.76000,1.01193,0.03099,0.96901
98.88000,1.01194,0.01699,0.98301
99.00000,1.01194,0.01403,0.98597
99.12000,1.01193,0.00558,0.99442
99.24000,1.01194,0.00664,0.99336
99.36000,1.01194,0.01993,0.98007
99.48000,1.01193,0.02560,0.97440
99.60000,1.01194,0.10628,0.89372
99.72000,1.01194,0.26506,0.73494
99.84000,1.01194,0.29934,0.70066
99.96000,1.01194,0.29066,0.70934
100.08000,1.01193,0.18238,0.81762
100.20000,1.01194,0.19526,0.80474
100.32000,1.01194,0.26336,0.73664
100.44000,1.01193,0.25542,0.74458
100.56000,1.01194,0.20406,0.79594
100.68000,1.01194,0.10963,0.89037
100.80000,1.01193,0.05528,0.94472
100.92000,1.01194,0.09537,0.90463
101.04000,1.01194,0.06652,0.93348
101.16000,1.01193,0.09489,0.90511
101.28000,1.01194,0.03255,0.96745
101.40000,1.01193,0.07482,0.92518
101.52000,1.01194,0.03218,0.96782
101.64000,1.01194,0.05869,0.94131
101.76000,1.01193,0.19690,0.80310
101.88000,1.01194,0.08603,0.91397
102.00000,1.01194,0.19573,0.80427
102.12000,1.01193,0.23112,0.76888
102.24000,1.01194,0.26720,0.73280
102.36000,1.01194,0.28814,0.71186
102.48000,1.01193,0.18074,0.81926
102.60000,1.01194,0.28017,0.71983
102.72000,1.01194,0.30883,0.69117
102.84000,1.01194,0.31108,0.68892
102.96000,1.01194,0.38915,0.61085
103.08000,1.01193,0.60452,0.39548
103.20000,1.01194,0.61461,0.38539
103.32000,1.01194,0.53586,0.46414
103.44000,1.01193,0.72770,0.27230
103.56000,1.01194,0.67721,0.32279
103.68000,1.01194,0.68892,0.31108
103.80000,1.01193,0.48099,0.51901
103.92000,1.01194,0.39444,0.60556
104.04000,1.01194,0.26276,0.73724
104.16000,1.01193,0.42691,0.57309
104.28000,1.01194,0.45086,0.54914
104.40000,1.01193,0.37699,0.62301
104.52000,1.01194,0.46254,0.53746
104.64000,1.01194,0.62862,0.37138
104.76000,1.01193,0.54089,0.45911
104.88000,1.01194,0.52176,0.47824
105.00000,1.01194,0.66674,0.33326
105.12000,1.01193,0.60371,0.39629
105.24000,1.01194,0.81726,0.18274
105.36000,1.01194,0.77556,0.22444
105.48000,1.01193,0.91083,0.08917
105.60000,1.01194,0.87495,0.12505
105.72000,1.01194,0.96403,0.03597
105.84000,1.01194,0.88178,0.11822
105.96000,1.01194,0.89739,0.10261
106.08000,1.01193,0.74870,0.25130
106.20000,1.01194,0.73647,0.26353
106.32000,1.01194,0.21887,0.78113
106.44000,1.01193,0.09835,0.90165
106.56000,1.01194,0.06188,0.93812
106.68000,1.01194,0.05334,0.94666
106.80000,1.01193,0.14192,0.85808
106.92000,1.01194,0.08758,0.91242
107.04000,1.01194,0.06031,0.93969
107.16000,1.01193,0.03894,0.96106
107.28000,1.01194,0.05284,0.94716
107.40000,1.01193,0.02472,0.97528
107.52000,1.01194,0.01387,0.98613
107.64000,1.01194,0.00678,0.99322
107.76000,1.01193,0.00508,0.99492
107.88000,1.01194,0.00446,0.99554
108.00000,1.01194,0.00913,0.99087
108.12000,1.01193,0.00999,0.99001
108.24000,1.01194,0.02140,0.97860
108.36000,1.01194,0.03910,0.96090
108.48000,1.01193,0.03820,0.96180
108.60000,1.01194,0.02595,0.97405
108.72000,1.01194,0.02034,0.97967
108.84000,1.01194,0.07990,0.92010
108.96000,1.01194,0.09555,0.90445
109.08000,1.01193,0.13450,0.86550
109.20000,1.01194,0.03419,0.96581
109.32000,1.01194,0.03429,0.96571
109.44000,1.01193,0.00989,0.99011
109.56000,1.01194,0.02094,0.97906
109.68000,1.01194,0.01588,0.98412
109.80000,1.01193,0.01581,0.98419
109.92000,1.01194,0.03320,0.96680
110.04000,1.01194,0.09813,0.90187
110.16000,1.01193,0.08347,0.91653
110.28000,1.01194,0.17188,0.82812
110.40000,1.01193,0.14147,0.85853
110.52000,1.01194,0.18321,0.81679
110.64000,1.01194,0.24831,0.75169
110.76000,1.01193,0.29891,0.70109
110.88000,1.01194,0.50714,0.49286
111.00000,1.01194,0.66794,0.33206
111.12000,1.01193,0.74720,0.25280
111.24000,1.01194,0.62392,0.37608
111.36000,1.01194,0.67799,0.32201
111.48000,1.01193,0.38620,0.61380
111.60000,1.01194,0.30631,0.69369
111.72000,1.01194,0.17163,0.82837
111.84000,1.01194,0.21806,0.78194
111.96000,1.01194,0.13909,0.86091
112.08000,1.01193,0.11446,0.88554
112.20000,1.01194,0.31039,0.68961
112.32000,1.01194,0.51956,0.48044
112.44000,1.01193,0.54143,0.45857
112.56000,1.01194,0.66856,0.33144
112.68000,1.01194,0.77733,0.22267
112.80000,1.01193,0.81796,0.18204
112.92000,1.01194,0.67386,0.32614
113.04000,1.01194,0.49068,0.50932
113.16000,1.01193,0.34264,0.65736
113.28000,1.01194,0.20732,0.79268
113.40000,1.01193,0.20546,0.79454
113.52000,1.01194,0.60471,0.39529
113.64000,1.01194,0.48412,0.51588
113.76000,1.01193,0.84228,0.15772
113.88000,1.01194,0.68360,0.31640
114.00000,1.01194,0.78741,0.21259
114.12000,1.01193,0.57657,0.42343
114.24000,1.01194,0.83352,0.16648
114.36000,1.01194,0.62658,0.37342
114.48000,1.01193,0.64022,0.35978
114.60000,1.01194,0.30355,0.69645
114.72000,1.01194,0.52797,0.47203
114.84000,1.01194,0.41151,0.58849
114.96000,1.01194,0.46491,0.53509
115.08000,1.01193,0.46042,0.53958
115.20000,1.01194,0.36160,0.63840
115.32000,1.01194,0.30275,0.69725
115.44000,1.01193,0.17186,0.82814
115.56000,1.01194,0.16795,0.83205
115.68000,1.01194,0.19141,0.80859
115.80000,1.01193,0.16096,0.83904
115.92000,1.01194,0.11972,0.88028
116.04000,1.01194,0.17796,0.82204
116.16000,1.01193,0.14088,0.85912
116.28000,1.01194,0.31425,0.68575
116.40000,1.01193,0.38899,0.61101
116.52000,1.01194,0.49826,0.50174
116.64000,1.01194,0.47028,0.52972
116.76000,1.01193,0.32912,0.67088
116.88000,1.01194,0.42456,0.57544
117.00000,1.01194,0.34702,0.65298
117.12000,1.01193,0.38311,0.61689
117.24000,1.01194,0.25113,0.74887
117.36000,1.01194,0.23502,0.76498
117.48000,1.01193,0.16339,0.83661
117.60000,1.01194,0.07504,0.92496
117.72000,1.01194,0.18449,0.81551
117.84000,1.01194,0.13224,0.86776
117.96000,1.01194,0.21190,0.78810
118.08000,1.01193,0.26396,0.73604
118.20000,1.01194,0.32575,0.67425
118.32000,1.01194,0.50355,0.49645
118.44000,1.01193,0.37126,0.62874
118.56000,1.01194,0.47057,0.52943
118.68000,1.01194,0.29572,0.70428
118.80000,1.01193,0.24253,0.75747
118.92000,1.01194,0.32072,0.67928
119.04000,1.01194,0.40324,0.59676
119.16000,1.01193,0.30031,0.69969
119.28000,1.01194,0.38648,0.61352
119.40000,1.01193,0.15844,0.84156
119.52000,1.01194,0.34662,0.65338
119.64000,1.01194,0.18419,0.81581
119.76000,1.01193,0.19737,0.80263
119.88000,1.01194,0.18255,0.81745
120.00000,1.01194,0.10535,0.89465
120.12000,1.01193,0.10928,0.89072
120.24000,1.01194,0.18424,0.81576
120.36000,1.01194,0.17261,0.82739
120.48000,1.01193,0.14729,0.85271
120.60000,1.01194,0.14686,0.85314
120.72000,1.01194,0.15196,0.84804
120.84000,1.01194,0.23788,0.76212
120.96000,1.01194,0.27050,0.72950
121.08000,1.01193,0.26920,0.73080
121.20000,1.01194,0.17486,0.82514
121.32000,1.01194,0.24496,0.75504
121.44000,1.01193,0.19235,0.80765
121.56000,1.01194,0.16508,0.83492
121.68000,1.01194,0.12213,0.87787
121.80000,1.01193,0.26978,0.73022
121.92000,1.01194,0.30080,0.69920
122.04000,1.01194,0.45746,0.54254
122.16000,1.01193,0.54903,0.45097
122.28000,1.01194,0.62374,0.37626
122.40000,1.01193,0.67378,0.32622
122.52000,1.01194,0.81540,0.18460
122.64000,1.01194,0.79479,0.20521
122.76000,1.01193,0.74224,0.25776
122.88000,1.01194,0.83299,0.16701
123.00000,1.01194,0.74672,0.25328
123.12000,1.01193,0.80541,0.19459
123.24000,1.01194,0.76957,0.23043
123.36000,1.01194,0.90881,0.09119
123.48000,1.01193,0.89861,0.10139
123.60000,1.01194,0.93985,0.06015
123.72000,1.01194,0.88333,0.11667
123.84000,1.01194,0.93778,0.06222
123.96000,1.01194,0.88686,0.11314
124.08000,1.01193,0.94334,0.05666
124.20000,1.01194,0.86395,0.13605
124.32000,1.01194,0.92129,0.07871
124.44000,1.01193,0.93217,0.06783
124.56000,1.01194,0.96234,0.03766
124.68000,1.01194,0.93364,0.06636
124.80000,1.01193,0.97389,0.02611
124.92000,1.01194,0.92405,0.07595
125.04000,1.01194,0.97578,0.02422
125.16000,1.01193,0.95000,0.05000
125.28000,1.01194,0.96899,0.03101
125.40000,1.01193,0.95860,0.04140
125.52000,1.01194,0.96843,0.03157
125.64000,1.01194,0.95434,0.04566
125.76000,1.01193,0.95781,0.04219
125.88000,1.01194,0.96726,0.03274
126.00000,1.01194,0.95643,0.04357
126.12000,1.01193,0.97845,0.02155
126.24000,1.01194,0.95925,0.04075
126.36000,1.01194,0.96632,0.03368
126.48000,1.01193,0.95756,0.04244
126.60000,1.01194,0.92785,0.07215
126.72000,1.01194,0.96732,0.03268
126.84000,1.01194,0.96215,0.03785
126.96000,1.01194,0.96445,0.03555
127.08000,1.01193,0.94875,0.05125
127.20000,1.01195,0.91555,0.08445
127.32000,1.01194,0.92202,0.07798
127.44000,1.01193,0.88579,0.11421
127.56000,1.01193,0.88669,0.11331
127.68000,1.01194,0.71605,0.28395
127.80000,1.01193,0.83621,0.16379
127.92000,1.01193,0.69990,0.30010
128.03999,1.01195,0.65774,0.34226
128.16000,1.01193,0.56938,0.43062
128.28000,1.01193,0.28046,0.71954
128.39999,1.01195,0.43862,0.56138
128.52000,1.01193,0.31681,0.68319
128.64000,1.01193,0.38815,0.61185
128.75999,1.01195,0.41211,0.58789
128.88000,1.01193,0.56445,0.43555
129.00000,1.01193,0.46398,0.53602
129.12000,1.01195,0.63453,0.36547
129.24001,1.01193,0.54057,0.45943
129.36000,1.01193,0.74098,0.25902
129.48000,1.01195,0.72264,0.27736
129.60001,1.01193,0.66009,0.33991
129.72000,1.01193,0.79668,0.20332
129.84000,1.01195,0.70220,0.29780
129.96001,1.01193,0.74667,0.25333
130.08000,1.01193,0.77111,0.22889
130.20000,1.01195,0.86485,0.13515
130.32001,1.01193,0.82217,0.17783
130.44000,1.01193,0.75794,0.24206
130.56000,1.01193,0.75973,0.24027
130.67999,1.01195,0.75340,0.24660
130.80000,1.01193,0.77369,0.22631
130.92000,1.01193,0.74917,0.25083
131.03999,1.01195,0.78228,0.21772
131.16000,1.01193,0.64186,0.35814
131.28000,1.01193,0.79473,0.20527
131.39999,1.01195,0.74376,0.25624
131.52000,1.01193,0.84355,0.15645
131.64000,1.01193,0.83827,0.16173
131.75999,1.01195,0.82166,0.17834
131.88000,1.01193,0.82323,0.17677
132.00000,1.01193,0.82578,0.17422
132.12000,1.01195,0.83469,0.16531
132.24001,1.01193,0.78140,0.21860
132.36000,1.01193,0.81986,0.18014
132.48000,1.01195,0.79209,0.20791
132.60001,1.01193,0.78298,0.21702
132.72000,1.01193,0.85016,0.14984
132.84000,1.01195,0.82140,0.17860
132.96001,1.01193,0.80756,0.19244
133.08000,1.01193,0.81020,0.18980
133.20000,1.01195,0.84745,0.15255
133.32001,1.01193,0.90189,0.09811
133.44000,1.01193,0.90907,0.09093
133.56000,1.01193,0.93748,0.06252
133.67999,1.01195,0.91065,0.08935
133.80000,1.01193,0.92686,0.07314
133.92000,1.01193,0.92801,0.07199
134.03999,1.01195,0.91364,0.08636
134.16000,1.01193,0.91253,0.08747
134.28000,1.01193,0.91092,0.08908
134.39999,1.01195,0.94519,0.05481
134.52000,1.01193,0.95739,0.04261
134.64000,1.01193,0.95940,0.04060
134.75999,1.01195,0.94599,0.05401
134.88000,1.01193,0.97808,0.02192
135.00000,1.01193,0.95192,0.04808
135.12000,1.01195,0.98611,0.01389
135.24001,1.01193,0.93227,0.06773
135.36000,1.01193,0.96151,0.03849
135.48000,1.01195,0.95206,0.04794
135.60001,1.01193,0.96957,0.03043
135.72000,1.01193,0.96208,0.03792
135.84000,1.01195,0.92679,0.07321
135.96001,1.01193,0.96853,0.03147
136.08000,1.01193,0.97443,0.02557
136.20000,1.01195,0.93470,0.06530
136.32001,1.01193,0.96677,0.03323
136.44000,1.01193,0.92684,0.07316
136.56000,1.01193,0.97248,0.02752
136.67999,1.01195,0.90609,0.09391
136.80000,1.01193,0.93441,0.06559
136.92000,1.01193,0.93844,0.06156
137.03999,1.01195,0.96479,0.03521
137.16000,1.01193,0.95256,0.04744
137.28000,1.01193,0.97517,0.02483
137.39999,1.01195,0.97388,0.02612
137.52000,1.01193,0.98221,0.01779
137.64000,1.01193,0.97587,0.02413
137.75999,1.01195,0.97445,0.02555
137.88000,1.01193,0.95587,0.04413
138.00000,1.01193,0.96732,0.03268
138.12000,1.01195,0.93733,0.06267
138.24001,1.01193,0.95604,0.04396
138.36000,1.01193,0.94837,0.05163
138.48000,1.01195,0.98581,0.01419
138.60001,1.01193,0.95942,0.04058
138.72000,1.01193,0.96892,0.03108
138.84000,1.01195,0.96645,0.03355
138.96001,1.01193,0.97613,0.02387
139.08000,1.01193,0.95307,0.04693
139.20000,1.01195,0.95524,0.04476
139.32001,1.01193,0.93581,0.06419
139.44000,1.01193,0.93758,0.06242
139.56000,1.01193,0.89265,0.10735
139.67999,1.01195,0.91650,0.08350
139.80000,1.01193,0.94027,0.05973
139.92000,1.01193,0.94753,0.05247
140.03999,1.01195,0.91936,0.08064
140.16000,1.01193,0.90980,0.09020
140.28000,1.01193,0.89917,0.10083
140.39999,1.01195,0.89638,0.10362
140.52000,1.01193,0.81503,0.18497
140.64000,1.01193,0.91069,0.08931
140.75999,1.01195,0.93774,0.06226
140.88000,1.01193,0.94942,0.05058
141.00000,1.01193,0.97333,0.02667
141.12000,1.01195,0.96255,0.03745
141.24001,1.01193,0.97385,0.02615
141.36000,1.01193,0.97876,0.02124
141.48000,1.01195,0.98833,0.01167
141.60001,1.01193,0.99166,0.00834
141.72000,1.01193,0.99248,0.00752
141.84000,1.01195,0.99562,0.00438
141.96001,1.01193,0.98970,0.01030
142.08000,1.01193,0.98935,0.01065
142.20000,1.01195,0.98597,0.01403
142.32001,1.01193,0.97529,0.02471
142.44000,1.01193,0.95737,0.04263
142.56000,1.01193,0.97482,0.02518
142.67999,1.01195,0.95717,0.04283
142.80000,1.01193,0.98086,0.01914
142.92000,1.01193,0.97290,0.02710
143.03999,1.01195,0.97265,0.02735
143.16000,1.01193,0.98809,0.01191
143.28000,1.01193,0.98440,0.01560
143.39999,1.01195,0.96575,0.03425
143.52000,1.01193,0.97456,0.02544
143.64000,1.01193,0.95821,0.04179
143.75999,1.01195,0.96376,0.03624
143.88000,1.01193,0.84259,0.15741
144.00000,1.01193,0.72154,0.27846
144.12000,1.01195,0.62424,0.37576
144.24001,1.01193,0.50919,0.49081
144.36000,1.01193,0.54880,0.45120
144.48000,1.01195,0.41347,0.58653
144.60001,1.01193,0.54050,0.45950
144.72000,1.01193,0.25037,0.74963
144.84000,1.01195,0.53511,0.46489
144.96001,1.01193,0.24167,0.75833
145.08000,1.01193,0.85334,0.14666
145.20000,1.01195,0.83401,0.16599
145.32001,1.01193,0.86135,0.13865
145.44000,1.01193,0.89117,0.10883
145.56000,1.01193,0.93497,0.06503
145.67999,1.01195,0.95877,0.04123
145.80000,1.01193,0.96407,0.03593
145.92000,1.01193,0.97812,0.02188
146.03999,1.01195,0.98904,0.01096
146.16000,1.01193,0.98352,0.01648
146.28000,1.01193,0.99074,0.00926
146.39999,1.01195,0.99358,0.00642
146.52000,1.01193,0.99040,0.00960
146.64000,1.01193,0.99543,0.00457
146.75999,1.01195,0.98936,0.01064
146.88000,1.01193,0.99137,0.00863
147.00000,1.01193,0.98369,0.01631
147.12000,1.01195,0.98910,0.01090
147.24001,1.01193,0.98120,0.01880
147.36000,1.01193,0.98040,0.01960
147.48000,1.01195,0.98509,0.01491
147.60001,1.01193,0.98732,0.01268
147.72000,1.01193,0.94012,0.05988
147.84000,1.01195,0.97988,0.02012
147.96001,1.01193,0.97701,0.02299
148.08000,1.01193,0.98640,0.01360
148.20000,1.01195,0.98580,0.01420
148.32001,1.01193,0.98091,0.01909
148.44000,1.01193,0.98157,0.01843
148.56000,1.01193,0.98842,0.01158
148.67999,1.01195,0.98737,0.01263
148.80000,1.01193,0.97628,0.02372
148.92000,1.01193,0.98300,0.01700
149.03999,1.01195,0.98369,0.01631
149.16000,1.01193,0.97108,0.02892
149.28000,1.01193,0.97796,0.02204
149.39999,1.01195,0.98486,0.01514
149.52000,1.01193,0.98436,0.01564
149.64000,1.01193,0.99008,0.00992
149.75999,1.01195,0.98848,0.01152
149.88000,1.01193,0.98903,0.01097
150.00000,1.01193,0.98245,0.01755
150.12000,1.01195,0.98770,0.01230
150.24001,1.01193,0.98515,0.01485
150.36000,1.01193,0.98352,0.01648
150.48000,1.01195,0.97864,0.02136
150.60001,1.01193,0.98766,0.01234
150.72000,1.01193,0.98231,0.01769
150.84000,1.01195,0.98064,0.01936
150.96001,1.01193,0.97769,0.02231
151.08000,1.01193,0.98091,0.01909
