Time (seconds), Duration (seconds),pred_unlabeled,pred_sirens
0.00000,1.01194,0.99018,0.00982
0.12000,1.01194,0.98833,0.01167
0.24000,1.01194,0.98596,0.01404
0.36000,1.01194,0.98436,0.01564
0.48000,1.01194,0.93720,0.06280
0.60000,1.01194,0.98553,0.01447
0.72000,1.01194,0.98678,0.01322
0.84000,1.01194,0.96839,0.03161
0.96000,1.01194,0.93943,0.06057
1.08000,1.01194,0.50425,0.49575
1.20000,1.01194,0.26111,0.73889
1.32000,1.01194,0.01262,0.98738
1.44000,1.01194,0.01018,0.98982
1.56000,1.01194,0.02443,0.97557
1.68000,1.01194,0.02168,0.97832
1.80000,1.01194,0.01310,0.98690
1.92000,1.01194,0.00565,0.99435
2.04000,1.01194,0.01341,0.98659
2.16000,1.01194,0.01785,0.98215
2.28000,1.01194,0.03128,0.96872
2.40000,1.01194,0.00487,0.99513
2.52000,1.01194,0.04034,0.95966
2.64000,1.01194,0.01300,0.98700
2.76000,1.01194,0.01811,0.98189
2.88000,1.01194,0.00554,0.99446
3.00000,1.01194,0.01642,0.98358
3.12000,1.01194,0.03787,0.96213
3.24000,1.01194,0.00966,0.99034
3.36000,1.01194,0.00383,0.99617
3.48000,1.01194,0.02855,0.97145
3.60000,1.01194,0.00756,0.99244
3.72000,1.01194,0.00796,0.99204
3.84000,1.01194,0.00534,0.99466
3.96000,1.01194,0.00490,0.99510
4.08000,1.01194,0.02401,0.97599
4.20000,1.01194,0.00964,0.99036
4.32000,1.01194,0.00354,0.99646
4.44000,1.01194,0.01854,0.98146
4.56000,1.01194,0.02091,0.97909
4.68000,1.01194,0.01078,0.98922
4.80000,1.01194,0.02695,0.97305
4.92000,1.01194,0.01085,0.98915
5.04000,1.01194,0.04022,0.95978
5.16000,1.01194,0.01337,0.98663
5.28000,1.01194,0.02004,0.97996
5.40000,1.01194,0.04305,0.95695
5.52000,1.01194,0.02736,0.97264
5.64000,1.01194,0.01513,0.98487
5.76000,1.01194,0.02524,0.97476
5.88000,1.01194,0.02881,0.97119
6.00000,1.01194,0.01365,0.98635
6.12000,1.01194,0.01029,0.98971
6.24000,1.01194,0.19843,0.80157
6.36000,1.01194,0.73679,0.26321
6.48000,1.01194,0.89983,0.10017
6.60000,1.01194,0.97689,0.02311
6.72000,1.01194,0.98818,0.01182
6.84000,1.01194,0.99295,0.00705
6.96000,1.01194,0.98519,0.01481
7.08000,1.01194,0.97025,0.02975
7.20000,1.01194,0.98248,0.01752
7.32000,1.01194,0.99297,0.00703
7.44000,1.01194,0.98613,0.01387
7.56000,1.01194,0.99033,0.00967
7.68000,1.01194,0.98464,0.01536
7.80000,1.01194,0.99343,0.00657
7.92000,1.01194,0.99072,0.00928
8.04000,1.01194,0.98603,0.01397
8.16000,1.01194,0.97077,0.02923
8.28000,1.01194,0.98977,0.01023
8.40000,1.01194,0.98907,0.01093
8.52000,1.01194,0.98880,0.01120
8.64000,1.01194,0.98754,0.01246
8.76000,1.01194,0.98848,0.01152
8.88000,1.01194,0.98395,0.01605
9.00000,1.01194,0.98544,0.01456
9.12000,1.01194,0.97988,0.02012
9.24000,1.01194,0.99765,0.00235
9.36000,1.01194,0.99777,0.00223
9.48000,1.01194,0.99963,0.00037
9.60000,1.01194,0.99686,0.00314
9.72000,1.01194,0.99993,0.00007
9.84000,1.01194,0.99986,0.00014
9.96000,1.01194,0.99988,0.00012
10.08000,1.01194,0.99947,0.00053
10.20000,1.01194,0.99972,0.00028
10.32000,1.01194,0.99559,0.00441
10.44000,1.01194,0.99924,0.00076
10.56000,1.01194,0.99957,0.00043
10.68000,1.01194,0.99915,0.00085
10.80000,1.01194,0.99821,0.00179
10.92000,1.01194,0.99879,0.00121
11.04000,1.01194,0.99992,0.00008
11.16000,1.01194,0.99981,0.00019
11.28000,1.01194,0.99942,0.00058
11.40000,1.01194,0.99519,0.00481
11.52000,1.01194,0.99768,0.00232
11.64000,1.01194,0.99489,0.00511
11.76000,1.01194,0.99501,0.00499
11.88000,1.01194,0.97770,0.02230
12.00000,1.01194,0.97483,0.02517
12.12000,1.01194,0.98538,0.01462
12.24000,1.01194,0.98939,0.01061
12.36000,1.01194,0.99933,0.00067
12.48000,1.01194,0.99954,0.00046
12.60000,1.01194,0.99924,0.00076
12.72000,1.01194,0.99906,0.00094
12.84000,1.01194,0.99998,0.00002
12.96000,1.01194,0.99912,0.00088
13.08000,1.01194,0.99962,0.00038
13.20000,1.01194,0.99943,0.00057
13.32000,1.01194,0.99910,0.00090
13.44000,1.01194,0.99973,0.00027
13.56000,1.01194,0.99897,0.00103
13.68000,1.01194,0.99869,0.00131
13.80000,1.01194,0.99284,0.00716
13.92000,1.01194,0.99827,0.00173
14.04000,1.01194,0.93104,0.06896
14.16000,1.01194,0.62191,0.37809
14.28000,1.01194,0.10620,0.89380
14.40000,1.01194,0.81666,0.18334
14.52000,1.01194,0.97266,0.02734
14.64000,1.01194,0.99400,0.00600
14.76000,1.01194,0.99202,0.00798
14.88000,1.01194,0.99106,0.00894
15.00000,1.01194,0.99223,0.00777
15.12000,1.01194,0.98271,0.01729
15.24000,1.01194,0.96997,0.03003
15.36000,1.01194,0.98464,0.01536
15.48000,1.01194,0.98589,0.01411
15.60000,1.01194,0.99794,0.00206
15.72000,1.01194,0.99783,0.00217
15.84000,1.01194,0.99916,0.00084
15.96000,1.01194,0.99966,0.00034
16.08000,1.01194,0.99996,0.00004
16.20000,1.01194,0.99999,0.00001
16.32000,1.01194,0.99994,0.00006
16.44000,1.01194,0.99913,0.00087
16.56000,1.01194,0.99345,0.00655
16.68000,1.01194,0.98725,0.01275
16.80000,1.01194,0.97741,0.02259
16.92000,1.01194,0.97096,0.02904
17.04000,1.01194,0.99102,0.00898
17.16000,1.01194,0.98677,0.01323
17.28000,1.01194,0.98778,0.01222
17.40000,1.01194,0.99303,0.00697
17.52000,1.01194,0.99791,0.00209
17.64000,1.01194,0.99959,0.00041
17.76000,1.01194,0.99993,0.00007
17.88000,1.01194,0.99998,0.00002
18.00000,1.01194,1.00000,0.00000
18.12000,1.01194,0.99997,0.00003
18.24000,1.01194,0.99890,0.00110
18.36000,1.01194,0.99455,0.00545
18.48000,1.01194,0.98507,0.01493
18.60000,1.01194,0.91058,0.08942
18.72000,1.01194,0.97298,0.02702
18.84000,1.01194,0.97579,0.02421
18.96000,1.01194,0.98439,0.01561
19.08000,1.01194,0.98696,0.01304
19.20000,1.01194,0.98525,0.01475
19.32000,1.01194,0.98589,0.01411
