Time (seconds), Duration (seconds),pred_unlabeled,pred_sirens
0.00000,1.01194,0.97216,0.02784
0.12000,1.01194,0.98651,0.01349
0.24000,1.01194,0.97285,0.02715
0.36000,1.01194,0.98589,0.01411
0.48000,1.01194,0.96832,0.03168
0.60000,1.01194,0.98939,0.01061
0.72000,1.01194,0.97566,0.02434
0.84000,1.01194,0.99202,0.00798
0.96000,1.01194,0.97132,0.02868
1.08000,1.01194,0.99312,0.00688
1.20000,1.01194,0.98397,0.01603
1.32000,1.01194,0.99345,0.00655
1.44000,1.01194,0.99184,0.00816
1.56000,1.01194,0.99464,0.00536
1.68000,1.01194,0.99241,0.00759
1.80000,1.01194,0.99428,0.00572
1.92000,1.01194,0.99591,0.00409
2.04000,1.01194,0.99412,0.00588
2.16000,1.01194,0.99620,0.00380
2.28000,1.01194,0.99253,0.00747
2.40000,1.01194,0.99402,0.00598
2.52000,1.01194,0.99000,0.01000
2.64000,1.01194,0.98488,0.01512
2.76000,1.01194,0.98987,0.01013
2.88000,1.01194,0.97537,0.02463
3.00000,1.01194,0.99115,0.00885
3.12000,1.01194,0.97645,0.02355
3.24000,1.01194,0.99031,0.00969
3.36000,1.01194,0.97659,0.02341
3.48000,1.01194,0.99266,0.00734
3.60000,1.01194,0.98892,0.01108
3.72000,1.01194,0.99295,0.00705
3.84000,1.01194,0.99448,0.00552
3.96000,1.01194,0.99141,0.00859
4.08000,1.01194,0.99551,0.00449
4.20000,1.01194,0.99189,0.00811
4.32000,1.01194,0.99673,0.00327
4.44000,1.01194,0.99198,0.00802
4.56000,1.01194,0.99387,0.00613
4.68000,1.01194,0.98975,0.01025
4.80000,1.01194,0.98847,0.01153
4.92000,1.01194,0.99197,0.00803
5.04000,1.01194,0.99083,0.00917
5.16000,1.01194,0.99447,0.00553
5.28000,1.01194,0.98633,0.01367
5.40000,1.01194,0.98806,0.01194
5.52000,1.01194,0.97592,0.02408
5.64000,1.01194,0.98641,0.01359
5.76000,1.01194,0.97648,0.02352
5.88000,1.01194,0.98893,0.01107
6.00000,1.01194,0.97599,0.02401
6.12000,1.01194,0.98491,0.01509
6.24000,1.01194,0.98759,0.01241
6.36000,1.01194,0.99408,0.00592
6.48000,1.01194,0.99001,0.00999
6.60000,1.01194,0.99293,0.00707
6.72000,1.01194,0.97053,0.02947
6.84000,1.01194,0.98456,0.01544
6.96000,1.01194,0.94276,0.05724
7.08000,1.01194,0.94551,0.05449
7.20000,1.01194,0.94663,0.05337
7.32000,1.01194,0.94596,0.05404
7.44000,1.01194,0.94795,0.05205
7.56000,1.01194,0.94281,0.05719
7.68000,1.01194,0.96468,0.03532
7.80000,1.01194,0.96526,0.03474
7.92000,1.01194,0.95508,0.04492
8.04000,1.01194,0.96225,0.03775
8.16000,1.01194,0.96287,0.03713
8.28000,1.01194,0.97292,0.02708
8.40000,1.01194,0.96045,0.03955
8.52000,1.01194,0.97825,0.02175
8.64000,1.01194,0.96626,0.03374
8.76000,1.01194,0.97473,0.02527
8.88000,1.01194,0.96261,0.03739
9.00000,1.01194,0.97745,0.02255
9.12000,1.01194,0.96659,0.03341
9.24000,1.01194,0.97930,0.02070
9.36000,1.01194,0.98222,0.01778
9.48000,1.01194,0.98678,0.01322
9.60000,1.01194,0.97401,0.02599
9.72000,1.01194,0.96617,0.03383
9.84000,1.01194,0.96193,0.03807
9.96000,1.01194,0.95880,0.04120
10.08000,1.01194,0.94132,0.05868
10.20000,1.01194,0.97654,0.02346
10.32000,1.01194,0.95691,0.04309
10.44000,1.01194,0.96539,0.03461
10.56000,1.01194,0.97901,0.02099
10.68000,1.01194,0.98065,0.01935
10.80000,1.01194,0.98535,0.01465
10.92000,1.01194,0.98650,0.01350
11.04000,1.01194,0.98337,0.01663
11.16000,1.01194,0.98422,0.01578
11.28000,1.01194,0.96151,0.03849
11.40000,1.01194,0.97466,0.02534
11.52000,1.01194,0.95681,0.04319
11.64000,1.01194,0.95230,0.04770
11.76000,1.01194,0.94344,0.05656
11.88000,1.01194,0.95401,0.04599
12.00000,1.01194,0.96316,0.03684
12.12000,1.01194,0.98052,0.01948
12.24000,1.01194,0.95980,0.04020
12.36000,1.01194,0.97852,0.02148
12.48000,1.01194,0.94288,0.05712
12.60000,1.01194,0.96751,0.03249
12.72000,1.01194,0.96382,0.03618
12.84000,1.01194,0.96992,0.03008
12.96000,1.01194,0.94571,0.05429
13.08000,1.01194,0.96953,0.03047
13.20000,1.01194,0.96201,0.03799
13.32000,1.01194,0.97130,0.02870
13.44000,1.01194,0.91032,0.08968
13.56000,1.01194,0.96557,0.03443
13.68000,1.01194,0.92637,0.07363
13.80000,1.01194,0.97007,0.02993
13.92000,1.01194,0.93148,0.06852
14.04000,1.01194,0.97617,0.02383
14.16000,1.01194,0.95410,0.04590
14.28000,1.01194,0.98663,0.01337
14.40000,1.01194,0.96456,0.03544
14.52000,1.01194,0.99058,0.00942
14.64000,1.01194,0.96942,0.03058
14.76000,1.01194,0.98472,0.01528
14.88000,1.01194,0.97811,0.02189
15.00000,1.01194,0.98123,0.01877
15.12000,1.01194,0.97907,0.02093
15.24000,1.01194,0.97725,0.02275
15.36000,1.01194,0.97397,0.02603
15.48000,1.01194,0.98606,0.01394
15.60000,1.01194,0.97990,0.02010
15.72000,1.01194,0.98051,0.01949
15.84000,1.01194,0.97750,0.02250
15.96000,1.01194,0.97663,0.02337
16.08000,1.01194,0.97201,0.02799
16.20000,1.01194,0.95908,0.04092
16.32000,1.01194,0.94431,0.05569
16.44000,1.01194,0.94612,0.05388
16.56000,1.01194,0.87252,0.12748
16.68000,1.01194,0.96387,0.03613
16.80000,1.01194,0.88577,0.11423
16.92000,1.01194,0.92489,0.07511
17.04000,1.01194,0.90821,0.09179
17.16000,1.01194,0.94026,0.05974
17.28000,1.01194,0.88767,0.11233
17.40000,1.01194,0.95257,0.04743
17.52000,1.01194,0.93328,0.06672
17.64000,1.01194,0.91303,0.08697
17.76000,1.01194,0.94341,0.05659
17.88000,1.01194,0.94111,0.05889
18.00000,1.01194,0.94289,0.05711
18.12000,1.01194,0.94275,0.05725
18.24000,1.01194,0.95449,0.04551
18.36000,1.01194,0.92694,0.07306
18.48000,1.01194,0.94650,0.05350
18.60000,1.01194,0.95978,0.04022
18.72000,1.01194,0.96588,0.03412
18.84000,1.01194,0.96753,0.03247
18.96000,1.01194,0.98192,0.01808
19.08000,1.01194,0.95185,0.04815
19.20000,1.01194,0.96726,0.03274
19.32000,1.01194,0.94272,0.05728
19.44000,1.01194,0.98036,0.01964
19.56000,1.01194,0.96457,0.03543
19.68000,1.01194,0.98349,0.01651
19.80000,1.01194,0.96757,0.03243
19.92000,1.01194,0.98284,0.01716
20.04000,1.01194,0.98391,0.01609
20.16000,1.01194,0.98170,0.01830
20.28000,1.01194,0.98282,0.01718
20.40000,1.01194,0.97280,0.02720
20.52000,1.01194,0.96139,0.03861
20.64000,1.01194,0.97208,0.02792
20.76000,1.01194,0.95013,0.04987
20.88000,1.01194,0.96841,0.03159
21.00000,1.01194,0.95871,0.04129
21.12000,1.01194,0.96714,0.03286
21.24000,1.01194,0.88511,0.11489
21.36000,1.01194,0.92772,0.07228
21.48000,1.01194,0.92572,0.07428
21.60000,1.01194,0.92516,0.07484
21.72000,1.01194,0.91646,0.08354
21.84000,1.01194,0.92524,0.07476
21.96000,1.01194,0.92489,0.07511
22.08000,1.01194,0.90814,0.09186
22.20000,1.01194,0.89975,0.10025
22.32000,1.01194,0.89556,0.10444
22.44000,1.01194,0.88614,0.11386
22.56000,1.01194,0.88909,0.11091
22.68000,1.01194,0.89155,0.10845
22.80000,1.01194,0.85237,0.14763
22.92000,1.01194,0.89292,0.10708
23.04000,1.01194,0.86863,0.13137
23.16000,1.01194,0.91654,0.08346
23.28000,1.01194,0.89727,0.10273
23.40000,1.01194,0.91009,0.08991
23.52000,1.01194,0.94511,0.05489
23.64000,1.01194,0.92985,0.07015
23.76000,1.01194,0.94685,0.05315
23.88000,1.01194,0.92840,0.07160
24.00000,1.01194,0.96126,0.03874
24.12000,1.01194,0.95595,0.04405
24.24000,1.01194,0.93701,0.06299
24.36000,1.01194,0.95887,0.04113
24.48000,1.01194,0.95151,0.04849
24.60000,1.01194,0.96257,0.03743
24.72000,1.01194,0.94972,0.05028
24.84000,1.01194,0.96889,0.03111
24.96000,1.01194,0.94479,0.05521
25.08000,1.01194,0.95739,0.04261
25.20000,1.01194,0.94642,0.05358
25.32000,1.01194,0.95720,0.04280
25.44000,1.01194,0.94940,0.05060
25.56000,1.01194,0.94610,0.05390
25.68000,1.01194,0.95037,0.04963
25.80000,1.01194,0.93669,0.06331
25.92000,1.01194,0.94014,0.05986
26.04000,1.01194,0.94466,0.05534
26.16000,1.01194,0.94521,0.05479
26.28000,1.01194,0.94459,0.05541
26.40000,1.01194,0.95622,0.04378
26.52000,1.01194,0.93274,0.06726
26.64000,1.01194,0.95330,0.04670
26.76000,1.01194,0.93229,0.06771
26.88000,1.01194,0.92584,0.07416
27.00000,1.01194,0.89993,0.10007
27.12000,1.01194,0.92905,0.07095
27.24000,1.01194,0.89902,0.10098
27.36000,1.01194,0.91050,0.08950
27.48000,1.01194,0.89043,0.10957
27.60000,1.01194,0.90868,0.09132
27.72000,1.01194,0.91096,0.08904
27.84000,1.01194,0.92310,0.07690
27.96000,1.01194,0.93322,0.06678
28.08000,1.01194,0.91080,0.08920
28.20000,1.01194,0.92540,0.07460
28.32000,1.01194,0.89737,0.10263
28.44000,1.01194,0.90314,0.09687
28.56000,1.01194,0.85661,0.14339
28.68000,1.01194,0.86052,0.13948
28.80000,1.01194,0.87112,0.12888
28.92000,1.01194,0.86471,0.13529
29.04000,1.01194,0.84153,0.15847
29.16000,1.01194,0.86270,0.13730
29.28000,1.01194,0.83451,0.16549
29.40000,1.01194,0.89567,0.10433
29.52000,1.01194,0.86580,0.13420
29.64000,1.01194,0.90958,0.09042
29.76000,1.01194,0.90442,0.09558
29.88000,1.01194,0.92474,0.07526
30.00000,1.01194,0.88332,0.11668
30.12000,1.01194,0.88652,0.11348
30.24000,1.01194,0.86129,0.13871
30.36000,1.01194,0.85789,0.14211
30.48000,1.01194,0.84682,0.15318
30.60000,1.01194,0.86056,0.13944
30.72000,1.01194,0.85074,0.14926
30.84000,1.01194,0.87543,0.12457
30.96000,1.01194,0.82330,0.17670
31.08000,1.01194,0.83648,0.16352
31.20000,1.01194,0.80436,0.19564
31.32000,1.01194,0.82391,0.17609
31.44000,1.01194,0.84085,0.15915
31.56000,1.01194,0.85121,0.14879
31.68000,1.01194,0.84324,0.15676
31.80000,1.01194,0.85652,0.14348
31.92000,1.01194,0.84395,0.15605
32.04000,1.01194,0.83366,0.16634
32.16000,1.01194,0.85284,0.14716
32.28000,1.01194,0.79448,0.20552
32.40000,1.01194,0.84784,0.15216
32.52000,1.01194,0.81204,0.18796
32.64000,1.01194,0.85672,0.14328
32.76000,1.01194,0.83730,0.16270
32.88000,1.01194,0.84114,0.15886
33.00000,1.01194,0.89893,0.10107
33.12000,1.01194,0.85393,0.14607
33.24000,1.01194,0.87358,0.12642
33.36000,1.01194,0.82652,0.17348
33.48000,1.01194,0.86879,0.13121
33.60000,1.01194,0.81270,0.18730
33.72000,1.01194,0.84372,0.15628
33.84000,1.01194,0.85420,0.14580
33.96000,1.01194,0.83928,0.16072
34.08000,1.01194,0.90352,0.09648
34.20000,1.01194,0.88307,0.11693
34.32000,1.01194,0.89160,0.10840
34.44000,1.01194,0.86078,0.13922
34.56000,1.01194,0.89181,0.10819
34.68000,1.01194,0.85400,0.14600
34.80000,1.01194,0.92130,0.07870
34.92000,1.01194,0.90919,0.09081
35.04000,1.01194,0.94748,0.05252
35.16000,1.01194,0.91731,0.08269
35.28000,1.01194,0.95638,0.04362
35.40000,1.01194,0.89716,0.10284
35.52000,1.01194,0.96885,0.03115
35.64000,1.01194,0.94002,0.05998
35.76000,1.01194,0.96770,0.03230
35.88000,1.01194,0.94187,0.05813
36.00000,1.01194,0.95725,0.04275
36.12000,1.01194,0.90728,0.09272
36.24000,1.01194,0.90866,0.09134
36.36000,1.01194,0.88780,0.11220
36.48000,1.01194,0.86561,0.13439
36.60000,1.01194,0.82528,0.17472
36.72000,1.01194,0.87487,0.12513
36.84000,1.01194,0.85351,0.14649
36.96000,1.01194,0.89018,0.10982
37.08000,1.01194,0.85141,0.14859
37.20000,1.01194,0.88502,0.11498
37.32000,1.01194,0.89367,0.10633
37.44000,1.01194,0.86335,0.13665
37.56000,1.01194,0.86447,0.13553
37.68000,1.01194,0.87038,0.12962
37.80000,1.01194,0.85178,0.14822
37.92000,1.01194,0.89533,0.10467
38.04000,1.01194,0.85102,0.14898
38.16000,1.01194,0.91878,0.08122
38.28000,1.01194,0.87796,0.12204
38.40000,1.01194,0.92809,0.07191
38.52000,1.01194,0.89362,0.10638
38.64000,1.01194,0.91288,0.08712
38.76000,1.01194,0.92600,0.07400
38.88000,1.01194,0.90325,0.09675
39.00000,1.01194,0.94907,0.05093
39.12000,1.01194,0.90230,0.09770
39.24000,1.01194,0.96200,0.03800
39.36000,1.01194,0.85072,0.14928
39.48000,1.01194,0.94638,0.05362
39.60000,1.01194,0.84303,0.15697
39.72000,1.01194,0.87096,0.12904
39.84000,1.01194,0.85886,0.14114
39.96000,1.01194,0.90579,0.09421
40.08000,1.01194,0.87073,0.12927
40.20000,1.01194,0.91197,0.08803
40.32000,1.01194,0.92837,0.07163
40.44000,1.01194,0.89926,0.10074
40.56000,1.01194,0.93519,0.06481
40.68000,1.01194,0.90097,0.09903
40.80000,1.01194,0.95732,0.04268
40.92000,1.01194,0.91793,0.08207
41.04000,1.01194,0.94562,0.05438
41.16000,1.01194,0.91033,0.08967
41.28000,1.01194,0.94768,0.05232
41.40000,1.01194,0.90295,0.09705
41.52000,1.01194,0.94682,0.05318
41.64000,1.01194,0.92299,0.07701
41.76000,1.01194,0.94931,0.05069
41.88000,1.01194,0.95851,0.04149
42.00000,1.01194,0.95283,0.04717
42.12000,1.01194,0.93877,0.06123
42.24000,1.01194,0.93125,0.06875
42.36000,1.01194,0.92670,0.07330
42.48000,1.01194,0.95858,0.04142
42.60000,1.01194,0.95259,0.04741
42.72000,1.01194,0.95825,0.04175
42.84000,1.01194,0.94983,0.05017
42.96000,1.01194,0.95492,0.04508
43.08000,1.01194,0.93270,0.06730
43.20000,1.01194,0.95152,0.04848
43.32000,1.01194,0.95315,0.04685
43.44000,1.01194,0.93542,0.06458
43.56000,1.01194,0.96399,0.03601
43.68000,1.01194,0.95663,0.04337
43.80000,1.01194,0.94958,0.05042
43.92000,1.01194,0.95336,0.04664
44.04000,1.01194,0.92049,0.07951
44.16000,1.01194,0.92930,0.07070
44.28000,1.01194,0.93538,0.06462
44.40000,1.01194,0.95837,0.04163
44.52000,1.01194,0.96699,0.03301
44.64000,1.01194,0.96775,0.03225
44.76000,1.01194,0.98209,0.01791
44.88000,1.01194,0.97328,0.02672
45.00000,1.01194,0.98473,0.01527
45.12000,1.01194,0.97342,0.02658
45.24000,1.01194,0.97362,0.02638
45.36000,1.01194,0.97193,0.02807
45.48000,1.01194,0.97305,0.02695
45.60000,1.01194,0.97582,0.02418
45.72000,1.01194,0.98154,0.01846
45.84000,1.01194,0.97233,0.02767
45.96000,1.01194,0.98237,0.01763
46.08000,1.01194,0.97386,0.02614
46.20000,1.01194,0.96770,0.03230
46.32000,1.01194,0.93525,0.06475
46.44000,1.01194,0.88060,0.11940
46.56000,1.01194,0.87645,0.12355
46.68000,1.01194,0.83657,0.16343
46.80000,1.01194,0.85829,0.14171
46.92000,1.01194,0.87121,0.12879
47.04000,1.01194,0.88038,0.11962
47.16000,1.01194,0.94053,0.05947
47.28000,1.01194,0.87713,0.12287
47.40000,1.01194,0.96778,0.03222
47.52000,1.01194,0.96117,0.03883
47.64000,1.01194,0.97945,0.02055
47.76000,1.01194,0.97809,0.02191
47.88000,1.01194,0.98056,0.01944
48.00000,1.01194,0.98783,0.01217
48.12000,1.01194,0.98477,0.01523
48.24000,1.01194,0.98568,0.01432
48.36000,1.01194,0.98207,0.01793
48.48000,1.01194,0.96679,0.03321
48.60000,1.01194,0.97333,0.02667
48.72000,1.01194,0.94980,0.05020
48.84000,1.01194,0.96822,0.03178
48.96000,1.01194,0.94293,0.05707
49.08000,1.01194,0.96516,0.03484
49.20000,1.01194,0.96894,0.03106
49.32000,1.01194,0.95195,0.04805
49.44000,1.01194,0.98048,0.01952
49.56000,1.01194,0.93783,0.06217
49.68000,1.01194,0.98570,0.01430
49.80000,1.01194,0.97428,0.02572
49.92000,1.01194,0.98954,0.01046
50.04000,1.01194,0.98367,0.01633
50.16000,1.01194,0.98861,0.01139
50.28000,1.01194,0.99139,0.00861
50.40000,1.01194,0.98889,0.01111
50.52000,1.01194,0.98594,0.01406
50.64000,1.01194,0.98624,0.01376
50.76000,1.01194,0.97454,0.02546
50.88000,1.01194,0.98474,0.01526
51.00000,1.01194,0.98308,0.01692
51.12000,1.01194,0.99035,0.00965
51.24000,1.01194,0.98811,0.01189
51.36000,1.01194,0.99290,0.00710
51.48000,1.01194,0.98943,0.01057
51.60000,1.01194,0.99204,0.00796
51.72000,1.01194,0.98422,0.01578
51.84000,1.01194,0.99132,0.00868
51.96000,1.01194,0.97573,0.02427
52.08000,1.01194,0.99012,0.00988
52.20000,1.01194,0.94939,0.05061
52.32000,1.01194,0.97151,0.02849
52.44000,1.01194,0.97175,0.02825
52.56000,1.01194,0.97582,0.02418
52.68000,1.01194,0.98654,0.01346
52.80000,1.01194,0.98712,0.01288
52.92000,1.01194,0.99097,0.00903
53.04000,1.01194,0.98834,0.01166
53.16000,1.01194,0.99130,0.00870
53.28000,1.01194,0.98413,0.01587
53.40000,1.01194,0.97551,0.02449
53.52000,1.01194,0.97737,0.02263
53.64000,1.01194,0.96887,0.03113
53.76000,1.01194,0.98132,0.01868
53.88000,1.01194,0.95767,0.04233
54.00000,1.01194,0.98759,0.01241
54.12000,1.01194,0.96827,0.03173
54.24000,1.01194,0.98005,0.01995
54.36000,1.01194,0.97661,0.02339
54.48000,1.01194,0.97804,0.02196
54.60000,1.01194,0.95612,0.04388
54.72000,1.01194,0.97748,0.02252
54.84000,1.01194,0.97239,0.02761
54.96000,1.01194,0.98242,0.01758
55.08000,1.01194,0.98920,0.01080
55.20000,1.01194,0.97695,0.02305
55.32000,1.01194,0.98688,0.01312
55.44000,1.01194,0.97308,0.02692
55.56000,1.01194,0.97342,0.02658
55.68000,1.01194,0.97158,0.02842
55.80000,1.01194,0.92541,0.07459
55.92000,1.01194,0.95714,0.04286
56.04000,1.01194,0.85838,0.14162
56.16000,1.01194,0.94871,0.05129
56.28000,1.01194,0.89881,0.10119
56.40000,1.01194,0.96772,0.03228
56.52000,1.01194,0.93707,0.06293
56.64000,1.01194,0.96885,0.03115
56.76000,1.01194,0.94496,0.05504
56.88000,1.01194,0.96926,0.03074
57.00000,1.01194,0.93570,0.06430
57.12000,1.01194,0.93622,0.06378
57.24000,1.01194,0.95310,0.04690
57.36000,1.01194,0.95420,0.04580
57.48000,1.01194,0.95980,0.04020
57.60000,1.01194,0.95803,0.04197
57.72000,1.01194,0.96575,0.03425
57.84000,1.01194,0.97204,0.02796
57.96000,1.01194,0.96448,0.03552
58.08000,1.01194,0.97328,0.02672
58.20000,1.01194,0.96818,0.03182
58.32000,1.01194,0.95336,0.04664
58.44000,1.01194,0.94800,0.05200
58.56000,1.01194,0.92726,0.07274
58.68000,1.01194,0.94209,0.05791
58.80000,1.01194,0.93538,0.06462
58.92000,1.01194,0.96030,0.03970
59.04000,1.01194,0.93846,0.06154
59.16000,1.01194,0.96786,0.03214
59.28000,1.01194,0.92807,0.07193
59.40000,1.01194,0.97457,0.02543
59.52000,1.01194,0.95779,0.04221
59.64000,1.01194,0.96371,0.03629
59.76000,1.01194,0.95291,0.04709
59.88000,1.01194,0.97388,0.02612
60.00000,1.01194,0.95837,0.04163
60.12000,1.01194,0.98988,0.01012
60.24000,1.01194,0.97076,0.02924
60.36000,1.01194,0.98904,0.01096
60.48000,1.01194,0.97477,0.02523
60.60000,1.01194,0.97999,0.02001
60.72000,1.01194,0.98709,0.01291
60.84000,1.01194,0.97466,0.02534
60.96000,1.01194,0.98752,0.01248
61.08000,1.01194,0.97869,0.02131
61.20000,1.01194,0.98197,0.01803
61.32000,1.01194,0.97708,0.02292
61.44000,1.01194,0.97518,0.02482
61.56000,1.01194,0.97214,0.02786
61.68000,1.01194,0.95658,0.04342
61.80000,1.01194,0.96421,0.03579
61.92000,1.01194,0.93032,0.06968
62.04000,1.01194,0.88616,0.11384
62.16000,1.01194,0.87397,0.12603
62.28000,1.01194,0.87690,0.12310
62.40000,1.01194,0.86228,0.13772
62.52000,1.01194,0.93452,0.06548
62.64000,1.01194,0.90990,0.09010
62.76000,1.01194,0.97224,0.02776
62.88000,1.01194,0.94659,0.05341
63.00000,1.01194,0.97311,0.02689
63.12000,1.01194,0.96544,0.03456
63.24000,1.01194,0.96847,0.03153
63.36000,1.01194,0.98549,0.01451
63.48000,1.01194,0.97789,0.02211
63.60000,1.01194,0.98917,0.01083
63.72000,1.01194,0.99059,0.00941
63.84000,1.01194,0.98897,0.01103
63.96000,1.01194,0.99083,0.00917
64.08000,1.01193,0.96837,0.03163
64.20000,1.01194,0.98065,0.01935
64.32000,1.01194,0.92753,0.07247
64.44000,1.01193,0.93420,0.06580
64.56000,1.01194,0.88067,0.11933
64.68000,1.01194,0.91250,0.08750
64.80000,1.01193,0.88259,0.11741
64.92000,1.01194,0.86567,0.13432
65.04000,1.01194,0.93120,0.06880
65.16000,1.01193,0.89023,0.10977
65.28000,1.01194,0.93332,0.06668
65.40000,1.01193,0.90649,0.09351
65.52000,1.01194,0.92807,0.07193
65.64000,1.01194,0.94358,0.05642
65.76000,1.01193,0.92845,0.07155
65.88000,1.01194,0.95756,0.04244
66.00000,1.01194,0.93763,0.06237
66.12000,1.01193,0.96305,0.03695
66.24000,1.01194,0.95449,0.04551
66.36000,1.01194,0.96131,0.03869
66.48000,1.01193,0.95446,0.04554
66.60000,1.01194,0.95756,0.04244
66.72000,1.01194,0.94997,0.05003
66.84000,1.01194,0.93425,0.06575
66.96000,1.01194,0.94347,0.05653
67.08000,1.01193,0.91129,0.08871
67.20000,1.01194,0.92200,0.07800
67.32000,1.01194,0.87071,0.12929
67.44000,1.01193,0.88180,0.11820
67.56000,1.01194,0.86479,0.13521
67.68000,1.01194,0.87582,0.12418
67.80000,1.01193,0.81942,0.18058
67.92000,1.01194,0.89588,0.10412
68.04000,1.01194,0.87934,0.12066
68.16000,1.01193,0.94354,0.05646
68.28000,1.01194,0.93888,0.06112
68.40000,1.01193,0.97689,0.02311
68.52000,1.01194,0.97491,0.02509
68.64000,1.01194,0.98642,0.01358
68.76000,1.01193,0.98114,0.01886
68.88000,1.01194,0.97686,0.02314
69.00000,1.01194,0.98200,0.01800
69.12000,1.01193,0.97785,0.02215
69.24000,1.01194,0.98232,0.01768
69.36000,1.01194,0.96504,0.03496
69.48000,1.01193,0.98917,0.01083
69.60000,1.01194,0.97042,0.02958
69.72000,1.01194,0.99098,0.00902
69.84000,1.01194,0.97651,0.02349
69.96000,1.01194,0.98673,0.01327
70.08000,1.01193,0.97107,0.02893
70.20000,1.01194,0.97317,0.02683
70.32000,1.01194,0.96041,0.03959
70.44000,1.01193,0.96070,0.03930
70.56000,1.01194,0.94860,0.05140
70.68000,1.01194,0.94129,0.05871
70.80000,1.01193,0.95044,0.04956
70.92000,1.01194,0.95526,0.04474
71.04000,1.01194,0.94971,0.05029
71.16000,1.01193,0.96336,0.03664
71.28000,1.01194,0.94636,0.05364
71.40000,1.01193,0.95862,0.04138
71.52000,1.01194,0.96070,0.03930
71.64000,1.01194,0.95871,0.04129
71.76000,1.01193,0.96729,0.03271
71.88000,1.01194,0.95943,0.04057
72.00000,1.01194,0.95361,0.04639
72.12000,1.01193,0.94931,0.05069
72.24000,1.01194,0.92924,0.07076
72.36000,1.01194,0.95371,0.04629
72.48000,1.01193,0.93127,0.06873
72.60000,1.01194,0.90684,0.09316
72.72000,1.01194,0.94225,0.05775
72.84000,1.01194,0.89954,0.10046
72.96000,1.01194,0.96879,0.03121
73.08000,1.01193,0.89381,0.10619
73.20000,1.01194,0.97923,0.02077
73.32000,1.01194,0.89960,0.10040
73.44000,1.01193,0.98141,0.01859
73.56000,1.01194,0.94895,0.05105
73.68000,1.01194,0.97069,0.02931
73.80000,1.01193,0.96729,0.03271
73.92000,1.01194,0.98011,0.01989
74.04000,1.01194,0.97870,0.02130
74.16000,1.01193,0.96772,0.03228
74.28000,1.01194,0.97564,0.02436
74.40000,1.01193,0.97441,0.02559
74.52000,1.01194,0.98046,0.01954
74.64000,1.01194,0.94401,0.05599
74.76000,1.01193,0.98221,0.01779
74.88000,1.01194,0.91694,0.08306
75.00000,1.01194,0.95900,0.04100
75.12000,1.01193,0.93920,0.06080
75.24000,1.01194,0.93194,0.06806
75.36000,1.01194,0.94920,0.05080
75.48000,1.01193,0.96136,0.03864
75.60000,1.01194,0.96391,0.03609
75.72000,1.01194,0.97163,0.02837
75.84000,1.01194,0.95684,0.04316
75.96000,1.01194,0.97046,0.02954
76.08000,1.01193,0.96811,0.03189
76.20000,1.01194,0.97325,0.02675
76.32000,1.01194,0.97367,0.02633
76.44000,1.01193,0.95622,0.04378
76.56000,1.01194,0.98567,0.01433
76.68000,1.01194,0.94522,0.05478
76.80000,1.01193,0.98548,0.01452
76.92000,1.01194,0.93370,0.06630
77.04000,1.01194,0.98485,0.01515
77.16000,1.01193,0.94575,0.05425
77.28000,1.01194,0.98648,0.01352
77.40000,1.01193,0.97200,0.02800
77.52000,1.01194,0.98484,0.01516
77.64000,1.01194,0.95601,0.04399
77.76000,1.01193,0.95720,0.04280
77.88000,1.01194,0.93995,0.06005
78.00000,1.01194,0.93979,0.06021
78.12000,1.01193,0.95977,0.04023
78.24000,1.01194,0.94405,0.05595
78.36000,1.01194,0.94434,0.05566
78.48000,1.01193,0.93533,0.06467
78.60000,1.01194,0.92029,0.07971
78.72000,1.01194,0.88370,0.11630
78.84000,1.01194,0.84237,0.15763
78.96000,1.01194,0.79633,0.20367
79.08000,1.01193,0.81245,0.18755
79.20000,1.01194,0.85221,0.14779
79.32000,1.01194,0.78169,0.21831
79.44000,1.01193,0.83727,0.16273
79.56000,1.01194,0.74147,0.25853
79.68000,1.01194,0.83244,0.16756
79.80000,1.01193,0.84339,0.15661
79.92000,1.01194,0.86950,0.13050
80.04000,1.01194,0.86138,0.13862
80.16000,1.01193,0.89615,0.10385
80.28000,1.01194,0.90255,0.09745
80.40000,1.01193,0.90014,0.09986
80.52000,1.01194,0.93231,0.06769
80.64000,1.01194,0.84661,0.15339
80.76000,1.01193,0.87047,0.12953
80.88000,1.01194,0.79967,0.20033
81.00000,1.01194,0.80921,0.19079
81.12000,1.01193,0.76289,0.23711
81.24000,1.01194,0.79508,0.20492
81.36000,1.01194,0.81345,0.18655
81.48000,1.01193,0.80169,0.19831
81.60000,1.01194,0.80233,0.19767
81.72000,1.01194,0.88350,0.11650
81.84000,1.01194,0.82468,0.17532
81.96000,1.01194,0.90721,0.09279
82.08000,1.01193,0.87305,0.12695
82.20000,1.01194,0.92162,0.07838
82.32000,1.01194,0.90082,0.09918
82.44000,1.01193,0.91189,0.08811
82.56000,1.01194,0.89011,0.10989
82.68000,1.01194,0.91439,0.08561
82.80000,1.01193,0.88966,0.11034
82.92000,1.01194,0.92446,0.07554
83.04000,1.01194,0.90242,0.09758
83.16000,1.01193,0.93867,0.06133
83.28000,1.01194,0.93469,0.06531
83.40000,1.01193,0.90981,0.09019
83.52000,1.01194,0.92727,0.07273
83.64000,1.01194,0.88749,0.11251
83.76000,1.01193,0.91644,0.08356
83.88000,1.01194,0.84753,0.15247
84.00000,1.01194,0.91185,0.08815
84.12000,1.01193,0.82129,0.17871
84.24000,1.01194,0.89523,0.10477
84.36000,1.01194,0.87793,0.12207
84.48000,1.01193,0.89658,0.10342
84.60000,1.01194,0.86151,0.13849
84.72000,1.01194,0.82911,0.17089
84.84000,1.01194,0.84791,0.15209
84.96000,1.01194,0.83355,0.16645
85.08000,1.01193,0.81946,0.18054
85.20000,1.01194,0.82130,0.17870
85.32000,1.01194,0.82692,0.17308
85.44000,1.01193,0.82244,0.17756
85.56000,1.01194,0.82329,0.17671
85.68000,1.01194,0.82236,0.17764
85.80000,1.01193,0.85335,0.14665
85.92000,1.01194,0.83005,0.16995
86.04000,1.01194,0.84039,0.15961
86.16000,1.01193,0.78949,0.21051
86.28000,1.01194,0.76072,0.23928
86.40000,1.01193,0.77064,0.22936
86.52000,1.01194,0.73522,0.26478
86.64000,1.01194,0.73764,0.26236
86.76000,1.01193,0.71473,0.28527
86.88000,1.01194,0.71263,0.28737
87.00000,1.01194,0.73673,0.26327
87.12000,1.01193,0.80243,0.19757
87.24000,1.01194,0.73186,0.26814
87.36000,1.01194,0.79918,0.20082
87.48000,1.01193,0.68093,0.31907
87.60000,1.01194,0.85929,0.14071
87.72000,1.01194,0.73343,0.26657
87.84000,1.01194,0.78903,0.21097
87.96000,1.01194,0.75091,0.24909
88.08000,1.01193,0.79709,0.20291
88.20000,1.01194,0.81796,0.18204
88.32000,1.01194,0.75382,0.24618
88.44000,1.01193,0.87840,0.12160
88.56000,1.01194,0.75358,0.24642
88.68000,1.01194,0.85218,0.14782
88.80000,1.01193,0.82072,0.17928
88.92000,1.01194,0.80306,0.19694
89.04000,1.01194,0.83965,0.16035
89.16000,1.01193,0.84468,0.15532
89.28000,1.01194,0.85230,0.14770
89.40000,1.01193,0.84411,0.15589
89.52000,1.01194,0.85439,0.14561
89.64000,1.01194,0.83668,0.16332
89.76000,1.01193,0.84403,0.15597
89.88000,1.01194,0.79629,0.20371
90.00000,1.01194,0.80200,0.19800
90.12000,1.01193,0.77228,0.22772
90.24000,1.01194,0.80872,0.19128
90.36000,1.01194,0.75948,0.24052
90.48000,1.01193,0.78566,0.21434
90.60000,1.01194,0.76157,0.23843
90.72000,1.01194,0.82111,0.17889
90.84000,1.01194,0.75824,0.24176
90.96000,1.01194,0.83596,0.16404
91.08000,1.01193,0.86101,0.13899
91.20000,1.01194,0.89562,0.10438
91.32000,1.01194,0.88517,0.11483
91.44000,1.01193,0.93373,0.06627
91.56000,1.01194,0.90383,0.09617
91.68000,1.01194,0.92303,0.07697
91.80000,1.01193,0.83773,0.16227
91.92000,1.01194,0.86978,0.13022
92.04000,1.01194,0.85100,0.14900
92.16000,1.01193,0.86009,0.13991
92.28000,1.01194,0.85902,0.14098
92.40000,1.01193,0.82241,0.17759
92.52000,1.01194,0.88308,0.11692
92.64000,1.01194,0.90839,0.09161
92.76000,1.01193,0.89890,0.10110
92.88000,1.01194,0.91472,0.08528
93.00000,1.01194,0.91758,0.08242
93.12000,1.01193,0.90840,0.09160
93.24000,1.01194,0.84265,0.15735
93.36000,1.01194,0.82378,0.17622
93.48000,1.01193,0.82307,0.17693
93.60000,1.01194,0.79565,0.20435
93.72000,1.01194,0.86013,0.13987
93.84000,1.01194,0.78245,0.21755
93.96000,1.01194,0.88193,0.11807
94.08000,1.01193,0.77117,0.22883
94.20000,1.01194,0.88889,0.11111
94.32000,1.01194,0.77099,0.22901
94.44000,1.01193,0.87696,0.12304
94.56000,1.01194,0.83618,0.16382
94.68000,1.01194,0.84371,0.15629
94.80000,1.01193,0.87967,0.12033
94.92000,1.01194,0.83420,0.16580
95.04000,1.01194,0.86817,0.13183
95.16000,1.01193,0.89022,0.10978
95.28000,1.01194,0.89730,0.10270
95.40000,1.01193,0.85862,0.14138
95.52000,1.01194,0.90623,0.09377
95.64000,1.01194,0.88767,0.11233
95.76000,1.01193,0.91783,0.08217
95.88000,1.01194,0.89914,0.10086
96.00000,1.01194,0.91452,0.08548
96.12000,1.01193,0.87228,0.12772
96.24000,1.01194,0.90803,0.09197
96.36000,1.01194,0.86481,0.13519
96.48000,1.01193,0.93265,0.06735
96.60000,1.01194,0.88971,0.11029
96.72000,1.01194,0.88531,0.11469
96.84000,1.01194,0.90227,0.09773
96.96000,1.01194,0.92525,0.07475
97.08000,1.01193,0.91868,0.08132
97.20000,1.01194,0.92884,0.07116
97.32000,1.01194,0.93982,0.06018
97.44000,1.01193,0.93168,0.06832
97.56000,1.01194,0.95868,0.04132
97.68000,1.01194,0.91728,0.08272
97.80000,1.01193,0.92268,0.07732
97.92000,1.01194,0.90059,0.09941
98.04000,1.01194,0.86527,0.13473
98.16000,1.01193,0.89797,0.10203
98.28000,1.01194,0.84269,0.15731
98.40000,1.01193,0.91865,0.08135
98.52000,1.01194,0.88390,0.11610
98.64000,1.01194,0.92672,0.07328
98.76000,1.01193,0.92549,0.07451
98.88000,1.01194,0.95721,0.04279
99.00000,1.01194,0.96735,0.03265
99.12000,1.01193,0.94407,0.05593
99.24000,1.01194,0.97177,0.02823
99.36000,1.01194,0.93985,0.06015
99.48000,1.01193,0.94932,0.05068
99.60000,1.01194,0.89398,0.10602
99.72000,1.01194,0.88710,0.11290
99.84000,1.01194,0.88531,0.11469
99.96000,1.01194,0.87605,0.12395
100.08000,1.01193,0.88719,0.11281
100.20000,1.01194,0.86664,0.13336
100.32000,1.01194,0.89670,0.10330
100.44000,1.01193,0.88560,0.11440
100.56000,1.01194,0.92168,0.07832
100.68000,1.01194,0.87783,0.12217
100.80000,1.01193,0.90193,0.09807
100.92000,1.01194,0.85203,0.14797
101.04000,1.01194,0.91498,0.08502
101.16000,1.01193,0.87849,0.12151
101.28000,1.01194,0.89587,0.10413
101.40000,1.01193,0.93639,0.06361
101.52000,1.01194,0.95977,0.04023
101.64000,1.01194,0.96472,0.03528
101.76000,1.01193,0.96908,0.03092
101.88000,1.01194,0.97208,0.02792
102.00000,1.01194,0.98800,0.01200
102.12000,1.01193,0.98318,0.01682
102.24000,1.01194,0.94464,0.05536
102.36000,1.01194,0.96749,0.03251
102.48000,1.01193,0.94643,0.05357
102.60000,1.01194,0.93211,0.06789
102.72000,1.01194,0.89502,0.10498
102.84000,1.01194,0.91792,0.08208
102.96000,1.01194,0.91744,0.08256
103.08000,1.01193,0.91768,0.08232
103.20000,1.01194,0.87095,0.12905
103.32000,1.01194,0.91223,0.08777
103.44000,1.01193,0.90342,0.09658
103.56000,1.01194,0.86519,0.13481
103.68000,1.01194,0.87981,0.12019
103.80000,1.01193,0.84256,0.15744
103.92000,1.01194,0.74890,0.25110
104.04000,1.01194,0.79869,0.20131
104.16000,1.01193,0.81664,0.18336
104.28000,1.01194,0.86198,0.13802
104.40000,1.01193,0.83509,0.16491
104.52000,1.01194,0.86238,0.13762
104.64000,1.01194,0.77797,0.22203
104.76000,1.01193,0.85415,0.14585
104.88000,1.01194,0.63218,0.36782
105.00000,1.01194,0.79740,0.20260
105.12000,1.01193,0.64575,0.35425
105.24000,1.01194,0.91581,0.08419
105.36000,1.01194,0.76554,0.23446
105.48000,1.01193,0.90752,0.09248
105.60000,1.01194,0.84652,0.15348
105.72000,1.01194,0.92182,0.07818
105.84000,1.01194,0.87091,0.12909
105.96000,1.01194,0.86957,0.13043
106.08000,1.01193,0.84132,0.15868
106.20000,1.01194,0.80157,0.19843
106.32000,1.01194,0.78916,0.21084
106.44000,1.01193,0.79548,0.20452
106.56000,1.01194,0.79221,0.20779
106.68000,1.01194,0.87533,0.12467
106.80000,1.01193,0.85504,0.14496
106.92000,1.01194,0.91851,0.08149
107.04000,1.01194,0.85134,0.14866
107.16000,1.01193,0.91646,0.08354
107.28000,1.01194,0.84660,0.15340
107.40000,1.01193,0.89738,0.10262
107.52000,1.01194,0.81611,0.18389
107.64000,1.01194,0.78988,0.21012
107.76000,1.01193,0.80173,0.19827
107.88000,1.01194,0.81412,0.18588
108.00000,1.01194,0.70132,0.29868
108.12000,1.01193,0.72299,0.27701
108.24000,1.01194,0.69225,0.30775
108.36000,1.01194,0.62418,0.37582
108.48000,1.01193,0.62637,0.37363
108.60000,1.01194,0.59260,0.40740
108.72000,1.01194,0.62289,0.37711
108.84000,1.01194,0.64553,0.35447
108.96000,1.01194,0.72329,0.27671
109.08000,1.01193,0.74072,0.25928
109.20000,1.01194,0.80267,0.19733
109.32000,1.01194,0.81383,0.18617
109.44000,1.01193,0.82425,0.17575
109.56000,1.01194,0.87829,0.12171
109.68000,1.01194,0.86886,0.13114
109.80000,1.01193,0.85403,0.14597
109.92000,1.01194,0.80415,0.19585
110.04000,1.01194,0.88321,0.11679
110.16000,1.01193,0.81766,0.18234
110.28000,1.01194,0.83643,0.16357
110.40000,1.01193,0.83025,0.16975
110.52000,1.01194,0.83957,0.16043
110.64000,1.01194,0.81717,0.18283
110.76000,1.01193,0.84992,0.15008
110.88000,1.01194,0.90438,0.09562
111.00000,1.01194,0.80367,0.19633
111.12000,1.01193,0.89627,0.10373
111.24000,1.01194,0.79218,0.20782
111.36000,1.01194,0.88803,0.11197
111.48000,1.01193,0.76632,0.23368
111.60000,1.01194,0.91824,0.08176
111.72000,1.01194,0.76782,0.23218
111.84000,1.01194,0.89186,0.10814
111.96000,1.01194,0.80877,0.19123
112.08000,1.01193,0.78636,0.21364
112.20000,1.01194,0.79023,0.20977
112.32000,1.01194,0.69115,0.30885
112.44000,1.01193,0.74598,0.25402
112.56000,1.01194,0.63865,0.36135
112.68000,1.01194,0.70099,0.29901
112.80000,1.01193,0.68311,0.31689
112.92000,1.01194,0.68711,0.31289
113.04000,1.01194,0.73368,0.26632
113.16000,1.01193,0.68206,0.31794
113.28000,1.01194,0.66363,0.33637
113.40000,1.01193,0.72012,0.27988
113.52000,1.01194,0.70677,0.29323
113.64000,1.01194,0.74441,0.25559
113.76000,1.01193,0.72364,0.27636
113.88000,1.01194,0.71312,0.28688
114.00000,1.01194,0.74153,0.25847
114.12000,1.01193,0.78058,0.21942
114.24000,1.01194,0.72651,0.27349
114.36000,1.01194,0.78835,0.21165
114.48000,1.01193,0.77618,0.22382
114.60000,1.01194,0.78701,0.21299
114.72000,1.01194,0.73907,0.26093
114.84000,1.01194,0.81496,0.18503
114.96000,1.01194,0.73985,0.26015
115.08000,1.01193,0.77197,0.22803
115.20000,1.01194,0.59096,0.40904
115.32000,1.01194,0.63101,0.36899
115.44000,1.01193,0.52188,0.47812
115.56000,1.01194,0.66316,0.33684
115.68000,1.01194,0.51064,0.48936
115.80000,1.01193,0.59622,0.40378
115.92000,1.01194,0.45641,0.54359
116.04000,1.01194,0.53308,0.46692
116.16000,1.01193,0.51054,0.48946
116.28000,1.01194,0.58054,0.41946
116.40000,1.01193,0.55649,0.44351
116.52000,1.01194,0.67931,0.32069
116.64000,1.01194,0.58952,0.41048
116.76000,1.01193,0.64140,0.35860
116.88000,1.01194,0.50612,0.49388
117.00000,1.01194,0.73111,0.26889
117.12000,1.01193,0.50218,0.49782
117.24000,1.01194,0.66573,0.33427
117.36000,1.01194,0.35956,0.64044
117.48000,1.01193,0.74214,0.25786
117.60000,1.01194,0.58057,0.41943
117.72000,1.01194,0.72109,0.27891
117.84000,1.01194,0.67053,0.32947
117.96000,1.01194,0.63649,0.36351
118.08000,1.01193,0.58859,0.41141
118.20000,1.01194,0.35468,0.64532
118.32000,1.01194,0.53112,0.46888
118.44000,1.01193,0.50037,0.49963
118.56000,1.01194,0.37383,0.62617
118.68000,1.01194,0.23389,0.76611
118.80000,1.01193,0.32751,0.67249
118.92000,1.01194,0.40944,0.59056
119.04000,1.01194,0.32872,0.67128
119.16000,1.01193,0.32304,0.67696
119.28000,1.01194,0.30341,0.69659
119.40000,1.01193,0.38801,0.61199
119.52000,1.01194,0.38081,0.61919
119.64000,1.01194,0.45459,0.54541
119.76000,1.01193,0.45990,0.54010
119.88000,1.01194,0.60908,0.39092
120.00000,1.01194,0.53896,0.46104
120.12000,1.01193,0.41977,0.58023
120.24000,1.01194,0.39819,0.60181
120.36000,1.01194,0.32739,0.67261
120.48000,1.01193,0.29259,0.70741
120.60000,1.01194,0.23317,0.76683
120.72000,1.01194,0.18669,0.81331
120.84000,1.01194,0.21842,0.78158
120.96000,1.01194,0.28163,0.71837
121.08000,1.01193,0.33196,0.66804
121.20000,1.01194,0.43280,0.56720
121.32000,1.01194,0.27862,0.72138
121.44000,1.01193,0.52412,0.47588
121.56000,1.01194,0.41107,0.58893
121.68000,1.01194,0.33725,0.66275
121.80000,1.01193,0.26439,0.73561
121.92000,1.01194,0.31050,0.68950
122.04000,1.01194,0.14791,0.85209
122.16000,1.01193,0.18467,0.81533
122.28000,1.01194,0.18537,0.81463
122.40000,1.01193,0.21826,0.78174
122.52000,1.01194,0.10735,0.89265
122.64000,1.01194,0.09565,0.90435
122.76000,1.01193,0.14049,0.85951
122.88000,1.01194,0.09910,0.90090
123.00000,1.01194,0.11916,0.88084
123.12000,1.01193,0.15695,0.84305
123.24000,1.01194,0.18916,0.81084
123.36000,1.01194,0.13305,0.86695
123.48000,1.01193,0.19069,0.80931
123.60000,1.01194,0.15374,0.84626
123.72000,1.01194,0.14282,0.85718
123.84000,1.01194,0.15837,0.84163
123.96000,1.01194,0.22986,0.77014
124.08000,1.01193,0.15741,0.84259
124.20000,1.01194,0.14098,0.85902
124.32000,1.01194,0.21440,0.78560
124.44000,1.01193,0.15555,0.84445
124.56000,1.01194,0.14519,0.85481
124.68000,1.01194,0.15936,0.84064
124.80000,1.01193,0.10598,0.89402
124.92000,1.01194,0.23456,0.76544
125.04000,1.01194,0.11193,0.88807
125.16000,1.01193,0.16909,0.83091
125.28000,1.01194,0.04360,0.95640
125.40000,1.01193,0.15242,0.84758
125.52000,1.01194,0.02743,0.97257
125.64000,1.01194,0.10642,0.89358
125.76000,1.01193,0.04222,0.95778
125.88000,1.01194,0.08593,0.91407
126.00000,1.01194,0.05798,0.94202
126.12000,1.01193,0.09236,0.90764
126.24000,1.01194,0.06653,0.93347
126.36000,1.01194,0.08512,0.91488
126.48000,1.01193,0.07711,0.92289
126.60000,1.01194,0.05556,0.94444
126.72000,1.01194,0.10512,0.89488
126.84000,1.01194,0.05136,0.94864
126.96000,1.01194,0.08975,0.91025
127.08000,1.01193,0.04562,0.95438
127.20000,1.01195,0.04524,0.95476
127.32000,1.01194,0.04513,0.95487
127.44000,1.01193,0.04060,0.95940
127.56000,1.01193,0.04525,0.95475
127.68000,1.01194,0.03174,0.96826
127.80000,1.01193,0.02369,0.97631
127.92000,1.01193,0.01822,0.98178
128.03999,1.01195,0.01467,0.98533
128.16000,1.01193,0.01297,0.98703
128.28000,1.01193,0.01408,0.98592
128.39999,1.01195,0.00599,0.99401
128.52000,1.01193,0.00643,0.99357
128.64000,1.01193,0.00773,0.99227
128.75999,1.01195,0.00799,0.99201
128.88000,1.01193,0.01055,0.98945
129.00000,1.01193,0.01198,0.98802
129.12000,1.01195,0.01527,0.98473
129.24001,1.01193,0.01639,0.98361
129.36000,1.01193,0.01130,0.98870
129.48000,1.01195,0.00955,0.99045
129.60001,1.01193,0.00729,0.99271
129.72000,1.01193,0.00541,0.99459
129.84000,1.01195,0.00241,0.99759
129.96001,1.01193,0.00607,0.99393
130.08000,1.01193,0.01725,0.98275
130.20000,1.01195,0.00910,0.99090
130.32001,1.01193,0.02090,0.97910
130.44000,1.01193,0.02840,0.97160
130.56000,1.01193,0.01952,0.98048
130.67999,1.01195,0.03710,0.96290
130.80000,1.01193,0.04875,0.95125
130.92000,1.01193,0.05545,0.94455
131.03999,1.01195,0.09741,0.90259
131.16000,1.01193,0.07781,0.92219
131.28000,1.01193,0.09395,0.90605
131.39999,1.01195,0.06211,0.93789
131.52000,1.01193,0.08613,0.91387
131.64000,1.01193,0.08194,0.91806
131.75999,1.01195,0.05717,0.94283
131.88000,1.01193,0.07062,0.92938
132.00000,1.01193,0.04924,0.95076
132.12000,1.01195,0.05890,0.94110
132.24001,1.01193,0.05986,0.94014
132.36000,1.01193,0.05894,0.94106
132.48000,1.01195,0.03743,0.96257
132.60001,1.01193,0.04952,0.95048
132.72000,1.01193,0.03923,0.96077
132.84000,1.01195,0.02750,0.97250
132.96001,1.01193,0.03537,0.96463
133.08000,1.01193,0.01889,0.98111
133.20000,1.01195,0.01141,0.98859
133.32001,1.01193,0.01454,0.98546
133.44000,1.01193,0.00535,0.99465
133.56000,1.01193,0.00815,0.99185
133.67999,1.01195,0.00794,0.99206
133.80000,1.01193,0.00977,0.99023
133.92000,1.01193,0.00725,0.99275
134.03999,1.01195,0.01169,0.98831
134.16000,1.01193,0.01658,0.98342
134.28000,1.01193,0.02219,0.97781
134.39999,1.01195,0.02210,0.97790
134.52000,1.01193,0.01984,0.98016
134.64000,1.01193,0.01587,0.98413
134.75999,1.01195,0.00952,0.99048
134.88000,1.01193,0.01077,0.98923
135.00000,1.01193,0.01280,0.98720
135.12000,1.01195,0.00685,0.99315
135.24001,1.01193,0.00589,0.99411
135.36000,1.01193,0.00898,0.99102
135.48000,1.01195,0.02641,0.97359
135.60001,1.01193,0.01072,0.98928
135.72000,1.01193,0.02671,0.97329
135.84000,1.01195,0.01704,0.98296
135.96001,1.01193,0.02894,0.97106
136.08000,1.01193,0.03678,0.96322
136.20000,1.01195,0.05472,0.94528
136.32001,1.01193,0.07468,0.92532
136.44000,1.01193,0.08289,0.91711
136.56000,1.01193,0.08672,0.91328
136.67999,1.01195,0.08161,0.91839
136.80000,1.01193,0.08401,0.91599
136.92000,1.01193,0.07402,0.92598
137.03999,1.01195,0.05124,0.94876
137.16000,1.01193,0.09616,0.90384
137.28000,1.01193,0.07766,0.92234
137.39999,1.01195,0.09577,0.90423
137.52000,1.01193,0.09463,0.90537
137.64000,1.01193,0.05547,0.94453
137.75999,1.01195,0.06474,0.93526
137.88000,1.01193,0.05606,0.94394
138.00000,1.01193,0.02728,0.97272
138.12000,1.01195,0.02638,0.97362
138.24001,1.01193,0.03886,0.96114
138.36000,1.01193,0.01199,0.98801
138.48000,1.01195,0.00896,0.99104
138.60001,1.01193,0.00635,0.99365
138.72000,1.01193,0.00602,0.99398
138.84000,1.01195,0.00589,0.99411
138.96001,1.01193,0.00556,0.99444
139.08000,1.01193,0.01134,0.98866
139.20000,1.01195,0.01144,0.98856
139.32001,1.01193,0.00993,0.99007
139.44000,1.01193,0.01869,0.98131
139.56000,1.01193,0.01196,0.98804
139.67999,1.01195,0.01058,0.98942
139.80000,1.01193,0.00394,0.99606
139.92000,1.01193,0.00497,0.99503
140.03999,1.01195,0.00358,0.99642
140.16000,1.01193,0.00255,0.99745
140.28000,1.01193,0.00374,0.99626
140.39999,1.01195,0.00394,0.99606
140.52000,1.01193,0.00401,0.99599
140.64000,1.01193,0.00698,0.99302
140.75999,1.01195,0.01126,0.98874
140.88000,1.01193,0.02896,0.97104
141.00000,1.01193,0.02507,0.97493
141.12000,1.01195,0.02857,0.97143
141.24001,1.01193,0.02781,0.97219
141.36000,1.01193,0.07582,0.92418
141.48000,1.01195,0.06390,0.93610
141.60001,1.01193,0.08435,0.91565
141.72000,1.01193,0.10812,0.89188
141.84000,1.01195,0.08555,0.91445
141.96001,1.01193,0.08204,0.91796
142.08000,1.01193,0.10057,0.89943
142.20000,1.01195,0.08905,0.91095
142.32001,1.01193,0.09650,0.90350
142.44000,1.01193,0.12139,0.87861
142.56000,1.01193,0.28298,0.71702
142.67999,1.01195,0.12641,0.87359
142.80000,1.01193,0.13415,0.86585
142.92000,1.01193,0.06728,0.93272
143.03999,1.01195,0.09204,0.90796
143.16000,1.01193,0.07379,0.92621
143.28000,1.01193,0.04277,0.95723
143.39999,1.01195,0.04652,0.95348
143.52000,1.01193,0.01985,0.98015
143.64000,1.01193,0.01062,0.98938
143.75999,1.01195,0.00834,0.99166
143.88000,1.01193,0.01739,0.98261
144.00000,1.01193,0.01371,0.98629
144.12000,1.01195,0.00999,0.99001
144.24001,1.01193,0.01129,0.98871
144.36000,1.01193,0.01291,0.98709
144.48000,1.01195,0.02629,0.97371
144.60001,1.01193,0.01519,0.98481
144.72000,1.01193,0.01859,0.98141
144.84000,1.01195,0.02016,0.97984
144.96001,1.01193,0.02474,0.97526
145.08000,1.01193,0.02486,0.97514
145.20000,1.01195,0.02457,0.97543
145.32001,1.01193,0.02528,0.97472
145.44000,1.01193,0.01120,0.98880
145.56000,1.01193,0.01173,0.98827
145.67999,1.01195,0.01815,0.98185
145.80000,1.01193,0.01995,0.98005
145.92000,1.01193,0.03649,0.96351
146.03999,1.01195,0.05526,0.94474
146.16000,1.01193,0.05784,0.94216
146.28000,1.01193,0.05384,0.94616
146.39999,1.01195,0.06277,0.93723
146.52000,1.01193,0.09149,0.90851
146.64000,1.01193,0.08870,0.91130
146.75999,1.01195,0.11355,0.88645
146.88000,1.01193,0.08890,0.91110
147.00000,1.01193,0.10213,0.89787
147.12000,1.01195,0.07497,0.92503
147.24001,1.01193,0.07002,0.92998
147.36000,1.01193,0.03890,0.96110
147.48000,1.01195,0.03906,0.96094
147.60001,1.01193,0.05548,0.94452
147.72000,1.01193,0.04081,0.95919
147.84000,1.01195,0.05985,0.94015
147.96001,1.01193,0.03752,0.96248
148.08000,1.01193,0.05529,0.94471
148.20000,1.01195,0.03327,0.96673
148.32001,1.01193,0.06053,0.93947
148.44000,1.01193,0.02725,0.97275
148.56000,1.01193,0.05142,0.94858
148.67999,1.01195,0.02938,0.97062
148.80000,1.01193,0.02575,0.97425
148.92000,1.01193,0.02661,0.97339
149.03999,1.01195,0.03124,0.96876
149.16000,1.01193,0.03379,0.96621
149.28000,1.01193,0.03329,0.96671
149.39999,1.01195,0.04499,0.95501
149.52000,1.01193,0.04724,0.95276
149.64000,1.01193,0.04291,0.95709
149.75999,1.01195,0.04349,0.95651
149.88000,1.01193,0.02406,0.97594
150.00000,1.01193,0.03817,0.96183
150.12000,1.01195,0.01795,0.98205
150.24001,1.01193,0.01798,0.98202
150.36000,1.01193,0.01418,0.98582
150.48000,1.01195,0.01241,0.98759
150.60001,1.01193,0.00646,0.99354
150.72000,1.01193,0.00825,0.99175
150.84000,1.01195,0.00931,0.99069
150.96001,1.01193,0.00972,0.99028
151.08000,1.01193,0.01876,0.98124
151.20000,1.01195,0.03133,0.96867
151.32001,1.01193,0.03556,0.96444
151.44000,1.01193,0.05187,0.94813
151.56000,1.01193,0.04842,0.95158
151.67999,1.01195,0.07260,0.92740
151.80000,1.01193,0.06059,0.93941
151.92000,1.01193,0.08383,0.91617
152.03999,1.01195,0.08894,0.91106
152.16000,1.01193,0.07298,0.92702
152.28000,1.01193,0.08990,0.91010
152.39999,1.01195,0.07823,0.92177
152.52000,1.01193,0.07682,0.92318
152.64000,1.01193,0.08324,0.91676
152.75999,1.01195,0.06632,0.93368
152.88000,1.01193,0.07289,0.92711
153.00000,1.01193,0.06873,0.93127
153.12000,1.01195,0.07382,0.92618
153.24001,1.01193,0.06842,0.93158
153.36000,1.01193,0.05783,0.94217
153.48000,1.01195,0.04753,0.95247
153.60001,1.01193,0.08958,0.91042
153.72000,1.01193,0.11004,0.88996
153.84000,1.01195,0.11689,0.88311
153.96001,1.01193,0.12227,0.87773
154.08000,1.01193,0.15735,0.84265
154.20000,1.01195,0.20002,0.79998
154.32001,1.01193,0.27113,0.72887
154.44000,1.01193,0.13241,0.86759
154.56000,1.01193,0.19379,0.80621
154.67999,1.01195,0.14365,0.85635
154.80000,1.01193,0.32499,0.67501
154.92000,1.01193,0.05931,0.94069
155.03999,1.01195,0.24076,0.75924
155.16000,1.01193,0.03806,0.96194
155.28000,1.01193,0.14874,0.85126
155.39999,1.01195,0.08093,0.91907
155.52000,1.01193,0.16849,0.83151
155.64000,1.01193,0.17496,0.82504
155.75999,1.01195,0.21174,0.78826
155.88000,1.01193,0.30166,0.69834
156.00000,1.01193,0.31562,0.68438
156.12000,1.01195,0.23660,0.76340
156.24001,1.01193,0.21104,0.78896
156.36000,1.01193,0.26204,0.73796
156.48000,1.01195,0.21890,0.78110
156.60001,1.01193,0.23331,0.76669
156.72000,1.01193,0.19723,0.80277
156.84000,1.01195,0.19516,0.80484
156.96001,1.01193,0.39467,0.60533
157.08000,1.01193,0.33504,0.66496
157.20000,1.01195,0.31639,0.68361
157.32001,1.01193,0.38521,0.61479
157.44000,1.01193,0.29559,0.70441
157.56000,1.01193,0.41836,0.58164
157.67999,1.01195,0.39602,0.60398
157.80000,1.01193,0.30451,0.69549
157.92000,1.01193,0.24725,0.75275
158.03999,1.01195,0.19998,0.80002
158.16000,1.01193,0.18610,0.81390
158.28000,1.01193,0.23225,0.76775
158.39999,1.01195,0.27769,0.72231
158.52000,1.01193,0.30316,0.69684
158.64000,1.01193,0.30698,0.69302
158.75999,1.01195,0.32355,0.67645
158.88000,1.01193,0.23390,0.76610
159.00000,1.01193,0.28958,0.71042
159.12000,1.01195,0.20691,0.79309
159.24001,1.01193,0.20624,0.79376
159.36000,1.01193,0.25851,0.74149
159.48000,1.01195,0.29320,0.70680
159.60001,1.01193,0.43694,0.56306
159.72000,1.01193,0.42515,0.57485
159.84000,1.01195,0.66375,0.33625
159.96001,1.01193,0.63016,0.36984
160.08000,1.01193,0.80477,0.19523
160.20000,1.01195,0.62391,0.37609
160.32001,1.01193,0.75953,0.24047
160.44000,1.01193,0.62184,0.37816
160.56000,1.01193,0.77971,0.22029
160.67999,1.01195,0.58785,0.41215
160.80000,1.01193,0.73053,0.26947
160.92000,1.01193,0.64400,0.35600
161.03999,1.01195,0.72758,0.27242
161.16000,1.01193,0.69222,0.30778
161.28000,1.01193,0.57751,0.42249
161.39999,1.01195,0.38101,0.61899
161.52000,1.01193,0.34644,0.65356
161.64000,1.01193,0.26449,0.73551
161.75999,1.01195,0.28961,0.71039
161.88000,1.01193,0.31786,0.68214
162.00000,1.01193,0.20184,0.79816
162.12000,1.01195,0.33111,0.66889
162.24001,1.01193,0.36657,0.63343
162.36000,1.01193,0.53010,0.46990
162.48000,1.01195,0.44072,0.55928
162.60001,1.01193,0.66076,0.33924
162.72000,1.01193,0.60502,0.39498
162.84000,1.01195,0.64057,0.35943
162.96001,1.01193,0.51648,0.48352
163.08000,1.01193,0.59150,0.40850
163.20000,1.01195,0.47200,0.52800
163.32001,1.01193,0.57795,0.42205
163.44000,1.01193,0.51455,0.48545
163.56000,1.01193,0.58977,0.41023
163.67999,1.01195,0.43165,0.56835
163.80000,1.01193,0.48367,0.51633
163.92000,1.01193,0.52565,0.47435
164.03999,1.01195,0.51310,0.48690
164.16000,1.01193,0.63431,0.36569
164.28000,1.01193,0.50353,0.49647
164.39999,1.01195,0.70693,0.29307
164.52000,1.01193,0.51092,0.48908
164.64000,1.01193,0.70580,0.29420
164.75999,1.01195,0.52245,0.47755
164.88000,1.01193,0.61737,0.38263
165.00000,1.01193,0.62568,0.37432
165.12000,1.01195,0.64526,0.35474
165.24001,1.01193,0.61726,0.38274
165.36000,1.01193,0.58474,0.41526
165.48000,1.01195,0.59278,0.40722
165.60001,1.01193,0.70168,0.29832
165.72000,1.01193,0.54002,0.45998
165.84000,1.01195,0.71746,0.28254
165.96001,1.01193,0.56240,0.43760
166.08000,1.01193,0.69267,0.30733
166.20000,1.01195,0.70175,0.29825
166.32001,1.01193,0.68560,0.31440
166.44000,1.01193,0.58364,0.41636
166.56000,1.01193,0.67597,0.32403
166.67999,1.01195,0.60243,0.39757
