Time (seconds), Duration (seconds),pred_unlabeled,pred_sirens
0.00000,1.01194,0.99812,0.00188
0.12000,1.01194,0.99279,0.00721
0.24000,1.01194,0.97720,0.02280
0.36000,1.01194,0.84517,0.15483
0.48000,1.01194,0.90252,0.09748
0.60000,1.01194,0.14267,0.85733
0.72000,1.01194,0.00760,0.99240
0.84000,1.01194,0.00678,0.99322
0.96000,1.01194,0.00638,0.99362
1.08000,1.01194,0.00388,0.99612
1.20000,1.01194,0.00266,0.99734
1.32000,1.01194,0.00303,0.99697
1.44000,1.01194,0.00152,0.99848
1.56000,1.01194,0.00178,0.99822
1.68000,1.01194,0.00096,0.99904
1.80000,1.01194,0.01156,0.98844
1.92000,1.01194,0.03251,0.96749
2.04000,1.01194,0.07094,0.92906
2.16000,1.01194,0.24221,0.75779
2.28000,1.01194,0.29990,0.70010
2.40000,1.01194,0.69556,0.30444
2.52000,1.01194,0.32849,0.67151
2.64000,1.01194,0.13128,0.86872
2.76000,1.01194,0.01695,0.98305
2.88000,1.01194,0.00861,0.99139
3.00000,1.01194,0.00692,0.99308
3.12000,1.01194,0.01041,0.98959
3.24000,1.01194,0.01489,0.98511
3.36000,1.01194,0.01017,0.98983
3.48000,1.01194,0.01068,0.98932
3.60000,1.01194,0.00941,0.99059
3.72000,1.01194,0.01044,0.98956
3.84000,1.01194,0.00470,0.99530
3.96000,1.01194,0.00490,0.99510
4.08000,1.01194,0.00291,0.99709
4.20000,1.01194,0.00240,0.99760
4.32000,1.01194,0.00173,0.99827
4.44000,1.01194,0.00120,0.99880
4.56000,1.01194,0.00272,0.99728
4.68000,1.01194,0.00370,0.99630
4.80000,1.01194,0.00446,0.99554
4.92000,1.01194,0.00574,0.99426
5.04000,1.01194,0.00963,0.99037
5.16000,1.01194,0.01510,0.98490
5.28000,1.01194,0.01572,0.98428
5.40000,1.01194,0.01281,0.98719
5.52000,1.01194,0.00861,0.99139
5.64000,1.01194,0.00806,0.99194
5.76000,1.01194,0.00461,0.99539
5.88000,1.01194,0.00382,0.99618
6.00000,1.01194,0.00147,0.99853
6.12000,1.01194,0.00225,0.99775
6.24000,1.01194,0.00088,0.99912
6.36000,1.01194,0.00131,0.99869
6.48000,1.01194,0.00088,0.99912
6.60000,1.01194,0.00123,0.99877
6.72000,1.01194,0.00121,0.99879
6.84000,1.01194,0.00557,0.99443
6.96000,1.01194,0.01107,0.98893
7.08000,1.01194,0.02487,0.97513
7.20000,1.01194,0.05941,0.94059
7.32000,1.01194,0.03792,0.96208
7.44000,1.01194,0.11029,0.88971
7.56000,1.01194,0.05885,0.94115
7.68000,1.01194,0.05535,0.94465
7.80000,1.01194,0.04527,0.95473
7.92000,1.01194,0.05271,0.94729
8.04000,1.01194,0.02545,0.97455
8.16000,1.01194,0.01815,0.98185
8.28000,1.01194,0.02842,0.97158
8.40000,1.01194,0.01306,0.98694
8.52000,1.01194,0.01151,0.98849
8.64000,1.01194,0.00505,0.99495
8.76000,1.01194,0.00495,0.99505
8.88000,1.01194,0.00453,0.99547
9.00000,1.01194,0.00315,0.99685
9.12000,1.01194,0.00215,0.99785
9.24000,1.01194,0.00306,0.99694
9.36000,1.01194,0.00480,0.99520
9.48000,1.01194,0.00514,0.99486
9.60000,1.01194,0.00622,0.99378
9.72000,1.01194,0.00997,0.99003
9.84000,1.01194,0.01189,0.98811
9.96000,1.01194,0.01958,0.98042
10.08000,1.01194,0.02202,0.97798
10.20000,1.01194,0.01658,0.98342
10.32000,1.01194,0.01522,0.98478
10.44000,1.01194,0.01352,0.98648
10.56000,1.01194,0.00783,0.99217
10.68000,1.01194,0.00570,0.99430
10.80000,1.01194,0.00297,0.99703
10.92000,1.01194,0.00243,0.99757
11.04000,1.01194,0.00200,0.99800
11.16000,1.01194,0.00155,0.99845
11.28000,1.01194,0.00117,0.99883
11.40000,1.01194,0.00129,0.99871
11.52000,1.01194,0.00253,0.99747
11.64000,1.01194,0.00354,0.99646
11.76000,1.01194,0.00565,0.99435
11.88000,1.01194,0.02524,0.97476
12.00000,1.01194,0.02973,0.97027
12.12000,1.01194,0.02254,0.97746
12.24000,1.01194,0.04713,0.95287
12.36000,1.01194,0.03840,0.96160
12.48000,1.01194,0.05630,0.94370
12.60000,1.01194,0.03750,0.96250
12.72000,1.01194,0.02255,0.97745
12.84000,1.01194,0.01073,0.98927
12.96000,1.01194,0.01461,0.98539
13.08000,1.01194,0.01283,0.98717
13.20000,1.01194,0.01025,0.98975
13.32000,1.01194,0.00805,0.99195
13.44000,1.01194,0.00793,0.99207
13.56000,1.01194,0.00330,0.99670
13.68000,1.01194,0.00319,0.99681
13.80000,1.01194,0.00155,0.99845
13.92000,1.01194,0.00166,0.99834
14.04000,1.01194,0.00125,0.99875
14.16000,1.01194,0.00309,0.99691
14.28000,1.01194,0.00305,0.99695
14.40000,1.01194,0.00560,0.99440
14.52000,1.01194,0.00804,0.99196
14.64000,1.01194,0.01456,0.98544
14.76000,1.01194,0.01897,0.98103
14.88000,1.01194,0.02474,0.97526
15.00000,1.01194,0.01754,0.98246
15.12000,1.01194,0.01546,0.98454
15.24000,1.01194,0.01519,0.98481
15.36000,1.01194,0.01506,0.98494
15.48000,1.01194,0.00586,0.99414
15.60000,1.01194,0.00411,0.99589
15.72000,1.01194,0.00238,0.99762
15.84000,1.01194,0.00284,0.99716
15.96000,1.01194,0.00247,0.99753
16.08000,1.01194,0.00125,0.99875
16.20000,1.01194,0.00144,0.99856
16.32000,1.01194,0.00234,0.99766
16.44000,1.01194,0.00354,0.99646
16.56000,1.01194,0.01050,0.98950
16.68000,1.01194,0.02799,0.97201
16.80000,1.01194,0.02868,0.97132
16.92000,1.01194,0.07671,0.92329
17.04000,1.01194,0.06132,0.93868
17.16000,1.01194,0.09356,0.90644
17.28000,1.01194,0.10782,0.89218
17.40000,1.01194,0.06540,0.93460
17.52000,1.01194,0.04053,0.95947
17.64000,1.01194,0.02746,0.97254
17.76000,1.01194,0.01469,0.98531
17.88000,1.01194,0.02010,0.97990
18.00000,1.01194,0.01120,0.98880
18.12000,1.01194,0.00935,0.99065
18.24000,1.01194,0.00474,0.99526
18.36000,1.01194,0.00345,0.99655
18.48000,1.01194,0.00175,0.99825
18.60000,1.01194,0.00170,0.99830
18.72000,1.01194,0.00111,0.99889
18.84000,1.01194,0.00197,0.99803
18.96000,1.01194,0.00183,0.99817
19.08000,1.01194,0.00391,0.99609
19.20000,1.01194,0.00573,0.99427
19.32000,1.01194,0.00777,0.99223
19.44000,1.01194,0.01393,0.98607
19.56000,1.01194,0.01290,0.98710
19.68000,1.01194,0.01374,0.98626
19.80000,1.01194,0.01082,0.98918
19.92000,1.01194,0.00879,0.99121
20.04000,1.01194,0.00917,0.99083
20.16000,1.01194,0.00696,0.99304
20.28000,1.01194,0.00374,0.99626
20.40000,1.01194,0.00171,0.99829
20.52000,1.01194,0.00178,0.99822
20.64000,1.01194,0.00209,0.99791
20.76000,1.01194,0.00141,0.99859
20.88000,1.01194,0.00098,0.99902
21.00000,1.01194,0.00115,0.99885
21.12000,1.01194,0.00208,0.99792
21.24000,1.01194,0.00359,0.99641
21.36000,1.01194,0.02318,0.97682
21.48000,1.01194,0.02035,0.97965
21.60000,1.01194,0.02755,0.97245
21.72000,1.01194,0.04868,0.95132
21.84000,1.01194,0.07738,0.92262
21.96000,1.01194,0.12028,0.87972
22.08000,1.01194,0.10874,0.89126
22.20000,1.01194,0.08966,0.91034
22.32000,1.01194,0.06105,0.93895
22.44000,1.01194,0.03211,0.96789
22.56000,1.01194,0.02226,0.97774
22.68000,1.01194,0.03626,0.96374
22.80000,1.01194,0.02179,0.97821
22.92000,1.01194,0.02794,0.97206
23.04000,1.01194,0.00664,0.99336
23.16000,1.01194,0.00540,0.99460
23.28000,1.01194,0.00324,0.99676
23.40000,1.01194,0.00254,0.99746
23.52000,1.01194,0.00140,0.99860
23.64000,1.01194,0.00290,0.99710
23.76000,1.01194,0.00274,0.99726
23.88000,1.01194,0.00580,0.99420
24.00000,1.01194,0.00653,0.99347
24.12000,1.01194,0.01243,0.98757
24.24000,1.01194,0.00718,0.99282
24.36000,1.01194,0.01293,0.98707
24.48000,1.01194,0.01451,0.98549
24.60000,1.01194,0.01059,0.98941
24.72000,1.01194,0.00652,0.99348
24.84000,1.01194,0.00995,0.99005
24.96000,1.01194,0.00604,0.99396
25.08000,1.01194,0.00396,0.99604
25.20000,1.01194,0.00227,0.99773
25.32000,1.01194,0.00126,0.99874
25.44000,1.01194,0.00183,0.99817
25.56000,1.01194,0.00151,0.99849
25.68000,1.01194,0.00156,0.99844
25.80000,1.01194,0.00096,0.99904
25.92000,1.01194,0.00180,0.99820
26.04000,1.01194,0.00170,0.99830
26.16000,1.01194,0.02102,0.97898
26.28000,1.01194,0.12296,0.87704
26.40000,1.01194,0.28307,0.71693
26.52000,1.01194,0.37279,0.62721
26.64000,1.01194,0.76520,0.23480
26.76000,1.01194,0.67463,0.32537
26.88000,1.01194,0.75154,0.24846
27.00000,1.01194,0.59383,0.40617
27.12000,1.01194,0.18349,0.81651
27.24000,1.01194,0.01718,0.98282
27.36000,1.01194,0.01668,0.98332
27.48000,1.01194,0.01399,0.98601
27.60000,1.01194,0.01088,0.98912
27.72000,1.01194,0.00517,0.99483
27.84000,1.01194,0.00345,0.99655
27.96000,1.01194,0.00237,0.99763
28.08000,1.01194,0.00176,0.99823
28.20000,1.01194,0.00162,0.99838
28.32000,1.01194,0.00076,0.99924
28.44000,1.01194,0.00128,0.99872
28.56000,1.01194,0.00195,0.99805
28.68000,1.01194,0.00285,0.99715
28.80000,1.01194,0.00297,0.99703
28.92000,1.01194,0.00764,0.99236
29.04000,1.01194,0.00982,0.99018
29.16000,1.01194,0.01599,0.98401
29.28000,1.01194,0.01482,0.98518
29.40000,1.01194,0.01695,0.98305
29.52000,1.01194,0.01133,0.98867
29.64000,1.01194,0.01065,0.98935
29.76000,1.01194,0.00885,0.99115
29.88000,1.01194,0.00516,0.99484
30.00000,1.01194,0.00315,0.99685
30.12000,1.01194,0.00173,0.99827
30.24000,1.01194,0.00129,0.99871
30.36000,1.01194,0.00106,0.99894
30.48000,1.01194,0.00076,0.99924
30.60000,1.01194,0.00063,0.99937
30.72000,1.01194,0.00111,0.99889
30.84000,1.01194,0.01053,0.98947
30.96000,1.01194,0.03669,0.96331
31.08000,1.01194,0.11447,0.88553
31.20000,1.01194,0.35962,0.64038
31.32000,1.01194,0.76506,0.23494
31.44000,1.01194,0.65924,0.34076
31.56000,1.01194,0.68738,0.31262
31.68000,1.01194,0.32932,0.67068
31.80000,1.01194,0.11232,0.88768
31.92000,1.01194,0.02265,0.97735
32.04000,1.01194,0.02717,0.97283
32.16000,1.01194,0.01537,0.98463
32.28000,1.01194,0.02215,0.97785
32.40000,1.01194,0.00956,0.99044
32.52000,1.01194,0.00965,0.99035
32.64000,1.01194,0.00772,0.99228
32.76000,1.01194,0.00762,0.99238
32.88000,1.01194,0.00418,0.99582
33.00000,1.01194,0.00255,0.99745
33.12000,1.01194,0.00331,0.99669
33.24000,1.01194,0.00132,0.99868
33.36000,1.01194,0.00152,0.99848
33.48000,1.01194,0.00210,0.99790
33.60000,1.01194,0.00209,0.99791
33.72000,1.01194,0.00285,0.99715
33.84000,1.01194,0.00702,0.99298
33.96000,1.01194,0.01032,0.98968
34.08000,1.01194,0.01457,0.98543
34.20000,1.01194,0.02482,0.97518
34.32000,1.01194,0.01149,0.98851
34.44000,1.01194,0.01146,0.98854
34.56000,1.01194,0.00906,0.99094
34.68000,1.01194,0.00852,0.99148
34.80000,1.01194,0.00501,0.99499
34.92000,1.01194,0.00308,0.99692
35.04000,1.01194,0.00175,0.99825
35.16000,1.01194,0.00128,0.99872
35.28000,1.01194,0.00143,0.99857
35.40000,1.01194,0.00071,0.99929
35.52000,1.01194,0.00064,0.99936
35.64000,1.01194,0.00150,0.99850
35.76000,1.01194,0.03139,0.96861
35.88000,1.01194,0.01231,0.98769
36.00000,1.01194,0.41704,0.58296
36.12000,1.01194,0.45136,0.54864
36.24000,1.01194,0.56555,0.43445
36.36000,1.01194,0.53169,0.46831
36.48000,1.01194,0.78380,0.21620
36.60000,1.01194,0.15590,0.84410
36.72000,1.01194,0.13877,0.86123
36.84000,1.01194,0.09229,0.90771
36.96000,1.01194,0.08582,0.91418
37.08000,1.01194,0.21410,0.78590
37.20000,1.01194,0.13124,0.86876
37.32000,1.01194,0.23953,0.76047
37.44000,1.01194,0.12528,0.87472
37.56000,1.01194,0.08696,0.91304
37.68000,1.01194,0.03131,0.96869
37.80000,1.01194,0.02058,0.97942
37.92000,1.01194,0.02042,0.97958
38.04000,1.01194,0.01931,0.98069
38.16000,1.01194,0.03105,0.96895
38.28000,1.01194,0.06682,0.93318
38.40000,1.01194,0.05383,0.94617
38.52000,1.01194,0.07121,0.92879
38.64000,1.01194,0.05545,0.94455
38.76000,1.01194,0.05565,0.94435
38.88000,1.01194,0.12324,0.87676
39.00000,1.01194,0.15247,0.84753
39.12000,1.01194,0.10902,0.89098
39.24000,1.01194,0.13502,0.86498
39.36000,1.01194,0.16753,0.83247
39.48000,1.01194,0.20771,0.79229
39.60000,1.01194,0.26794,0.73206
39.72000,1.01194,0.28340,0.71660
39.84000,1.01194,0.22512,0.77488
39.96000,1.01194,0.38541,0.61459
40.08000,1.01194,0.37089,0.62911
40.20000,1.01194,0.37099,0.62901
40.32000,1.01194,0.38076,0.61924
40.44000,1.01194,0.36935,0.63065
40.56000,1.01194,0.46338,0.53662
40.68000,1.01194,0.34914,0.65086
40.80000,1.01194,0.64637,0.35363
40.92000,1.01194,0.51495,0.48505
41.04000,1.01194,0.54601,0.45399
41.16000,1.01194,0.70793,0.29207
41.28000,1.01194,0.73108,0.26892
41.40000,1.01194,0.84279,0.15721
41.52000,1.01194,0.85326,0.14674
41.64000,1.01194,0.86040,0.13960
41.76000,1.01194,0.91434,0.08566
41.88000,1.01194,0.91696,0.08304
42.00000,1.01194,0.91791,0.08209
42.12000,1.01194,0.94107,0.05893
42.24000,1.01194,0.93773,0.06227
42.36000,1.01194,0.95634,0.04366
42.48000,1.01194,0.93993,0.06007
42.60000,1.01194,0.91622,0.08378
42.72000,1.01194,0.96477,0.03523
42.84000,1.01194,0.96305,0.03695
42.96000,1.01194,0.96010,0.03990
43.08000,1.01194,0.95656,0.04344
43.20000,1.01194,0.97114,0.02886
43.32000,1.01194,0.95075,0.04925
43.44000,1.01194,0.96807,0.03193
