Time (seconds), Duration (seconds),pred_unlabeled,pred_sirens
0.00000,1.01194,0.87239,0.12761
0.12000,1.01194,0.78636,0.21364
0.24000,1.01194,0.49915,0.50085
0.36000,1.01194,0.48204,0.51796
0.48000,1.01194,0.17982,0.82018
0.60000,1.01194,0.12831,0.87169
0.72000,1.01194,0.04636,0.95364
0.84000,1.01194,0.06150,0.93850
0.96000,1.01194,0.06353,0.93647
1.08000,1.01194,0.08536,0.91464
1.20000,1.01194,0.07706,0.92294
1.32000,1.01194,0.07557,0.92443
1.44000,1.01194,0.08194,0.91806
1.56000,1.01194,0.07430,0.92570
1.68000,1.01194,0.05583,0.94417
1.80000,1.01194,0.06463,0.93537
1.92000,1.01194,0.04785,0.95215
2.04000,1.01194,0.04602,0.95398
2.16000,1.01194,0.01738,0.98262
2.28000,1.01194,0.03218,0.96782
2.40000,1.01194,0.01635,0.98365
2.52000,1.01194,0.01896,0.98104
2.64000,1.01194,0.01200,0.98800
2.76000,1.01194,0.02244,0.97756
2.88000,1.01194,0.00734,0.99266
3.00000,1.01194,0.01552,0.98448
3.12000,1.01194,0.01697,0.98303
3.24000,1.01194,0.02454,0.97546
3.36000,1.01194,0.01843,0.98157
3.48000,1.01194,0.02319,0.97681
3.60000,1.01194,0.03995,0.96005
3.72000,1.01194,0.03173,0.96827
3.84000,1.01194,0.02081,0.97919
3.96000,1.01194,0.02839,0.97161
4.08000,1.01194,0.00863,0.99137
4.20000,1.01194,0.01541,0.98459
4.32000,1.01194,0.01569,0.98431
4.44000,1.01194,0.00858,0.99142
4.56000,1.01194,0.00956,0.99044
4.68000,1.01194,0.02072,0.97928
4.80000,1.01194,0.01864,0.98136
4.92000,1.01194,0.03019,0.96981
5.04000,1.01194,0.05994,0.94006
5.16000,1.01194,0.06652,0.93348
5.28000,1.01194,0.10122,0.89878
5.40000,1.01194,0.09578,0.90422
5.52000,1.01194,0.15898,0.84102
5.64000,1.01194,0.19375,0.80625
5.76000,1.01194,0.17882,0.82118
5.88000,1.01194,0.37965,0.62035
6.00000,1.01194,0.56652,0.43348
6.12000,1.01194,0.53000,0.47000
6.24000,1.01194,0.76494,0.23506
6.36000,1.01194,0.81674,0.18326
6.48000,1.01194,0.82298,0.17702
6.60000,1.01194,0.87739,0.12261
6.72000,1.01194,0.86847,0.13153
6.84000,1.01194,0.81340,0.18660
6.96000,1.01194,0.39327,0.60673
7.08000,1.01194,0.48346,0.51654
7.20000,1.01194,0.10269,0.89731
7.32000,1.01194,0.13072,0.86928
7.44000,1.01194,0.08240,0.91760
7.56000,1.01194,0.04996,0.95004
7.68000,1.01194,0.07768,0.92232
7.80000,1.01194,0.11450,0.88550
7.92000,1.01194,0.18625,0.81375
8.04000,1.01194,0.22188,0.77812
8.16000,1.01194,0.24634,0.75366
8.28000,1.01194,0.39845,0.60155
8.40000,1.01194,0.23296,0.76704
8.52000,1.01194,0.33231,0.66769
8.64000,1.01194,0.21062,0.78938
8.76000,1.01194,0.17105,0.82895
8.88000,1.01194,0.10522,0.89478
9.00000,1.01194,0.05079,0.94921
9.12000,1.01194,0.02086,0.97914
9.24000,1.01194,0.01645,0.98355
9.36000,1.01194,0.00794,0.99206
9.48000,1.01194,0.00477,0.99523
9.60000,1.01194,0.00599,0.99401
9.72000,1.01194,0.00453,0.99547
9.84000,1.01194,0.00594,0.99406
9.96000,1.01194,0.00382,0.99618
10.08000,1.01194,0.01020,0.98980
10.20000,1.01194,0.00910,0.99090
10.32000,1.01194,0.02845,0.97155
10.44000,1.01194,0.02586,0.97414
10.56000,1.01194,0.01443,0.98557
10.68000,1.01194,0.01026,0.98974
10.80000,1.01194,0.00653,0.99347
10.92000,1.01194,0.01061,0.98939
11.04000,1.01194,0.00927,0.99073
11.16000,1.01194,0.00579,0.99421
11.28000,1.01194,0.01203,0.98797
11.40000,1.01194,0.03387,0.96613
11.52000,1.01194,0.10949,0.89051
11.64000,1.01194,0.12559,0.87441
11.76000,1.01194,0.08696,0.91304
11.88000,1.01194,0.12213,0.87787
12.00000,1.01194,0.17824,0.82176
12.12000,1.01194,0.15407,0.84593
12.24000,1.01194,0.26659,0.73341
12.36000,1.01194,0.40105,0.59895
12.48000,1.01194,0.31546,0.68454
12.60000,1.01194,0.34488,0.65512
12.72000,1.01194,0.31898,0.68102
12.84000,1.01194,0.47580,0.52420
12.96000,1.01194,0.52297,0.47703
13.08000,1.01194,0.47456,0.52544
13.20000,1.01194,0.49820,0.50180
13.32000,1.01194,0.33726,0.66274
13.44000,1.01194,0.58213,0.41787
13.56000,1.01194,0.46949,0.53051
13.68000,1.01194,0.30746,0.69254
13.80000,1.01194,0.16947,0.83053
13.92000,1.01194,0.10357,0.89643
14.04000,1.01194,0.11169,0.88831
14.16000,1.01194,0.04284,0.95716
14.28000,1.01194,0.02730,0.97270
14.40000,1.01194,0.02985,0.97015
14.52000,1.01194,0.03635,0.96365
14.64000,1.01194,0.04306,0.95694
14.76000,1.01194,0.01910,0.98090
14.88000,1.01194,0.03614,0.96386
15.00000,1.01194,0.02323,0.97677
15.12000,1.01194,0.02808,0.97192
15.24000,1.01194,0.03646,0.96354
15.36000,1.01194,0.01569,0.98431
15.48000,1.01194,0.01990,0.98010
15.60000,1.01194,0.03369,0.96631
15.72000,1.01194,0.04524,0.95476
15.84000,1.01194,0.03283,0.96717
15.96000,1.01194,0.02818,0.97182
16.08000,1.01194,0.01680,0.98320
16.20000,1.01194,0.03182,0.96818
16.32000,1.01194,0.01925,0.98075
16.44000,1.01194,0.06788,0.93212
16.56000,1.01194,0.03916,0.96084
16.68000,1.01194,0.05019,0.94981
16.80000,1.01194,0.01164,0.98836
16.92000,1.01194,0.02136,0.97864
17.04000,1.01194,0.02273,0.97727
17.16000,1.01194,0.02065,0.97935
17.28000,1.01194,0.01632,0.98368
17.40000,1.01194,0.03104,0.96896
17.52000,1.01194,0.01218,0.98782
17.64000,1.01194,0.02921,0.97079
17.76000,1.01194,0.01540,0.98460
17.88000,1.01194,0.02621,0.97379
18.00000,1.01194,0.03301,0.96699
18.12000,1.01194,0.01629,0.98371
18.24000,1.01194,0.03452,0.96548
18.36000,1.01194,0.01850,0.98150
18.48000,1.01194,0.03677,0.96323
18.60000,1.01194,0.01718,0.98282
18.72000,1.01194,0.01496,0.98504
18.84000,1.01194,0.01416,0.98584
18.96000,1.01194,0.02453,0.97547
19.08000,1.01194,0.01180,0.98820
19.20000,1.01194,0.01970,0.98030
19.32000,1.01194,0.01740,0.98260
19.44000,1.01194,0.01121,0.98879
19.56000,1.01194,0.02211,0.97789
19.68000,1.01194,0.01322,0.98678
19.80000,1.01194,0.02742,0.97258
19.92000,1.01194,0.02147,0.97853
20.04000,1.01194,0.01260,0.98740
20.16000,1.01194,0.03083,0.96917
20.28000,1.01194,0.01313,0.98687
20.40000,1.01194,0.01420,0.98580
20.52000,1.01194,0.01746,0.98254
20.64000,1.01194,0.01741,0.98259
20.76000,1.01194,0.01968,0.98032
20.88000,1.01194,0.01249,0.98751
21.00000,1.01194,0.01971,0.98029
21.12000,1.01194,0.01928,0.98072
21.24000,1.01194,0.01839,0.98161
21.36000,1.01194,0.01965,0.98035
21.48000,1.01194,0.01513,0.98487
21.60000,1.01194,0.01167,0.98833
21.72000,1.01194,0.02761,0.97239
21.84000,1.01194,0.02749,0.97251
21.96000,1.01194,0.02951,0.97049
22.08000,1.01194,0.01947,0.98053
22.20000,1.01194,0.02268,0.97732
22.32000,1.01194,0.06233,0.93767
22.44000,1.01194,0.03767,0.96233
22.56000,1.01194,0.09694,0.90306
22.68000,1.01194,0.06022,0.93978
22.80000,1.01194,0.04125,0.95875
22.92000,1.01194,0.07800,0.92200
23.04000,1.01194,0.08029,0.91971
23.16000,1.01194,0.07082,0.92918
23.28000,1.01194,0.03637,0.96363
23.40000,1.01194,0.03876,0.96124
23.52000,1.01194,0.02536,0.97464
23.64000,1.01194,0.04912,0.95088
23.76000,1.01194,0.01882,0.98118
23.88000,1.01194,0.03596,0.96404
24.00000,1.01194,0.01819,0.98181
24.12000,1.01194,0.03579,0.96421
24.24000,1.01194,0.03894,0.96106
24.36000,1.01194,0.03518,0.96482
24.48000,1.01194,0.02542,0.97458
24.60000,1.01194,0.02335,0.97665
24.72000,1.01194,0.02142,0.97858
24.84000,1.01194,0.01836,0.98164
24.96000,1.01194,0.01579,0.98421
25.08000,1.01194,0.01824,0.98176
25.20000,1.01194,0.01326,0.98674
25.32000,1.01194,0.01680,0.98320
25.44000,1.01194,0.01496,0.98504
25.56000,1.01194,0.01771,0.98229
25.68000,1.01194,0.02165,0.97835
25.80000,1.01194,0.02775,0.97225
25.92000,1.01194,0.02959,0.97041
26.04000,1.01194,0.05797,0.94203
26.16000,1.01194,0.04115,0.95885
26.28000,1.01194,0.03554,0.96446
26.40000,1.01194,0.03066,0.96934
26.52000,1.01194,0.04197,0.95803
26.64000,1.01194,0.04600,0.95400
26.76000,1.01194,0.05330,0.94670
26.88000,1.01194,0.07285,0.92715
27.00000,1.01194,0.10570,0.89430
27.12000,1.01194,0.06695,0.93305
27.24000,1.01194,0.06650,0.93350
27.36000,1.01194,0.04891,0.95109
27.48000,1.01194,0.07209,0.92791
27.60000,1.01194,0.06373,0.93627
27.72000,1.01194,0.08061,0.91939
27.84000,1.01194,0.05823,0.94177
27.96000,1.01194,0.08011,0.91989
28.08000,1.01194,0.14085,0.85915
28.20000,1.01194,0.22644,0.77356
28.32000,1.01194,0.27464,0.72536
28.44000,1.01194,0.42860,0.57140
28.56000,1.01194,0.59465,0.40535
28.68000,1.01194,0.66648,0.33352
28.80000,1.01194,0.76668,0.23332
28.92000,1.01194,0.76160,0.23840
29.04000,1.01194,0.77019,0.22981
29.16000,1.01194,0.74839,0.25161
29.28000,1.01194,0.65260,0.34740
29.40000,1.01194,0.67387,0.32613
29.52000,1.01194,0.52031,0.47969
29.64000,1.01194,0.39762,0.60238
29.76000,1.01194,0.14455,0.85545
29.88000,1.01194,0.12664,0.87336
30.00000,1.01194,0.07612,0.92388
30.12000,1.01194,0.05991,0.94009
30.24000,1.01194,0.06773,0.93227
30.36000,1.01194,0.04550,0.95450
30.48000,1.01194,0.05832,0.94168
30.60000,1.01194,0.04582,0.95418
30.72000,1.01194,0.04493,0.95507
30.84000,1.01194,0.02926,0.97074
30.96000,1.01194,0.08145,0.91855
31.08000,1.01194,0.04092,0.95908
31.20000,1.01194,0.06590,0.93410
31.32000,1.01194,0.05615,0.94385
31.44000,1.01194,0.14028,0.85972
31.56000,1.01194,0.09067,0.90933
31.68000,1.01194,0.26729,0.73271
31.80000,1.01194,0.10787,0.89213
31.92000,1.01194,0.18521,0.81479
32.04000,1.01194,0.11324,0.88676
32.16000,1.01194,0.19171,0.80829
32.28000,1.01194,0.08698,0.91302
32.40000,1.01194,0.04789,0.95211
32.52000,1.01194,0.05499,0.94501
32.64000,1.01194,0.01640,0.98360
32.76000,1.01194,0.05054,0.94946
32.88000,1.01194,0.02235,0.97765
33.00000,1.01194,0.06074,0.93926
33.12000,1.01194,0.03149,0.96851
33.24000,1.01194,0.03435,0.96565
33.36000,1.01194,0.09246,0.90754
33.48000,1.01194,0.04409,0.95591
33.60000,1.01194,0.05227,0.94773
33.72000,1.01194,0.08687,0.91313
33.84000,1.01194,0.18047,0.81953
33.96000,1.01194,0.21203,0.78797
34.08000,1.01194,0.31167,0.68833
34.20000,1.01194,0.27323,0.72677
34.32000,1.01194,0.28734,0.71266
34.44000,1.01194,0.25055,0.74945
34.56000,1.01194,0.21922,0.78078
34.68000,1.01194,0.33775,0.66225
34.80000,1.01194,0.23043,0.76957
34.92000,1.01194,0.39288,0.60712
35.04000,1.01194,0.45673,0.54327
35.16000,1.01194,0.56908,0.43092
35.28000,1.01194,0.54051,0.45949
35.40000,1.01194,0.73999,0.26001
35.52000,1.01194,0.70217,0.29783
35.64000,1.01194,0.75549,0.24451
35.76000,1.01194,0.69863,0.30137
35.88000,1.01194,0.79857,0.20143
36.00000,1.01194,0.71021,0.28979
36.12000,1.01194,0.79959,0.20041
36.24000,1.01194,0.79496,0.20504
36.36000,1.01194,0.74471,0.25529
36.48000,1.01194,0.69847,0.30153
36.60000,1.01194,0.72590,0.27410
36.72000,1.01194,0.79299,0.20701
36.84000,1.01194,0.62034,0.37966
36.96000,1.01194,0.67420,0.32580
37.08000,1.01194,0.50456,0.49544
37.20000,1.01194,0.61451,0.38549
37.32000,1.01194,0.59704,0.40296
37.44000,1.01194,0.64940,0.35060
37.56000,1.01194,0.55986,0.44014
37.68000,1.01194,0.62409,0.37591
37.80000,1.01194,0.61135,0.38865
37.92000,1.01194,0.60188,0.39812
38.04000,1.01194,0.65015,0.34985
38.16000,1.01194,0.59248,0.40752
38.28000,1.01194,0.54667,0.45333
38.40000,1.01194,0.49530,0.50470
38.52000,1.01194,0.43394,0.56606
38.64000,1.01194,0.54844,0.45156
38.76000,1.01194,0.43882,0.56118
38.88000,1.01194,0.51052,0.48948
39.00000,1.01194,0.52300,0.47700
39.12000,1.01194,0.45324,0.54676
39.24000,1.01194,0.57180,0.42820
39.36000,1.01194,0.57106,0.42894
39.48000,1.01194,0.70022,0.29978
39.60000,1.01194,0.53895,0.46105
39.72000,1.01194,0.70450,0.29550
39.84000,1.01194,0.63026,0.36974
39.96000,1.01194,0.78454,0.21546
40.08000,1.01194,0.67264,0.32736
40.20000,1.01194,0.63386,0.36614
40.32000,1.01194,0.68594,0.31406
40.44000,1.01194,0.53249,0.46751
40.56000,1.01194,0.65314,0.34686
40.68000,1.01194,0.64774,0.35226
40.80000,1.01194,0.69100,0.30900
40.92000,1.01194,0.76991,0.23009
41.04000,1.01194,0.73109,0.26891
41.16000,1.01194,0.77361,0.22639
41.28000,1.01194,0.74938,0.25062
41.40000,1.01194,0.80099,0.19901
