Time (seconds), Duration (seconds),pred_unlabeled,pred_sirens
0.00000,1.01194,0.73255,0.26745
0.12000,1.01194,0.72825,0.27175
0.24000,1.01194,0.72941,0.27059
0.36000,1.01194,0.66825,0.33175
0.48000,1.01194,0.67311,0.32689
0.60000,1.01194,0.69638,0.30362
0.72000,1.01194,0.69329,0.30671
0.84000,1.01194,0.64919,0.35081
0.96000,1.01194,0.68773,0.31227
1.08000,1.01194,0.65269,0.34731
1.20000,1.01194,0.69194,0.30806
1.32000,1.01194,0.58183,0.41817
1.44000,1.01194,0.67137,0.32863
1.56000,1.01194,0.66358,0.33642
1.68000,1.01194,0.71474,0.28526
1.80000,1.01194,0.66151,0.33849
1.92000,1.01194,0.69396,0.30604
2.04000,1.01194,0.69724,0.30276
2.16000,1.01194,0.73221,0.26779
2.28000,1.01194,0.67315,0.32685
2.40000,1.01194,0.69088,0.30912
2.52000,1.01194,0.74868,0.25132
2.64000,1.01194,0.67438,0.32562
2.76000,1.01194,0.73557,0.26443
2.88000,1.01194,0.65565,0.34435
3.00000,1.01194,0.73549,0.26451
3.12000,1.01194,0.61222,0.38778
3.24000,1.01194,0.66589,0.33411
3.36000,1.01194,0.66056,0.33944
3.48000,1.01194,0.68771,0.31229
3.60000,1.01194,0.64042,0.35958
3.72000,1.01194,0.74914,0.25086
3.84000,1.01194,0.69603,0.30397
3.96000,1.01194,0.70496,0.29504
4.08000,1.01194,0.67629,0.32371
4.20000,1.01194,0.73547,0.26453
4.32000,1.01194,0.69691,0.30309
4.44000,1.01194,0.69634,0.30366
4.56000,1.01194,0.63685,0.36315
4.68000,1.01194,0.72695,0.27305
4.80000,1.01194,0.70824,0.29176
4.92000,1.01194,0.67651,0.32349
5.04000,1.01194,0.74476,0.25524
5.16000,1.01194,0.71529,0.28471
5.28000,1.01194,0.74957,0.25043
5.40000,1.01194,0.61511,0.38489
5.52000,1.01194,0.71224,0.28776
5.64000,1.01194,0.75089,0.24911
5.76000,1.01194,0.75887,0.24113
5.88000,1.01194,0.76963,0.23037
6.00000,1.01194,0.80214,0.19786
6.12000,1.01194,0.82258,0.17742
6.24000,1.01194,0.88125,0.11875
6.36000,1.01194,0.86600,0.13400
6.48000,1.01194,0.93050,0.06950
6.60000,1.01194,0.87627,0.12373
6.72000,1.01194,0.90773,0.09227
6.84000,1.01194,0.92500,0.07500
6.96000,1.01194,0.90944,0.09056
7.08000,1.01194,0.89518,0.10482
7.20000,1.01194,0.89535,0.10465
7.32000,1.01194,0.81776,0.18224
7.44000,1.01194,0.85828,0.14172
7.56000,1.01194,0.83180,0.16820
7.68000,1.01194,0.84722,0.15278
7.80000,1.01194,0.79040,0.20960
7.92000,1.01194,0.86345,0.13655
8.04000,1.01194,0.82127,0.17873
8.16000,1.01194,0.85769,0.14231
8.28000,1.01194,0.77927,0.22073
8.40000,1.01194,0.82863,0.17137
8.52000,1.01194,0.80426,0.19574
8.64000,1.01194,0.89548,0.10452
8.76000,1.01194,0.81125,0.18875
8.88000,1.01194,0.90745,0.09255
9.00000,1.01194,0.85564,0.14436
9.12000,1.01194,0.86453,0.13547
9.24000,1.01194,0.81577,0.18423
9.36000,1.01194,0.78426,0.21574
9.48000,1.01194,0.89758,0.10242
9.60000,1.01194,0.84052,0.15948
9.72000,1.01194,0.81475,0.18525
9.84000,1.01194,0.84670,0.15330
9.96000,1.01194,0.85325,0.14675
10.08000,1.01194,0.87033,0.12967
10.20000,1.01194,0.70661,0.29339
10.32000,1.01194,0.85363,0.14637
10.44000,1.01194,0.64039,0.35961
10.56000,1.01194,0.85629,0.14371
10.68000,1.01194,0.59588,0.40412
10.80000,1.01194,0.80784,0.19216
10.92000,1.01194,0.52038,0.47962
11.04000,1.01194,0.66159,0.33841
11.16000,1.01194,0.57455,0.42545
11.28000,1.01194,0.65768,0.34232
11.40000,1.01194,0.63968,0.36032
11.52000,1.01194,0.53842,0.46158
11.64000,1.01194,0.75586,0.24414
11.76000,1.01194,0.70676,0.29324
11.88000,1.01194,0.72127,0.27873
12.00000,1.01194,0.62364,0.37636
12.12000,1.01194,0.68623,0.31377
12.24000,1.01194,0.68835,0.31165
12.36000,1.01194,0.57102,0.42898
12.48000,1.01194,0.68392,0.31608
12.60000,1.01194,0.59183,0.40817
12.72000,1.01194,0.57903,0.42097
12.84000,1.01194,0.66967,0.33033
12.96000,1.01194,0.62354,0.37646
13.08000,1.01194,0.66587,0.33413
13.20000,1.01194,0.58874,0.41126
13.32000,1.01194,0.71859,0.28141
13.44000,1.01194,0.62213,0.37787
13.56000,1.01194,0.69637,0.30363
13.68000,1.01194,0.79300,0.20700
13.80000,1.01194,0.75810,0.24190
13.92000,1.01194,0.80889,0.19111
14.04000,1.01194,0.82981,0.17019
14.16000,1.01194,0.87378,0.12622
14.28000,1.01194,0.85115,0.14885
14.40000,1.01194,0.81757,0.18243
14.52000,1.01194,0.85235,0.14765
14.64000,1.01194,0.85653,0.14347
14.76000,1.01194,0.90441,0.09559
14.88000,1.01194,0.86051,0.13949
15.00000,1.01194,0.87525,0.12475
15.12000,1.01194,0.95240,0.04760
15.24000,1.01194,0.84230,0.15770
15.36000,1.01194,0.94778,0.05222
15.48000,1.01194,0.90767,0.09233
15.60000,1.01194,0.93851,0.06149
15.72000,1.01194,0.91341,0.08659
15.84000,1.01194,0.91991,0.08009
15.96000,1.01194,0.89283,0.10717
16.08000,1.01194,0.93584,0.06416
16.20000,1.01194,0.91872,0.08128
16.32000,1.01194,0.89824,0.10176
16.44000,1.01194,0.92937,0.07063
16.56000,1.01194,0.89625,0.10375
16.68000,1.01194,0.83671,0.16329
16.80000,1.01194,0.90544,0.09456
16.92000,1.01194,0.81753,0.18247
17.04000,1.01194,0.84405,0.15595
17.16000,1.01194,0.85252,0.14748
17.28000,1.01194,0.80102,0.19898
17.40000,1.01194,0.89962,0.10038
17.52000,1.01194,0.73352,0.26648
17.64000,1.01194,0.92355,0.07645
17.76000,1.01194,0.77775,0.22225
17.88000,1.01194,0.92839,0.07161
18.00000,1.01194,0.82101,0.17899
18.12000,1.01194,0.90524,0.09476
18.24000,1.01194,0.85928,0.14072
18.36000,1.01194,0.83472,0.16528
18.48000,1.01194,0.84187,0.15813
18.60000,1.01194,0.78043,0.21957
18.72000,1.01194,0.82440,0.17560
18.84000,1.01194,0.79597,0.20403
18.96000,1.01194,0.80420,0.19580
19.08000,1.01194,0.84799,0.15201
19.20000,1.01194,0.78505,0.21495
19.32000,1.01194,0.78398,0.21602
19.44000,1.01194,0.78722,0.21278
19.56000,1.01194,0.76217,0.23783
19.68000,1.01194,0.83724,0.16276
19.80000,1.01194,0.76831,0.23169
19.92000,1.01194,0.80879,0.19121
20.04000,1.01194,0.75931,0.24069
20.16000,1.01194,0.77461,0.22539
20.28000,1.01194,0.79606,0.20394
20.40000,1.01194,0.73289,0.26711
20.52000,1.01194,0.76132,0.23868
20.64000,1.01194,0.73314,0.26686
20.76000,1.01194,0.76538,0.23462
20.88000,1.01194,0.78634,0.21366
21.00000,1.01194,0.67604,0.32396
21.12000,1.01194,0.72298,0.27702
21.24000,1.01194,0.69920,0.30080
21.36000,1.01194,0.73522,0.26478
21.48000,1.01194,0.67431,0.32569
21.60000,1.01194,0.76684,0.23316
21.72000,1.01194,0.72949,0.27051
21.84000,1.01194,0.76645,0.23355
21.96000,1.01194,0.76241,0.23759
22.08000,1.01194,0.73205,0.26795
22.20000,1.01194,0.71496,0.28504
22.32000,1.01194,0.67248,0.32752
22.44000,1.01194,0.71243,0.28757
22.56000,1.01194,0.65796,0.34204
22.68000,1.01194,0.68425,0.31575
22.80000,1.01194,0.64723,0.35277
22.92000,1.01194,0.65977,0.34023
23.04000,1.01194,0.68937,0.31063
23.16000,1.01194,0.68410,0.31590
23.28000,1.01194,0.72693,0.27307
23.40000,1.01194,0.64200,0.35800
23.52000,1.01194,0.69763,0.30237
23.64000,1.01194,0.69110,0.30890
23.76000,1.01194,0.70932,0.29068
23.88000,1.01194,0.75289,0.24711
24.00000,1.01194,0.73619,0.26381
24.12000,1.01194,0.77341,0.22659
24.24000,1.01194,0.77422,0.22578
24.36000,1.01194,0.77264,0.22736
24.48000,1.01194,0.68460,0.31540
24.60000,1.01194,0.65634,0.34366
24.72000,1.01194,0.69259,0.30741
24.84000,1.01194,0.72705,0.27295
24.96000,1.01194,0.75512,0.24488
25.08000,1.01194,0.72435,0.27565
25.20000,1.01194,0.76558,0.23442
25.32000,1.01194,0.70122,0.29878
25.44000,1.01194,0.74908,0.25092
25.56000,1.01194,0.70768,0.29232
25.68000,1.01194,0.59750,0.40251
25.80000,1.01194,0.69983,0.30017
25.92000,1.01194,0.50015,0.49985
26.04000,1.01194,0.67091,0.32909
26.16000,1.01194,0.49250,0.50750
26.28000,1.01194,0.70697,0.29303
26.40000,1.01194,0.61817,0.38183
26.52000,1.01194,0.68709,0.31291
26.64000,1.01194,0.64848,0.35152
26.76000,1.01194,0.72451,0.27549
26.88000,1.01194,0.74326,0.25674
27.00000,1.01194,0.75812,0.24188
27.12000,1.01194,0.75655,0.24345
27.24000,1.01194,0.75657,0.24343
27.36000,1.01194,0.77687,0.22313
27.48000,1.01194,0.76889,0.23111
27.60000,1.01194,0.72937,0.27063
27.72000,1.01194,0.75661,0.24339
27.84000,1.01194,0.75399,0.24601
27.96000,1.01194,0.74004,0.25996
28.08000,1.01194,0.77183,0.22817
28.20000,1.01194,0.69932,0.30068
28.32000,1.01194,0.75066,0.24934
28.44000,1.01194,0.64900,0.35100
28.56000,1.01194,0.69157,0.30843
28.68000,1.01194,0.69080,0.30920
28.80000,1.01194,0.66725,0.33275
28.92000,1.01194,0.61096,0.38904
29.04000,1.01194,0.53089,0.46911
29.16000,1.01194,0.55572,0.44428
29.28000,1.01194,0.52188,0.47812
29.40000,1.01194,0.55654,0.44346
29.52000,1.01194,0.56134,0.43866
29.64000,1.01194,0.60164,0.39836
29.76000,1.01194,0.61792,0.38208
29.88000,1.01194,0.65013,0.34987
30.00000,1.01194,0.69734,0.30266
30.12000,1.01194,0.70475,0.29525
30.24000,1.01194,0.71075,0.28925
30.36000,1.01194,0.75250,0.24750
30.48000,1.01194,0.75235,0.24765
30.60000,1.01194,0.75389,0.24611
30.72000,1.01194,0.77565,0.22435
30.84000,1.01194,0.80767,0.19233
30.96000,1.01194,0.75909,0.24091
31.08000,1.01194,0.73243,0.26757
31.20000,1.01194,0.74240,0.25760
31.32000,1.01194,0.71081,0.28919
31.44000,1.01194,0.73804,0.26196
31.56000,1.01194,0.66907,0.33093
31.68000,1.01194,0.72754,0.27246
31.80000,1.01194,0.73302,0.26698
31.92000,1.01194,0.73084,0.26916
32.04000,1.01194,0.73207,0.26793
32.16000,1.01194,0.76494,0.23506
32.28000,1.01194,0.74396,0.25604
32.40000,1.01194,0.79428,0.20572
32.52000,1.01194,0.73694,0.26306
32.64000,1.01194,0.77021,0.22979
32.76000,1.01194,0.76129,0.23871
32.88000,1.01194,0.72556,0.27444
33.00000,1.01194,0.74827,0.25173
33.12000,1.01194,0.74000,0.26000
33.24000,1.01194,0.71857,0.28143
33.36000,1.01194,0.71425,0.28575
33.48000,1.01194,0.70497,0.29503
33.60000,1.01194,0.72515,0.27485
33.72000,1.01194,0.68261,0.31739
33.84000,1.01194,0.75793,0.24207
33.96000,1.01194,0.75478,0.24522
34.08000,1.01194,0.75182,0.24818
34.20000,1.01194,0.74561,0.25439
34.32000,1.01194,0.75220,0.24780
34.44000,1.01194,0.70634,0.29366
34.56000,1.01194,0.73278,0.26722
34.68000,1.01194,0.77078,0.22922
34.80000,1.01194,0.75619,0.24381
34.92000,1.01194,0.74938,0.25062
35.04000,1.01194,0.75284,0.24716
35.16000,1.01194,0.76440,0.23560
35.28000,1.01194,0.76134,0.23866
35.40000,1.01194,0.74945,0.25055
35.52000,1.01194,0.75082,0.24918
35.64000,1.01194,0.70739,0.29261
35.76000,1.01194,0.75909,0.24091
35.88000,1.01194,0.70538,0.29462
36.00000,1.01194,0.74952,0.25048
36.12000,1.01194,0.69510,0.30490
36.24000,1.01194,0.72121,0.27879
36.36000,1.01194,0.68143,0.31857
36.48000,1.01194,0.76534,0.23466
36.60000,1.01194,0.77664,0.22336
36.72000,1.01194,0.77927,0.22073
36.84000,1.01194,0.75550,0.24450
36.96000,1.01194,0.79573,0.20427
37.08000,1.01194,0.76892,0.23108
37.20000,1.01194,0.78153,0.21847
37.32000,1.01194,0.76959,0.23041
37.44000,1.01194,0.77045,0.22955
37.56000,1.01194,0.73740,0.26260
37.68000,1.01194,0.76997,0.23003
37.80000,1.01194,0.76332,0.23668
37.92000,1.01194,0.72584,0.27416
38.04000,1.01194,0.77208,0.22792
38.16000,1.01194,0.77386,0.22614
38.28000,1.01194,0.76409,0.23591
38.40000,1.01194,0.76142,0.23858
38.52000,1.01194,0.75609,0.24391
38.64000,1.01194,0.73542,0.26458
38.76000,1.01194,0.73615,0.26385
38.88000,1.01194,0.76072,0.23928
39.00000,1.01194,0.71769,0.28231
39.12000,1.01194,0.68606,0.31394
39.24000,1.01194,0.72362,0.27638
39.36000,1.01194,0.73612,0.26388
39.48000,1.01194,0.73998,0.26002
39.60000,1.01194,0.73498,0.26502
39.72000,1.01194,0.74928,0.25072
39.84000,1.01194,0.76353,0.23647
39.96000,1.01194,0.72427,0.27573
40.08000,1.01194,0.75665,0.24335
40.20000,1.01194,0.73194,0.26806
40.32000,1.01194,0.78818,0.21182
40.44000,1.01194,0.73278,0.26722
40.56000,1.01194,0.74675,0.25325
40.68000,1.01194,0.77541,0.22459
40.80000,1.01194,0.73304,0.26696
40.92000,1.01194,0.75528,0.24472
41.04000,1.01194,0.71332,0.28668
41.16000,1.01194,0.73033,0.26967
41.28000,1.01194,0.69202,0.30798
41.40000,1.01194,0.73331,0.26669
41.52000,1.01194,0.72832,0.27168
41.64000,1.01194,0.65682,0.34318
41.76000,1.01194,0.73967,0.26033
41.88000,1.01194,0.62800,0.37200
42.00000,1.01194,0.75688,0.24312
42.12000,1.01194,0.60410,0.39590
42.24000,1.01194,0.75098,0.24902
42.36000,1.01194,0.58866,0.41134
42.48000,1.01194,0.71233,0.28767
42.60000,1.01194,0.69667,0.30333
42.72000,1.01194,0.70021,0.29979
42.84000,1.01194,0.74499,0.25501
42.96000,1.01194,0.73407,0.26593
43.08000,1.01194,0.74792,0.25208
43.20000,1.01194,0.80141,0.19859
43.32000,1.01194,0.75248,0.24752
43.44000,1.01194,0.77266,0.22734
43.56000,1.01194,0.75955,0.24045
43.68000,1.01194,0.77374,0.22626
43.80000,1.01194,0.75474,0.24526
43.92000,1.01194,0.75979,0.24021
44.04000,1.01194,0.77629,0.22371
44.16000,1.01194,0.77417,0.22583
44.28000,1.01194,0.77960,0.22040
44.40000,1.01194,0.76963,0.23037
44.52000,1.01194,0.79911,0.20089
44.64000,1.01194,0.79262,0.20738
44.76000,1.01194,0.79446,0.20554
44.88000,1.01194,0.77037,0.22963
45.00000,1.01194,0.78037,0.21963
45.12000,1.01194,0.76133,0.23867
45.24000,1.01194,0.77571,0.22429
45.36000,1.01194,0.76477,0.23523
45.48000,1.01194,0.78133,0.21867
45.60000,1.01194,0.76960,0.23040
45.72000,1.01194,0.78782,0.21218
45.84000,1.01194,0.77064,0.22936
45.96000,1.01194,0.81061,0.18939
46.08000,1.01194,0.79134,0.20866
46.20000,1.01194,0.78148,0.21852
46.32000,1.01194,0.78635,0.21365
46.44000,1.01194,0.74048,0.25952
46.56000,1.01194,0.76041,0.23959
46.68000,1.01194,0.76485,0.23515
46.80000,1.01194,0.75314,0.24686
46.92000,1.01194,0.74425,0.25575
47.04000,1.01194,0.75306,0.24694
47.16000,1.01194,0.71615,0.28385
47.28000,1.01194,0.76647,0.23353
47.40000,1.01194,0.73125,0.26875
47.52000,1.01194,0.76712,0.23288
47.64000,1.01194,0.72462,0.27538
47.76000,1.01194,0.75946,0.24054
47.88000,1.01194,0.76498,0.23502
48.00000,1.01194,0.77127,0.22873
48.12000,1.01194,0.78375,0.21625
48.24000,1.01194,0.75523,0.24477
48.36000,1.01194,0.72248,0.27752
48.48000,1.01194,0.74521,0.25479
48.60000,1.01194,0.75458,0.24542
48.72000,1.01194,0.76663,0.23337
48.84000,1.01194,0.74279,0.25721
48.96000,1.01194,0.78116,0.21884
49.08000,1.01194,0.74183,0.25817
49.20000,1.01194,0.76637,0.23363
49.32000,1.01194,0.77839,0.22161
49.44000,1.01194,0.76321,0.23679
49.56000,1.01194,0.78121,0.21879
49.68000,1.01194,0.75453,0.24547
49.80000,1.01194,0.74821,0.25179
49.92000,1.01194,0.77052,0.22948
50.04000,1.01194,0.76748,0.23252
50.16000,1.01194,0.74322,0.25678
50.28000,1.01194,0.74714,0.25286
50.40000,1.01194,0.75997,0.24003
50.52000,1.01194,0.72396,0.27604
50.64000,1.01194,0.73774,0.26226
50.76000,1.01194,0.74008,0.25992
50.88000,1.01194,0.72749,0.27251
51.00000,1.01194,0.74588,0.25412
51.12000,1.01194,0.73736,0.26264
51.24000,1.01194,0.75582,0.24418
51.36000,1.01194,0.76620,0.23380
51.48000,1.01194,0.72744,0.27256
51.60000,1.01194,0.78106,0.21894
51.72000,1.01194,0.64344,0.35656
51.84000,1.01194,0.74228,0.25772
51.96000,1.01194,0.66466,0.33534
52.08000,1.01194,0.73906,0.26094
52.20000,1.01194,0.65047,0.34953
52.32000,1.01194,0.64709,0.35291
52.44000,1.01194,0.69976,0.30024
52.56000,1.01194,0.69560,0.30440
52.68000,1.01194,0.68505,0.31495
52.80000,1.01194,0.66987,0.33013
52.92000,1.01194,0.69248,0.30752
53.04000,1.01194,0.71831,0.28169
53.16000,1.01194,0.75817,0.24183
53.28000,1.01194,0.78321,0.21679
53.40000,1.01194,0.76998,0.23002
53.52000,1.01194,0.77652,0.22348
53.64000,1.01194,0.76724,0.23276
53.76000,1.01194,0.76525,0.23475
53.88000,1.01194,0.75841,0.24159
54.00000,1.01194,0.77338,0.22662
54.12000,1.01194,0.74552,0.25448
54.24000,1.01194,0.75138,0.24862
54.36000,1.01194,0.74023,0.25977
54.48000,1.01194,0.76802,0.23198
54.60000,1.01194,0.70410,0.29590
54.72000,1.01194,0.76950,0.23050
54.84000,1.01194,0.74599,0.25401
54.96000,1.01194,0.78193,0.21807
55.08000,1.01194,0.76198,0.23802
55.20000,1.01194,0.77276,0.22724
55.32000,1.01194,0.79773,0.20227
55.44000,1.01194,0.74656,0.25344
55.56000,1.01194,0.79553,0.20447
55.68000,1.01194,0.75379,0.24621
55.80000,1.01194,0.76708,0.23292
55.92000,1.01194,0.77849,0.22151
56.04000,1.01194,0.80477,0.19523
56.16000,1.01194,0.76284,0.23716
56.28000,1.01194,0.73105,0.26895
56.40000,1.01194,0.77556,0.22444
56.52000,1.01194,0.69603,0.30397
56.64000,1.01194,0.71876,0.28124
56.76000,1.01194,0.79402,0.20598
56.88000,1.01194,0.74185,0.25815
57.00000,1.01194,0.83453,0.16547
57.12000,1.01194,0.78026,0.21974
57.24000,1.01194,0.84457,0.15543
57.36000,1.01194,0.75979,0.24021
57.48000,1.01194,0.80314,0.19686
57.60000,1.01194,0.84953,0.15047
57.72000,1.01194,0.84221,0.15779
57.84000,1.01194,0.87613,0.12387
57.96000,1.01194,0.83588,0.16412
58.08000,1.01194,0.85454,0.14546
58.20000,1.01194,0.80262,0.19738
58.32000,1.01194,0.83124,0.16876
58.44000,1.01194,0.78111,0.21889
58.56000,1.01194,0.80416,0.19584
58.68000,1.01194,0.83722,0.16278
58.80000,1.01194,0.83425,0.16575
58.92000,1.01194,0.81407,0.18593
59.04000,1.01194,0.83911,0.16089
59.16000,1.01194,0.83651,0.16349
59.28000,1.01194,0.86381,0.13619
59.40000,1.01194,0.78964,0.21036
59.52000,1.01194,0.81893,0.18107
59.64000,1.01194,0.79949,0.20051
59.76000,1.01194,0.83099,0.16901
59.88000,1.01194,0.85569,0.14431
60.00000,1.01194,0.80915,0.19085
60.12000,1.01194,0.85279,0.14721
60.24000,1.01194,0.80967,0.19033
60.36000,1.01194,0.82106,0.17894
60.48000,1.01194,0.84538,0.15462
60.60000,1.01194,0.79998,0.20002
60.72000,1.01194,0.84103,0.15897
60.84000,1.01194,0.81228,0.18772
60.96000,1.01194,0.78522,0.21478
61.08000,1.01194,0.82287,0.17713
61.20000,1.01194,0.80789,0.19211
61.32000,1.01194,0.88178,0.11822
61.44000,1.01194,0.79200,0.20800
61.56000,1.01194,0.84912,0.15088
61.68000,1.01194,0.74000,0.26000
61.80000,1.01194,0.86796,0.13204
61.92000,1.01194,0.79748,0.20252
62.04000,1.01194,0.81941,0.18059
62.16000,1.01194,0.82727,0.17273
62.28000,1.01194,0.83495,0.16505
62.40000,1.01194,0.90988,0.09012
62.52000,1.01194,0.84328,0.15672
62.64000,1.01194,0.86592,0.13408
62.76000,1.01194,0.88585,0.11415
62.88000,1.01194,0.91945,0.08055
63.00000,1.01194,0.93024,0.06976
63.12000,1.01194,0.96965,0.03035
63.24000,1.01194,0.97192,0.02808
63.36000,1.01194,0.96444,0.03556
63.48000,1.01194,0.98156,0.01844
63.60000,1.01194,0.96427,0.03573
63.72000,1.01194,0.97494,0.02506
63.84000,1.01194,0.93506,0.06494
63.96000,1.01194,0.93077,0.06923
64.08000,1.01193,0.93493,0.06507
64.20000,1.01194,0.90151,0.09849
64.32000,1.01194,0.93556,0.06444
64.44000,1.01193,0.88146,0.11854
64.56000,1.01194,0.92521,0.07479
64.68000,1.01194,0.88654,0.11346
64.80000,1.01193,0.88800,0.11200
64.92000,1.01194,0.86747,0.13253
65.04000,1.01194,0.85825,0.14175
65.16000,1.01193,0.88950,0.11050
65.28000,1.01194,0.84546,0.15454
65.40000,1.01193,0.91379,0.08621
65.52000,1.01194,0.82777,0.17223
65.64000,1.01194,0.92541,0.07459
65.76000,1.01193,0.82709,0.17291
65.88000,1.01194,0.92548,0.07452
66.00000,1.01194,0.88968,0.11032
66.12000,1.01193,0.91436,0.08564
66.24000,1.01194,0.92800,0.07200
66.36000,1.01194,0.92187,0.07813
66.48000,1.01193,0.93899,0.06101
66.60000,1.01194,0.93991,0.06009
66.72000,1.01194,0.95167,0.04833
66.84000,1.01194,0.93560,0.06440
66.96000,1.01194,0.95057,0.04943
67.08000,1.01193,0.93933,0.06067
67.20000,1.01194,0.94439,0.05561
67.32000,1.01194,0.92861,0.07139
67.44000,1.01193,0.92893,0.07107
67.56000,1.01194,0.92803,0.07197
67.68000,1.01194,0.92781,0.07219
67.80000,1.01193,0.86745,0.13255
67.92000,1.01194,0.92678,0.07322
68.04000,1.01194,0.86494,0.13506
68.16000,1.01193,0.90513,0.09487
68.28000,1.01194,0.90140,0.09860
68.40000,1.01193,0.88612,0.11388
68.52000,1.01194,0.91417,0.08583
68.64000,1.01194,0.86781,0.13219
68.76000,1.01193,0.87445,0.12555
68.88000,1.01194,0.90910,0.09090
69.00000,1.01194,0.88502,0.11498
69.12000,1.01193,0.86676,0.13324
69.24000,1.01194,0.91904,0.08096
69.36000,1.01194,0.83374,0.16626
69.48000,1.01193,0.86447,0.13553
69.60000,1.01194,0.76640,0.23360
69.72000,1.01194,0.88598,0.11402
69.84000,1.01194,0.77182,0.22818
69.96000,1.01194,0.90850,0.09150
70.08000,1.01193,0.83745,0.16255
70.20000,1.01194,0.91521,0.08479
70.32000,1.01194,0.82032,0.17968
70.44000,1.01193,0.91991,0.08009
70.56000,1.01194,0.83101,0.16899
70.68000,1.01194,0.91888,0.08112
70.80000,1.01193,0.88932,0.11068
70.92000,1.01194,0.92928,0.07072
71.04000,1.01194,0.86511,0.13489
71.16000,1.01193,0.88657,0.11343
71.28000,1.01194,0.88236,0.11764
71.40000,1.01193,0.86304,0.13696
71.52000,1.01194,0.83033,0.16967
71.64000,1.01194,0.81903,0.18097
71.76000,1.01193,0.79668,0.20332
71.88000,1.01194,0.82278,0.17722
72.00000,1.01194,0.76365,0.23635
72.12000,1.01193,0.79474,0.20526
72.24000,1.01194,0.77762,0.22238
72.36000,1.01194,0.82886,0.17114
72.48000,1.01193,0.74964,0.25036
72.60000,1.01194,0.78830,0.21170
72.72000,1.01194,0.76308,0.23692
72.84000,1.01194,0.80110,0.19890
72.96000,1.01194,0.80008,0.19992
73.08000,1.01193,0.81257,0.18743
73.20000,1.01194,0.83232,0.16768
73.32000,1.01194,0.82373,0.17627
73.44000,1.01193,0.81058,0.18942
73.56000,1.01194,0.82806,0.17194
73.68000,1.01194,0.83454,0.16546
73.80000,1.01193,0.79778,0.20222
73.92000,1.01194,0.80354,0.19646
74.04000,1.01194,0.79555,0.20445
74.16000,1.01193,0.75109,0.24891
74.28000,1.01194,0.77843,0.22157
74.40000,1.01193,0.77534,0.22466
74.52000,1.01194,0.75776,0.24224
74.64000,1.01194,0.75257,0.24743
74.76000,1.01193,0.72004,0.27996
74.88000,1.01194,0.73838,0.26162
75.00000,1.01194,0.73194,0.26806
75.12000,1.01193,0.76011,0.23989
75.24000,1.01194,0.75335,0.24665
75.36000,1.01194,0.72814,0.27186
75.48000,1.01193,0.70177,0.29823
75.60000,1.01194,0.74954,0.25046
75.72000,1.01194,0.71866,0.28134
75.84000,1.01194,0.73744,0.26256
75.96000,1.01194,0.72085,0.27915
76.08000,1.01193,0.75886,0.24114
76.20000,1.01194,0.75943,0.24057
76.32000,1.01194,0.74554,0.25446
76.44000,1.01193,0.71993,0.28007
76.56000,1.01194,0.74769,0.25231
76.68000,1.01194,0.77455,0.22545
76.80000,1.01193,0.73859,0.26141
76.92000,1.01194,0.76783,0.23217
77.04000,1.01194,0.71351,0.28649
77.16000,1.01193,0.76025,0.23975
77.28000,1.01194,0.76377,0.23623
77.40000,1.01193,0.72892,0.27108
77.52000,1.01194,0.78725,0.21275
77.64000,1.01194,0.69203,0.30797
77.76000,1.01193,0.72923,0.27077
77.88000,1.01194,0.72036,0.27964
78.00000,1.01194,0.71940,0.28060
78.12000,1.01193,0.69137,0.30863
78.24000,1.01194,0.64413,0.35587
78.36000,1.01194,0.70791,0.29209
78.48000,1.01193,0.64007,0.35993
78.60000,1.01194,0.75489,0.24511
78.72000,1.01194,0.69100,0.30900
78.84000,1.01194,0.71986,0.28014
78.96000,1.01194,0.70754,0.29246
79.08000,1.01193,0.72981,0.27019
79.20000,1.01194,0.62623,0.37377
79.32000,1.01194,0.73396,0.26604
79.44000,1.01193,0.66780,0.33220
79.56000,1.01194,0.74825,0.25175
79.68000,1.01194,0.71388,0.28612
79.80000,1.01193,0.76542,0.23458
79.92000,1.01194,0.63151,0.36849
80.04000,1.01194,0.78054,0.21946
80.16000,1.01193,0.66128,0.33872
80.28000,1.01194,0.72957,0.27043
80.40000,1.01193,0.64811,0.35189
80.52000,1.01194,0.65635,0.34365
80.64000,1.01194,0.66499,0.33501
80.76000,1.01193,0.73765,0.26235
80.88000,1.01194,0.71924,0.28076
81.00000,1.01194,0.71984,0.28016
81.12000,1.01193,0.76317,0.23683
81.24000,1.01194,0.79214,0.20786
81.36000,1.01194,0.77674,0.22326
81.48000,1.01193,0.84152,0.15848
81.60000,1.01194,0.77230,0.22770
81.72000,1.01194,0.75144,0.24856
81.84000,1.01194,0.78012,0.21988
81.96000,1.01194,0.81210,0.18790
82.08000,1.01193,0.87475,0.12525
82.20000,1.01194,0.88186,0.11814
82.32000,1.01194,0.86755,0.13245
82.44000,1.01193,0.86703,0.13297
82.56000,1.01194,0.94419,0.05581
82.68000,1.01194,0.95313,0.04687
82.80000,1.01193,0.92226,0.07774
82.92000,1.01194,0.97580,0.02420
83.04000,1.01194,0.93728,0.06272
83.16000,1.01193,0.97214,0.02786
83.28000,1.01194,0.96200,0.03800
83.40000,1.01193,0.95851,0.04149
83.52000,1.01194,0.95621,0.04379
83.64000,1.01194,0.93832,0.06168
83.76000,1.01193,0.95113,0.04887
83.88000,1.01194,0.91680,0.08320
84.00000,1.01194,0.95020,0.04980
84.12000,1.01193,0.87041,0.12959
84.24000,1.01194,0.93688,0.06312
84.36000,1.01194,0.88639,0.11361
84.48000,1.01193,0.93585,0.06415
84.60000,1.01194,0.92366,0.07634
84.72000,1.01194,0.93647,0.06353
84.84000,1.01194,0.93221,0.06779
84.96000,1.01194,0.96710,0.03290
85.08000,1.01193,0.89922,0.10078
85.20000,1.01194,0.97963,0.02037
85.32000,1.01194,0.90579,0.09421
85.44000,1.01193,0.97937,0.02063
85.56000,1.01194,0.89103,0.10897
85.68000,1.01194,0.96322,0.03678
85.80000,1.01193,0.87854,0.12146
85.92000,1.01194,0.93041,0.06959
86.04000,1.01194,0.89924,0.10076
86.16000,1.01193,0.95215,0.04785
86.28000,1.01194,0.89470,0.10530
86.40000,1.01193,0.93611,0.06389
86.52000,1.01194,0.93408,0.06592
86.64000,1.01194,0.90692,0.09308
86.76000,1.01193,0.94674,0.05326
86.88000,1.01194,0.84362,0.15638
87.00000,1.01194,0.95442,0.04558
87.12000,1.01193,0.88631,0.11369
87.24000,1.01194,0.96239,0.03761
87.36000,1.01194,0.88473,0.11527
87.48000,1.01193,0.93474,0.06526
87.60000,1.01194,0.94422,0.05578
87.72000,1.01194,0.88926,0.11074
87.84000,1.01194,0.94673,0.05327
87.96000,1.01194,0.83842,0.16158
88.08000,1.01193,0.92800,0.07200
88.20000,1.01194,0.86735,0.13265
88.32000,1.01194,0.88966,0.11034
88.44000,1.01193,0.91304,0.08696
88.56000,1.01194,0.92060,0.07940
88.68000,1.01194,0.94637,0.05363
88.80000,1.01193,0.93440,0.06560
88.92000,1.01194,0.94092,0.05908
89.04000,1.01194,0.94809,0.05191
89.16000,1.01193,0.93364,0.06636
89.28000,1.01194,0.94060,0.05940
89.40000,1.01193,0.90412,0.09588
89.52000,1.01194,0.91541,0.08459
89.64000,1.01194,0.93390,0.06610
89.76000,1.01193,0.85904,0.14096
89.88000,1.01194,0.89826,0.10174
90.00000,1.01194,0.92298,0.07702
90.12000,1.01193,0.95822,0.04178
90.24000,1.01194,0.93077,0.06923
90.36000,1.01194,0.90138,0.09862
90.48000,1.01193,0.71829,0.28171
90.60000,1.01194,0.81926,0.18074
90.72000,1.01194,0.84725,0.15275
90.84000,1.01194,0.77847,0.22153
90.96000,1.01194,0.72420,0.27580
91.08000,1.01193,0.79140,0.20860
91.20000,1.01194,0.64713,0.35287
91.32000,1.01194,0.82759,0.17241
91.44000,1.01193,0.78579,0.21421
91.56000,1.01194,0.86431,0.13569
91.68000,1.01194,0.86605,0.13395
91.80000,1.01193,0.82481,0.17519
91.92000,1.01194,0.77835,0.22165
92.04000,1.01194,0.86008,0.13992
92.16000,1.01193,0.79679,0.20321
92.28000,1.01194,0.83120,0.16880
92.40000,1.01193,0.82517,0.17483
92.52000,1.01194,0.82150,0.17850
92.64000,1.01194,0.85591,0.14409
92.76000,1.01193,0.82529,0.17471
92.88000,1.01194,0.83082,0.16918
93.00000,1.01194,0.79267,0.20733
93.12000,1.01193,0.76195,0.23805
93.24000,1.01194,0.73825,0.26175
93.36000,1.01194,0.71017,0.28983
93.48000,1.01193,0.68041,0.31959
93.60000,1.01194,0.58795,0.41205
93.72000,1.01194,0.61014,0.38986
93.84000,1.01194,0.67992,0.32008
93.96000,1.01194,0.68540,0.31460
94.08000,1.01193,0.60751,0.39249
94.20000,1.01194,0.62295,0.37705
94.32000,1.01194,0.64996,0.35004
94.44000,1.01193,0.67455,0.32545
94.56000,1.01194,0.66075,0.33925
94.68000,1.01194,0.58866,0.41134
94.80000,1.01193,0.70638,0.29362
94.92000,1.01194,0.63758,0.36242
95.04000,1.01194,0.70453,0.29547
95.16000,1.01193,0.65121,0.34879
95.28000,1.01194,0.70177,0.29823
95.40000,1.01193,0.68773,0.31227
95.52000,1.01194,0.74933,0.25067
95.64000,1.01194,0.75096,0.24904
95.76000,1.01193,0.72307,0.27693
95.88000,1.01194,0.71437,0.28563
96.00000,1.01194,0.72743,0.27257
96.12000,1.01193,0.72135,0.27865
96.24000,1.01194,0.71081,0.28919
96.36000,1.01194,0.69398,0.30602
96.48000,1.01193,0.63271,0.36729
96.60000,1.01194,0.68103,0.31897
96.72000,1.01194,0.60202,0.39798
96.84000,1.01194,0.69749,0.30251
96.96000,1.01194,0.71112,0.28888
97.08000,1.01193,0.71475,0.28525
97.20000,1.01194,0.66240,0.33760
97.32000,1.01194,0.67266,0.32734
97.44000,1.01193,0.65279,0.34721
97.56000,1.01194,0.66822,0.33178
97.68000,1.01194,0.70875,0.29125
97.80000,1.01193,0.73171,0.26829
97.92000,1.01194,0.76859,0.23141
98.04000,1.01194,0.79683,0.20317
98.16000,1.01193,0.91570,0.08430
98.28000,1.01194,0.77702,0.22298
98.40000,1.01193,0.87131,0.12869
98.52000,1.01194,0.81150,0.18850
98.64000,1.01194,0.90523,0.09477
98.76000,1.01193,0.81511,0.18489
98.88000,1.01194,0.78064,0.21936
99.00000,1.01194,0.88780,0.11220
99.12000,1.01193,0.77022,0.22978
99.24000,1.01194,0.90753,0.09247
99.36000,1.01194,0.77448,0.22552
99.48000,1.01193,0.87185,0.12815
99.60000,1.01194,0.78957,0.21043
99.72000,1.01194,0.88825,0.11175
99.84000,1.01194,0.72002,0.27998
99.96000,1.01194,0.79936,0.20064
100.08000,1.01193,0.79026,0.20974
100.20000,1.01194,0.77688,0.22312
100.32000,1.01194,0.80235,0.19765
100.44000,1.01193,0.78961,0.21039
100.56000,1.01194,0.93712,0.06288
100.68000,1.01194,0.89867,0.10133
100.80000,1.01193,0.91786,0.08214
100.92000,1.01194,0.91394,0.08606
101.04000,1.01194,0.87390,0.12610
101.16000,1.01193,0.94039,0.05961
101.28000,1.01194,0.82136,0.17864
101.40000,1.01193,0.93291,0.06709
101.52000,1.01194,0.76510,0.23490
101.64000,1.01194,0.87537,0.12463
101.76000,1.01193,0.88095,0.11905
101.88000,1.01194,0.78915,0.21085
102.00000,1.01194,0.87842,0.12158
102.12000,1.01193,0.78017,0.21983
102.24000,1.01194,0.86337,0.13663
102.36000,1.01194,0.80619,0.19381
102.48000,1.01193,0.83053,0.16947
102.60000,1.01194,0.75751,0.24249
102.72000,1.01194,0.80070,0.19930
102.84000,1.01194,0.76776,0.23224
102.96000,1.01194,0.75884,0.24116
103.08000,1.01193,0.76628,0.23372
103.20000,1.01194,0.74022,0.25978
103.32000,1.01194,0.75642,0.24358
103.44000,1.01193,0.65570,0.34430
103.56000,1.01194,0.75015,0.24985
103.68000,1.01194,0.73472,0.26528
103.80000,1.01193,0.77191,0.22809
103.92000,1.01194,0.75386,0.24614
104.04000,1.01194,0.75007,0.24993
104.16000,1.01193,0.73377,0.26623
104.28000,1.01194,0.77271,0.22729
104.40000,1.01193,0.77283,0.22717
104.52000,1.01194,0.78279,0.21721
104.64000,1.01194,0.73523,0.26477
104.76000,1.01193,0.71296,0.28704
104.88000,1.01194,0.74322,0.25678
105.00000,1.01194,0.69694,0.30306
105.12000,1.01193,0.74006,0.25994
105.24000,1.01194,0.67014,0.32986
105.36000,1.01194,0.72508,0.27492
105.48000,1.01193,0.69664,0.30336
105.60000,1.01194,0.74198,0.25802
105.72000,1.01194,0.72716,0.27284
105.84000,1.01194,0.65087,0.34913
105.96000,1.01194,0.78357,0.21643
106.08000,1.01193,0.66072,0.33928
106.20000,1.01194,0.74628,0.25372
106.32000,1.01194,0.70489,0.29511
106.44000,1.01193,0.75917,0.24083
106.56000,1.01194,0.69897,0.30103
106.68000,1.01194,0.71184,0.28816
106.80000,1.01193,0.74075,0.25925
106.92000,1.01194,0.70092,0.29908
107.04000,1.01194,0.72062,0.27938
107.16000,1.01193,0.72985,0.27015
107.28000,1.01194,0.76012,0.23988
107.40000,1.01193,0.71131,0.28869
107.52000,1.01194,0.70098,0.29902
107.64000,1.01194,0.72148,0.27852
107.76000,1.01193,0.72525,0.27475
107.88000,1.01194,0.75355,0.24645
108.00000,1.01194,0.69774,0.30226
108.12000,1.01193,0.75668,0.24332
108.24000,1.01194,0.70683,0.29317
108.36000,1.01194,0.74715,0.25285
108.48000,1.01193,0.68440,0.31560
108.60000,1.01194,0.71634,0.28366
108.72000,1.01194,0.65909,0.34091
108.84000,1.01194,0.75782,0.24218
108.96000,1.01194,0.67021,0.32979
109.08000,1.01193,0.72209,0.27791
109.20000,1.01194,0.71180,0.28820
109.32000,1.01194,0.72806,0.27194
109.44000,1.01193,0.68658,0.31342
109.56000,1.01194,0.71626,0.28374
109.68000,1.01194,0.72733,0.27267
109.80000,1.01193,0.70071,0.29929
109.92000,1.01194,0.73318,0.26682
110.04000,1.01194,0.67881,0.32119
110.16000,1.01193,0.73381,0.26619
110.28000,1.01194,0.70003,0.29997
110.40000,1.01193,0.74935,0.25065
110.52000,1.01194,0.72750,0.27250
110.64000,1.01194,0.72589,0.27411
110.76000,1.01193,0.74089,0.25911
110.88000,1.01194,0.71472,0.28528
111.00000,1.01194,0.74581,0.25419
111.12000,1.01193,0.73245,0.26755
111.24000,1.01194,0.73109,0.26891
111.36000,1.01194,0.65751,0.34249
111.48000,1.01193,0.74256,0.25744
111.60000,1.01194,0.65198,0.34802
111.72000,1.01194,0.76932,0.23068
111.84000,1.01194,0.61797,0.38203
111.96000,1.01194,0.76043,0.23957
112.08000,1.01193,0.70815,0.29185
112.20000,1.01194,0.71710,0.28290
112.32000,1.01194,0.75480,0.24520
112.44000,1.01193,0.71777,0.28223
112.56000,1.01194,0.75554,0.24446
112.68000,1.01194,0.66030,0.33970
112.80000,1.01193,0.71052,0.28948
112.92000,1.01194,0.69949,0.30051
113.04000,1.01194,0.69145,0.30855
113.16000,1.01193,0.68902,0.31098
113.28000,1.01194,0.67020,0.32980
113.40000,1.01193,0.66273,0.33727
113.52000,1.01194,0.69352,0.30648
113.64000,1.01194,0.65271,0.34729
113.76000,1.01193,0.70729,0.29271
113.88000,1.01194,0.68487,0.31513
114.00000,1.01194,0.69463,0.30537
114.12000,1.01193,0.66258,0.33742
114.24000,1.01194,0.67055,0.32945
114.36000,1.01194,0.71731,0.28269
114.48000,1.01193,0.67908,0.32092
114.60000,1.01194,0.69874,0.30126
114.72000,1.01194,0.73264,0.26736
114.84000,1.01194,0.65639,0.34361
114.96000,1.01194,0.72616,0.27384
115.08000,1.01193,0.65251,0.34749
115.20000,1.01194,0.68832,0.31168
115.32000,1.01194,0.65843,0.34157
115.44000,1.01193,0.66267,0.33733
115.56000,1.01194,0.70447,0.29553
115.68000,1.01194,0.67136,0.32864
115.80000,1.01193,0.74785,0.25215
115.92000,1.01194,0.70501,0.29499
116.04000,1.01194,0.71069,0.28931
116.16000,1.01193,0.70124,0.29876
116.28000,1.01194,0.71201,0.28799
116.40000,1.01193,0.74658,0.25342
116.52000,1.01194,0.69993,0.30007
116.64000,1.01194,0.77083,0.22917
116.76000,1.01193,0.73755,0.26245
116.88000,1.01194,0.75460,0.24540
117.00000,1.01194,0.73120,0.26880
117.12000,1.01193,0.74135,0.25865
117.24000,1.01194,0.72766,0.27234
117.36000,1.01194,0.63389,0.36611
117.48000,1.01193,0.71407,0.28593
117.60000,1.01194,0.69611,0.30389
117.72000,1.01194,0.76006,0.23994
117.84000,1.01194,0.71877,0.28123
117.96000,1.01194,0.75950,0.24050
118.08000,1.01193,0.74367,0.25633
118.20000,1.01194,0.75749,0.24251
118.32000,1.01194,0.78831,0.21169
118.44000,1.01193,0.79831,0.20169
118.56000,1.01194,0.79853,0.20147
118.68000,1.01194,0.77602,0.22398
118.80000,1.01193,0.77741,0.22259
118.92000,1.01194,0.71358,0.28642
119.04000,1.01194,0.78067,0.21933
119.16000,1.01193,0.72130,0.27870
119.28000,1.01194,0.73106,0.26894
119.40000,1.01193,0.62711,0.37289
119.52000,1.01194,0.73925,0.26075
119.64000,1.01194,0.63935,0.36065
119.76000,1.01193,0.59571,0.40429
119.88000,1.01194,0.59926,0.40074
120.00000,1.01194,0.56187,0.43813
120.12000,1.01193,0.60287,0.39713
120.24000,1.01194,0.56977,0.43023
120.36000,1.01194,0.60257,0.39743
120.48000,1.01193,0.60937,0.39063
120.60000,1.01194,0.62304,0.37696
120.72000,1.01194,0.62864,0.37136
120.84000,1.01194,0.66515,0.33485
120.96000,1.01194,0.71842,0.28158
121.08000,1.01193,0.67486,0.32514
121.20000,1.01194,0.75368,0.24632
121.32000,1.01194,0.74105,0.25895
121.44000,1.01193,0.75543,0.24457
121.56000,1.01194,0.67713,0.32287
121.68000,1.01194,0.75166,0.24834
121.80000,1.01193,0.72315,0.27685
121.92000,1.01194,0.76879,0.23121
122.04000,1.01194,0.70118,0.29882
122.16000,1.01193,0.73008,0.26992
122.28000,1.01194,0.73733,0.26267
122.40000,1.01193,0.71367,0.28633
122.52000,1.01194,0.66958,0.33042
122.64000,1.01194,0.63095,0.36905
122.76000,1.01193,0.56774,0.43226
122.88000,1.01194,0.51392,0.48608
123.00000,1.01194,0.49166,0.50834
123.12000,1.01193,0.48787,0.51213
123.24000,1.01194,0.45580,0.54420
123.36000,1.01194,0.51896,0.48104
123.48000,1.01193,0.40547,0.59453
123.60000,1.01194,0.39187,0.60813
123.72000,1.01194,0.41308,0.58692
123.84000,1.01194,0.25676,0.74324
123.96000,1.01194,0.33689,0.66311
124.08000,1.01193,0.42978,0.57022
124.20000,1.01194,0.60085,0.39915
124.32000,1.01194,0.60618,0.39382
124.44000,1.01193,0.71498,0.28502
124.56000,1.01194,0.71199,0.28801
124.68000,1.01194,0.67752,0.32248
124.80000,1.01193,0.69545,0.30455
124.92000,1.01194,0.70425,0.29575
125.04000,1.01194,0.60269,0.39731
125.16000,1.01193,0.66878,0.33122
125.28000,1.01194,0.61678,0.38322
125.40000,1.01193,0.68375,0.31625
125.52000,1.01194,0.65709,0.34291
125.64000,1.01194,0.65309,0.34691
125.76000,1.01193,0.58819,0.41181
125.88000,1.01194,0.62787,0.37213
126.00000,1.01194,0.58835,0.41165
126.12000,1.01193,0.64559,0.35441
126.24000,1.01194,0.69698,0.30302
126.36000,1.01194,0.73462,0.26538
126.48000,1.01193,0.60101,0.39899
126.60000,1.01194,0.71330,0.28670
126.72000,1.01194,0.66371,0.33629
126.84000,1.01194,0.64140,0.35860
126.96000,1.01194,0.48915,0.51085
127.08000,1.01193,0.41669,0.58331
127.20000,1.01195,0.32486,0.67514
127.32000,1.01194,0.33268,0.66732
127.44000,1.01193,0.25885,0.74115
127.56000,1.01193,0.28849,0.71151
127.68000,1.01194,0.16888,0.83112
127.80000,1.01193,0.25094,0.74906
127.92000,1.01193,0.08723,0.91277
128.03999,1.01195,0.06751,0.93249
128.16000,1.01193,0.03043,0.96957
128.28000,1.01193,0.03783,0.96217
128.39999,1.01195,0.03019,0.96981
128.52000,1.01193,0.04743,0.95257
128.64000,1.01193,0.09437,0.90563
128.75999,1.01195,0.11658,0.88342
128.88000,1.01193,0.23199,0.76801
129.00000,1.01193,0.25877,0.74123
129.12000,1.01195,0.39100,0.60900
129.24001,1.01193,0.27645,0.72355
129.36000,1.01193,0.42450,0.57550
129.48000,1.01195,0.31094,0.68906
129.60001,1.01193,0.49936,0.50064
129.72000,1.01193,0.29273,0.70727
129.84000,1.01195,0.21374,0.78626
129.96001,1.01193,0.34167,0.65833
130.08000,1.01193,0.21784,0.78216
130.20000,1.01195,0.28736,0.71264
130.32001,1.01193,0.26555,0.73445
130.44000,1.01193,0.35271,0.64729
130.56000,1.01193,0.33416,0.66584
130.67999,1.01195,0.49663,0.50337
130.80000,1.01193,0.34464,0.65536
130.92000,1.01193,0.54527,0.45473
131.03999,1.01195,0.25045,0.74955
131.16000,1.01193,0.30131,0.69869
131.28000,1.01193,0.15439,0.84561
131.39999,1.01195,0.20104,0.79896
131.52000,1.01193,0.10217,0.89783
131.64000,1.01193,0.23574,0.76426
131.75999,1.01195,0.11876,0.88124
131.88000,1.01193,0.19857,0.80143
132.00000,1.01193,0.10540,0.89460
132.12000,1.01195,0.15490,0.84510
132.24001,1.01193,0.21748,0.78252
132.36000,1.01193,0.17888,0.82112
132.48000,1.01195,0.24125,0.75875
132.60001,1.01193,0.22377,0.77623
132.72000,1.01193,0.47995,0.52005
132.84000,1.01195,0.45461,0.54539
132.96001,1.01193,0.56380,0.43620
133.08000,1.01193,0.51468,0.48532
133.20000,1.01195,0.48638,0.51362
133.32001,1.01193,0.45331,0.54669
133.44000,1.01193,0.28145,0.71855
133.56000,1.01193,0.17633,0.82367
133.67999,1.01195,0.36658,0.63342
133.80000,1.01193,0.23237,0.76763
133.92000,1.01193,0.19710,0.80290
134.03999,1.01195,0.12555,0.87445
134.16000,1.01193,0.19004,0.80996
134.28000,1.01193,0.17922,0.82078
134.39999,1.01195,0.15400,0.84600
134.52000,1.01193,0.19556,0.80444
134.64000,1.01193,0.13334,0.86666
134.75999,1.01195,0.33667,0.66333
134.88000,1.01193,0.23479,0.76521
135.00000,1.01193,0.42488,0.57512
135.12000,1.01195,0.29338,0.70662
135.24001,1.01193,0.45168,0.54832
135.36000,1.01193,0.31150,0.68850
135.48000,1.01195,0.42164,0.57836
135.60001,1.01193,0.35632,0.64368
135.72000,1.01193,0.33797,0.66203
135.84000,1.01195,0.30184,0.69816
135.96001,1.01193,0.24066,0.75934
136.08000,1.01193,0.13647,0.86353
136.20000,1.01195,0.16242,0.83758
136.32001,1.01193,0.05999,0.94001
136.44000,1.01193,0.07531,0.92469
136.56000,1.01193,0.06596,0.93404
136.67999,1.01195,0.07831,0.92169
136.80000,1.01193,0.12093,0.87907
136.92000,1.01193,0.12728,0.87272
137.03999,1.01195,0.21986,0.78014
137.16000,1.01193,0.14831,0.85169
137.28000,1.01193,0.18095,0.81905
137.39999,1.01195,0.17054,0.82946
137.52000,1.01193,0.15955,0.84045
137.64000,1.01193,0.27028,0.72972
137.75999,1.01195,0.14075,0.85925
137.88000,1.01193,0.26770,0.73230
138.00000,1.01193,0.32729,0.67271
138.12000,1.01195,0.48784,0.51216
138.24001,1.01193,0.39246,0.60754
138.36000,1.01193,0.54211,0.45789
138.48000,1.01195,0.58770,0.41230
138.60001,1.01193,0.54669,0.45331
138.72000,1.01193,0.48222,0.51778
138.84000,1.01195,0.44373,0.55627
138.96001,1.01193,0.47023,0.52977
139.08000,1.01193,0.39435,0.60565
139.20000,1.01195,0.34220,0.65780
139.32001,1.01193,0.31878,0.68122
139.44000,1.01193,0.15496,0.84504
139.56000,1.01193,0.26364,0.73636
139.67999,1.01195,0.23030,0.76970
139.80000,1.01193,0.34688,0.65312
139.92000,1.01193,0.28732,0.71268
140.03999,1.01195,0.35225,0.64775
140.16000,1.01193,0.29819,0.70181
140.28000,1.01193,0.40755,0.59245
140.39999,1.01195,0.21364,0.78636
140.52000,1.01193,0.25268,0.74732
140.64000,1.01193,0.12406,0.87594
140.75999,1.01195,0.19160,0.80840
140.88000,1.01193,0.21344,0.78656
141.00000,1.01193,0.23294,0.76706
141.12000,1.01195,0.33862,0.66138
141.24001,1.01193,0.44239,0.55761
141.36000,1.01193,0.40913,0.59087
141.48000,1.01195,0.46245,0.53755
141.60001,1.01193,0.48870,0.51130
141.72000,1.01193,0.33689,0.66311
141.84000,1.01195,0.32965,0.67035
141.96001,1.01193,0.22275,0.77725
142.08000,1.01193,0.32624,0.67376
142.20000,1.01195,0.30852,0.69148
142.32001,1.01193,0.38068,0.61932
142.44000,1.01193,0.26816,0.73184
142.56000,1.01193,0.41548,0.58452
142.67999,1.01195,0.37654,0.62346
142.80000,1.01193,0.35603,0.64397
142.92000,1.01193,0.39779,0.60221
143.03999,1.01195,0.33749,0.66251
143.16000,1.01193,0.35228,0.64772
143.28000,1.01193,0.18531,0.81469
143.39999,1.01195,0.26388,0.73612
143.52000,1.01193,0.27141,0.72859
143.64000,1.01193,0.34713,0.65287
143.75999,1.01195,0.34167,0.65833
143.88000,1.01193,0.33344,0.66656
144.00000,1.01193,0.41317,0.58683
144.12000,1.01195,0.42967,0.57033
144.24001,1.01193,0.33939,0.66061
144.36000,1.01193,0.27378,0.72622
144.48000,1.01195,0.13077,0.86923
144.60001,1.01193,0.15555,0.84445
144.72000,1.01193,0.08458,0.91542
144.84000,1.01195,0.07948,0.92052
144.96001,1.01193,0.09216,0.90784
145.08000,1.01193,0.12188,0.87812
145.20000,1.01195,0.10820,0.89180
145.32001,1.01193,0.12745,0.87255
145.44000,1.01193,0.13040,0.86960
145.56000,1.01193,0.19645,0.80355
145.67999,1.01195,0.17396,0.82604
145.80000,1.01193,0.35472,0.64528
145.92000,1.01193,0.25164,0.74836
146.03999,1.01195,0.31654,0.68346
146.16000,1.01193,0.28275,0.71725
146.28000,1.01193,0.36808,0.63192
146.39999,1.01195,0.27122,0.72878
146.52000,1.01193,0.23132,0.76868
146.64000,1.01193,0.21114,0.78886
146.75999,1.01195,0.17188,0.82812
146.88000,1.01193,0.11729,0.88271
147.00000,1.01193,0.08532,0.91468
147.12000,1.01195,0.06682,0.93318
147.24001,1.01193,0.04936,0.95064
147.36000,1.01193,0.05870,0.94130
147.48000,1.01195,0.04896,0.95104
147.60001,1.01193,0.07184,0.92816
147.72000,1.01193,0.03897,0.96103
147.84000,1.01195,0.05334,0.94666
147.96001,1.01193,0.04208,0.95792
148.08000,1.01193,0.03461,0.96539
148.20000,1.01195,0.04546,0.95454
148.32001,1.01193,0.03946,0.96054
148.44000,1.01193,0.05001,0.94999
148.56000,1.01193,0.04487,0.95513
148.67999,1.01195,0.08010,0.91990
148.80000,1.01193,0.07936,0.92064
148.92000,1.01193,0.16087,0.83913
149.03999,1.01195,0.10445,0.89555
149.16000,1.01193,0.20892,0.79108
149.28000,1.01193,0.11248,0.88752
149.39999,1.01195,0.19128,0.80872
149.52000,1.01193,0.10798,0.89202
149.64000,1.01193,0.13054,0.86946
149.75999,1.01195,0.06361,0.93639
149.88000,1.01193,0.09773,0.90227
150.00000,1.01193,0.07105,0.92895
150.12000,1.01195,0.05425,0.94575
150.24001,1.01193,0.07353,0.92647
150.36000,1.01193,0.05683,0.94317
150.48000,1.01195,0.10838,0.89162
150.60001,1.01193,0.04987,0.95013
150.72000,1.01193,0.08913,0.91087
150.84000,1.01195,0.06261,0.93739
150.96001,1.01193,0.12563,0.87437
151.08000,1.01193,0.04990,0.95010
151.20000,1.01195,0.07053,0.92947
151.32001,1.01193,0.08622,0.91378
151.44000,1.01193,0.10251,0.89749
151.56000,1.01193,0.06311,0.93689
151.67999,1.01195,0.09318,0.90682
151.80000,1.01193,0.05715,0.94285
151.92000,1.01193,0.05459,0.94541
152.03999,1.01195,0.06411,0.93589
152.16000,1.01193,0.10810,0.89190
152.28000,1.01193,0.10254,0.89746
152.39999,1.01195,0.19072,0.80928
152.52000,1.01193,0.21075,0.78925
152.64000,1.01193,0.31369,0.68631
152.75999,1.01195,0.36440,0.63560
152.88000,1.01193,0.56542,0.43458
153.00000,1.01193,0.51311,0.48689
153.12000,1.01195,0.48747,0.51253
153.24001,1.01193,0.36966,0.63034
153.36000,1.01193,0.28902,0.71098
153.48000,1.01195,0.22010,0.77990
153.60001,1.01193,0.17393,0.82607
153.72000,1.01193,0.11852,0.88148
153.84000,1.01195,0.08118,0.91882
153.96001,1.01193,0.10980,0.89020
154.08000,1.01193,0.07272,0.92728
154.20000,1.01195,0.07233,0.92767
154.32001,1.01193,0.09631,0.90369
154.44000,1.01193,0.10973,0.89027
154.56000,1.01193,0.12177,0.87823
154.67999,1.01195,0.12369,0.87631
154.80000,1.01193,0.08336,0.91664
154.92000,1.01193,0.08057,0.91943
155.03999,1.01195,0.06816,0.93184
155.16000,1.01193,0.10388,0.89612
155.28000,1.01193,0.05966,0.94034
155.39999,1.01195,0.10766,0.89234
155.52000,1.01193,0.09159,0.90841
155.64000,1.01193,0.11858,0.88142
155.75999,1.01195,0.15695,0.84305
155.88000,1.01193,0.13087,0.86913
156.00000,1.01193,0.32903,0.67097
156.12000,1.01195,0.29513,0.70487
156.24001,1.01193,0.46637,0.53363
156.36000,1.01193,0.38871,0.61129
156.48000,1.01195,0.39682,0.60318
156.60001,1.01193,0.32177,0.67823
156.72000,1.01193,0.25612,0.74388
156.84000,1.01195,0.12277,0.87723
156.96001,1.01193,0.13087,0.86913
157.08000,1.01193,0.14858,0.85142
157.20000,1.01195,0.08739,0.91261
157.32001,1.01193,0.14292,0.85708
157.44000,1.01193,0.13859,0.86141
157.56000,1.01193,0.15884,0.84116
157.67999,1.01195,0.15626,0.84374
157.80000,1.01193,0.18089,0.81911
157.92000,1.01193,0.09862,0.90138
158.03999,1.01195,0.12424,0.87576
158.16000,1.01193,0.07186,0.92814
158.28000,1.01193,0.09058,0.90942
158.39999,1.01195,0.07567,0.92433
158.52000,1.01193,0.09664,0.90336
158.64000,1.01193,0.05688,0.94312
158.75999,1.01195,0.05568,0.94432
158.88000,1.01193,0.04232,0.95768
159.00000,1.01193,0.08144,0.91856
159.12000,1.01195,0.09649,0.90351
159.24001,1.01193,0.13968,0.86032
159.36000,1.01193,0.22077,0.77923
159.48000,1.01195,0.22344,0.77656
159.60001,1.01193,0.36649,0.63350
159.72000,1.01193,0.31337,0.68663
159.84000,1.01195,0.46024,0.53976
159.96001,1.01193,0.35176,0.64824
160.08000,1.01193,0.49583,0.50417
160.20000,1.01195,0.39325,0.60675
160.32001,1.01193,0.37650,0.62350
160.44000,1.01193,0.26779,0.73221
160.56000,1.01193,0.25859,0.74141
160.67999,1.01195,0.18366,0.81634
160.80000,1.01193,0.15000,0.85000
160.92000,1.01193,0.12651,0.87349
161.03999,1.01195,0.20339,0.79661
161.16000,1.01193,0.14280,0.85720
161.28000,1.01193,0.08411,0.91589
161.39999,1.01195,0.12397,0.87603
161.52000,1.01193,0.08160,0.91840
161.64000,1.01193,0.11068,0.88932
161.75999,1.01195,0.05594,0.94406
161.88000,1.01193,0.07608,0.92392
162.00000,1.01193,0.06366,0.93634
162.12000,1.01195,0.06921,0.93079
162.24001,1.01193,0.05637,0.94363
162.36000,1.01193,0.11144,0.88856
162.48000,1.01195,0.11744,0.88256
162.60001,1.01193,0.12844,0.87156
162.72000,1.01193,0.12635,0.87365
162.84000,1.01195,0.22059,0.77941
162.96001,1.01193,0.27669,0.72331
163.08000,1.01193,0.37893,0.62107
163.20000,1.01195,0.35874,0.64126
163.32001,1.01193,0.46275,0.53725
163.44000,1.01193,0.39374,0.60627
163.56000,1.01193,0.47812,0.52188
163.67999,1.01195,0.27911,0.72089
163.80000,1.01193,0.30751,0.69249
163.92000,1.01193,0.14020,0.85980
164.03999,1.01195,0.14903,0.85097
164.16000,1.01193,0.09310,0.90690
164.28000,1.01193,0.06523,0.93477
164.39999,1.01195,0.06705,0.93295
164.52000,1.01193,0.06870,0.93130
164.64000,1.01193,0.10130,0.89870
164.75999,1.01195,0.07098,0.92902
164.88000,1.01193,0.06446,0.93554
165.00000,1.01193,0.09175,0.90825
165.12000,1.01195,0.06103,0.93897
165.24001,1.01193,0.07017,0.92983
165.36000,1.01193,0.05456,0.94544
165.48000,1.01195,0.06514,0.93486
165.60001,1.01193,0.07768,0.92232
165.72000,1.01193,0.06962,0.93038
165.84000,1.01195,0.05783,0.94217
165.96001,1.01193,0.06189,0.93811
166.08000,1.01193,0.07085,0.92915
166.20000,1.01195,0.09950,0.90050
166.32001,1.01193,0.13714,0.86286
166.44000,1.01193,0.22052,0.77948
166.56000,1.01193,0.30935,0.69065
166.67999,1.01195,0.45713,0.54287
166.80000,1.01193,0.53758,0.46242
166.92000,1.01193,0.44219,0.55781
167.03999,1.01195,0.49378,0.50622
167.16000,1.01193,0.36257,0.63743
167.28000,1.01193,0.48401,0.51599
167.39999,1.01195,0.35019,0.64981
167.52000,1.01193,0.35497,0.64503
167.64000,1.01193,0.09078,0.90922
167.75999,1.01195,0.23486,0.76514
167.88000,1.01193,0.18684,0.81316
168.00000,1.01193,0.15833,0.84167
168.12000,1.01195,0.12276,0.87724
168.24001,1.01193,0.11571,0.88429
168.36000,1.01193,0.13825,0.86175
168.48000,1.01195,0.10641,0.89359
168.60001,1.01193,0.08597,0.91403
168.72000,1.01193,0.12466,0.87534
168.84000,1.01195,0.12563,0.87437
168.96001,1.01193,0.23952,0.76048
169.08000,1.01193,0.08818,0.91182
169.20000,1.01195,0.11956,0.88044
169.32001,1.01193,0.07101,0.92899
169.44000,1.01193,0.10151,0.89849
169.56000,1.01193,0.08219,0.91781
169.67999,1.01195,0.09674,0.90326
169.80000,1.01193,0.11953,0.88047
169.92000,1.01193,0.21488,0.78512
170.03999,1.01195,0.25629,0.74371
170.16000,1.01193,0.35046,0.64954
170.28000,1.01193,0.34968,0.65032
170.39999,1.01195,0.27515,0.72485
170.52000,1.01193,0.58375,0.41625
170.64000,1.01193,0.42824,0.57176
170.75999,1.01195,0.42786,0.57214
170.88000,1.01193,0.36606,0.63394
171.00000,1.01193,0.44901,0.55099
171.12000,1.01195,0.42839,0.57161
171.24001,1.01193,0.41652,0.58348
171.36000,1.01193,0.16461,0.83539
171.48000,1.01195,0.23047,0.76953
171.60001,1.01193,0.13753,0.86247
171.72000,1.01193,0.20338,0.79662
171.84000,1.01195,0.08625,0.91375
171.96001,1.01193,0.09688,0.90312
172.08000,1.01193,0.05930,0.94070
172.20000,1.01195,0.08967,0.91033
172.32001,1.01193,0.09454,0.90546
172.44000,1.01193,0.07721,0.92279
172.56000,1.01193,0.09200,0.90800
172.67999,1.01195,0.07063,0.92937
172.80000,1.01193,0.05610,0.94390
172.92000,1.01193,0.05977,0.94023
173.03999,1.01195,0.04251,0.95749
173.16000,1.01193,0.06723,0.93278
173.28000,1.01193,0.09450,0.90550
173.39999,1.01195,0.12616,0.87384
173.52000,1.01193,0.08833,0.91167
173.64000,1.01193,0.19605,0.80395
173.75999,1.01195,0.16817,0.83183
173.88000,1.01193,0.29205,0.70795
174.00000,1.01193,0.19332,0.80668
174.12000,1.01195,0.38443,0.61557
174.24001,1.01193,0.35733,0.64267
174.36000,1.01193,0.38266,0.61734
174.48000,1.01195,0.45493,0.54507
174.60001,1.01193,0.38503,0.61497
174.72000,1.01193,0.37455,0.62545
174.84000,1.01195,0.18399,0.81601
174.96001,1.01193,0.20315,0.79685
175.08000,1.01193,0.13946,0.86054
175.20000,1.01195,0.10780,0.89220
175.32001,1.01193,0.06693,0.93307
175.44000,1.01193,0.05194,0.94806
175.56000,1.01193,0.05999,0.94001
175.67999,1.01195,0.08140,0.91860
175.80000,1.01193,0.06162,0.93838
175.92000,1.01193,0.05849,0.94151
176.03999,1.01195,0.03550,0.96450
176.16000,1.01193,0.07306,0.92694
176.28000,1.01193,0.06339,0.93661
176.39999,1.01195,0.06227,0.93773
176.52000,1.01193,0.04753,0.95247
176.64000,1.01193,0.06300,0.93700
176.75999,1.01195,0.04825,0.95175
176.88000,1.01193,0.07144,0.92856
177.00000,1.01193,0.08901,0.91099
177.12000,1.01195,0.11994,0.88006
177.24001,1.01193,0.08045,0.91955
177.36000,1.01193,0.22787,0.77213
177.48000,1.01195,0.14156,0.85844
177.60001,1.01193,0.41029,0.58971
177.72000,1.01193,0.25240,0.74760
177.84000,1.01195,0.43166,0.56834
177.96001,1.01193,0.27263,0.72737
178.08000,1.01193,0.21853,0.78147
178.20000,1.01195,0.14742,0.85258
178.32001,1.01193,0.06960,0.93040
178.44000,1.01193,0.06448,0.93552
178.56000,1.01193,0.05292,0.94708
178.67999,1.01195,0.08480,0.91520
178.80000,1.01193,0.03088,0.96912
178.92000,1.01193,0.05643,0.94357
179.03999,1.01195,0.05688,0.94312
179.16000,1.01193,0.03271,0.96729
179.28000,1.01193,0.06111,0.93889
179.39999,1.01195,0.03609,0.96391
179.52000,1.01193,0.04876,0.95124
179.64000,1.01193,0.03496,0.96504
179.75999,1.01195,0.05204,0.94796
179.88000,1.01193,0.06129,0.93871
180.00000,1.01193,0.07774,0.92226
180.12000,1.01195,0.11070,0.88930
180.24001,1.01193,0.10551,0.89449
180.36000,1.01193,0.11677,0.88323
180.48000,1.01195,0.14617,0.85383
180.60001,1.01193,0.07600,0.92400
180.72000,1.01193,0.11623,0.88377
180.84000,1.01195,0.15523,0.84477
180.96001,1.01193,0.17459,0.82541
181.08000,1.01193,0.15006,0.84994
181.20000,1.01195,0.20895,0.79105
181.32001,1.01193,0.37795,0.62205
181.44000,1.01193,0.36554,0.63446
181.56000,1.01193,0.55744,0.44256
181.67999,1.01195,0.34868,0.65132
181.80000,1.01193,0.50945,0.49055
181.92000,1.01193,0.28536,0.71464
182.03999,1.01195,0.39290,0.60710
182.16000,1.01193,0.19870,0.80130
182.28000,1.01193,0.14653,0.85347
182.39999,1.01195,0.17341,0.82659
182.52000,1.01193,0.10127,0.89873
182.64000,1.01193,0.07400,0.92600
182.75999,1.01195,0.06389,0.93611
182.88000,1.01193,0.06037,0.93963
183.00000,1.01193,0.06645,0.93355
183.12000,1.01195,0.08621,0.91379
183.24001,1.01193,0.04938,0.95062
183.36000,1.01193,0.06050,0.93950
183.48000,1.01195,0.03462,0.96538
183.60001,1.01193,0.06335,0.93665
183.72000,1.01193,0.04592,0.95408
183.84000,1.01195,0.04727,0.95273
183.96001,1.01193,0.03899,0.96102
184.08000,1.01193,0.04778,0.95222
184.20000,1.01195,0.09267,0.90733
184.32001,1.01193,0.08751,0.91249
184.44000,1.01193,0.13702,0.86298
184.56000,1.01193,0.20794,0.79206
184.67999,1.01195,0.26915,0.73085
184.80000,1.01193,0.34418,0.65582
184.92000,1.01193,0.32980,0.67020
185.03999,1.01195,0.28510,0.71490
185.16000,1.01193,0.20244,0.79756
185.28000,1.01193,0.14281,0.85719
185.39999,1.01195,0.11725,0.88275
185.52000,1.01193,0.09802,0.90198
185.64000,1.01193,0.06333,0.93667
185.75999,1.01195,0.05486,0.94514
185.88000,1.01193,0.05393,0.94607
186.00000,1.01193,0.06922,0.93078
186.12000,1.01195,0.06608,0.93392
186.24001,1.01193,0.07361,0.92639
186.36000,1.01193,0.08103,0.91897
186.48000,1.01195,0.08723,0.91277
186.60001,1.01193,0.09251,0.90749
186.72000,1.01193,0.09852,0.90148
186.84000,1.01195,0.07806,0.92194
186.96001,1.01193,0.09241,0.90759
187.08000,1.01193,0.06189,0.93811
187.20000,1.01195,0.09992,0.90008
187.32001,1.01193,0.10199,0.89801
187.44000,1.01193,0.06412,0.93588
187.56000,1.01193,0.06076,0.93924
187.67999,1.01195,0.07417,0.92583
187.80000,1.01193,0.07476,0.92524
187.92000,1.01193,0.07858,0.92142
188.03999,1.01195,0.06018,0.93982
188.16000,1.01193,0.09553,0.90447
188.28000,1.01193,0.15208,0.84792
188.39999,1.01195,0.17715,0.82285
188.52000,1.01193,0.27831,0.72169
188.64000,1.01193,0.31181,0.68819
188.75999,1.01195,0.26106,0.73894
188.88000,1.01193,0.33406,0.66594
189.00000,1.01193,0.37542,0.62458
189.12000,1.01195,0.31650,0.68350
189.24001,1.01193,0.28568,0.71432
189.36000,1.01193,0.26357,0.73643
189.48000,1.01195,0.37771,0.62229
189.60001,1.01193,0.35440,0.64560
189.72000,1.01193,0.34397,0.65603
189.84000,1.01195,0.35226,0.64774
189.96001,1.01193,0.34618,0.65382
190.08000,1.01193,0.12845,0.87155
190.20000,1.01195,0.30841,0.69159
190.32001,1.01193,0.15076,0.84924
190.44000,1.01193,0.25378,0.74622
190.56000,1.01193,0.16070,0.83930
190.67999,1.01195,0.19599,0.80401
190.80000,1.01193,0.18152,0.81848
190.92000,1.01193,0.14957,0.85043
191.03999,1.01195,0.16077,0.83923
191.16000,1.01193,0.08080,0.91920
191.28000,1.01193,0.07746,0.92254
191.39999,1.01195,0.06574,0.93426
191.52000,1.01193,0.05748,0.94252
191.64000,1.01193,0.07119,0.92881
191.75999,1.01195,0.08161,0.91839
191.88000,1.01193,0.09226,0.90774
192.00000,1.01193,0.10335,0.89665
192.12000,1.01195,0.16792,0.83208
192.24001,1.01193,0.08401,0.91599
192.36000,1.01193,0.10433,0.89567
192.48000,1.01195,0.10849,0.89151
192.60001,1.01193,0.07591,0.92409
192.72000,1.01193,0.10674,0.89326
192.84000,1.01195,0.14408,0.85592
192.96001,1.01193,0.22334,0.77666
193.08000,1.01193,0.14472,0.85528
193.20000,1.01195,0.32740,0.67260
193.32001,1.01193,0.28227,0.71773
193.44000,1.01193,0.19594,0.80406
193.56000,1.01193,0.20029,0.79971
193.67999,1.01195,0.15954,0.84046
193.80000,1.01193,0.31171,0.68829
193.92000,1.01193,0.16484,0.83516
194.03999,1.01195,0.41850,0.58150
194.16000,1.01193,0.29471,0.70529
194.28000,1.01193,0.34534,0.65466
194.39999,1.01195,0.38532,0.61468
194.52000,1.01193,0.30917,0.69083
194.64000,1.01193,0.34476,0.65524
194.75999,1.01195,0.21601,0.78399
194.88000,1.01193,0.20404,0.79596
195.00000,1.01193,0.17082,0.82918
195.12000,1.01195,0.12365,0.87635
195.24001,1.01193,0.07688,0.92312
195.36000,1.01193,0.07709,0.92291
195.48000,1.01195,0.07270,0.92730
195.60001,1.01193,0.04405,0.95595
195.72000,1.01193,0.07751,0.92249
195.84000,1.01195,0.08598,0.91402
195.96001,1.01193,0.08523,0.91477
196.08000,1.01193,0.09728,0.90272
196.20000,1.01195,0.05268,0.94732
196.32001,1.01193,0.21251,0.78749
196.44000,1.01193,0.05635,0.94365
196.56000,1.01193,0.14118,0.85882
196.67999,1.01195,0.11338,0.88662
196.80000,1.01193,0.17700,0.82300
196.92000,1.01193,0.19617,0.80383
197.03999,1.01195,0.14484,0.85516
197.16000,1.01193,0.14282,0.85718
197.28000,1.01193,0.08987,0.91013
197.39999,1.01195,0.08781,0.91219
197.52000,1.01193,0.11709,0.88291
197.64000,1.01193,0.11546,0.88454
197.75999,1.01195,0.13131,0.86869
197.88000,1.01193,0.09700,0.90300
198.00000,1.01193,0.11009,0.88991
198.12000,1.01195,0.12825,0.87175
198.24001,1.01193,0.12875,0.87125
198.36000,1.01193,0.10212,0.89788
198.48000,1.01195,0.09433,0.90567
198.60001,1.01193,0.06049,0.93951
198.72000,1.01193,0.12172,0.87828
198.84000,1.01195,0.10615,0.89385
198.96001,1.01193,0.07395,0.92605
199.08000,1.01193,0.16939,0.83061
199.20000,1.01195,0.12866,0.87134
199.32001,1.01193,0.19274,0.80726
199.44000,1.01193,0.15725,0.84275
199.56000,1.01193,0.15182,0.84818
199.67999,1.01195,0.08701,0.91299
199.80000,1.01193,0.16255,0.83745
199.92000,1.01193,0.15932,0.84068
200.03999,1.01195,0.14076,0.85924
200.16000,1.01193,0.11835,0.88165
200.28000,1.01193,0.26061,0.73939
200.39999,1.01195,0.17320,0.82680
200.52000,1.01193,0.27182,0.72818
200.64000,1.01193,0.17490,0.82510
200.75999,1.01195,0.22785,0.77215
200.88000,1.01193,0.21261,0.78739
201.00000,1.01193,0.16562,0.83438
201.12000,1.01195,0.20949,0.79051
201.24001,1.01193,0.16583,0.83417
201.36000,1.01193,0.16065,0.83935
201.48000,1.01195,0.13150,0.86850
201.60001,1.01193,0.11410,0.88590
201.72000,1.01193,0.11372,0.88628
201.84000,1.01195,0.09005,0.90995
201.96001,1.01193,0.07544,0.92456
202.08000,1.01193,0.06364,0.93636
202.20000,1.01195,0.09768,0.90232
202.32001,1.01193,0.11275,0.88725
202.44000,1.01193,0.08260,0.91740
202.56000,1.01193,0.05775,0.94225
202.67999,1.01195,0.10975,0.89025
202.80000,1.01193,0.08315,0.91685
202.92000,1.01193,0.10576,0.89424
203.03999,1.01195,0.04830,0.95170
203.16000,1.01193,0.05341,0.94659
203.28000,1.01193,0.07223,0.92777
203.39999,1.01195,0.12069,0.87931
203.52000,1.01193,0.08979,0.91021
203.64000,1.01193,0.11082,0.88918
203.75999,1.01195,0.14579,0.85421
203.88000,1.01193,0.16580,0.83421
204.00000,1.01193,0.16434,0.83566
204.12000,1.01195,0.14372,0.85628
204.24001,1.01193,0.10225,0.89775
204.36000,1.01193,0.08694,0.91306
204.48000,1.01195,0.10096,0.89904
204.60001,1.01193,0.10245,0.89755
204.72000,1.01193,0.08580,0.91420
204.84000,1.01195,0.06458,0.93542
204.96001,1.01193,0.14619,0.85381
205.08000,1.01193,0.12946,0.87054
205.20000,1.01195,0.14684,0.85316
205.32001,1.01193,0.10094,0.89906
205.44000,1.01193,0.14316,0.85684
205.56000,1.01193,0.17230,0.82770
205.67999,1.01195,0.15063,0.84937
205.80000,1.01193,0.12328,0.87672
205.92000,1.01193,0.10753,0.89247
206.03999,1.01195,0.13973,0.86027
206.16000,1.01193,0.09289,0.90711
206.28000,1.01193,0.13829,0.86171
206.39999,1.01195,0.16540,0.83460
206.52000,1.01193,0.09156,0.90844
206.64000,1.01193,0.09834,0.90166
206.75999,1.01195,0.07650,0.92350
206.88000,1.01193,0.07165,0.92835
207.00000,1.01193,0.06424,0.93576
207.12000,1.01195,0.06901,0.93099
207.24001,1.01193,0.05931,0.94069
207.36000,1.01193,0.07524,0.92476
207.48000,1.01195,0.06731,0.93269
207.60001,1.01193,0.10019,0.89981
207.72000,1.01193,0.12329,0.87671
207.84000,1.01195,0.13962,0.86038
207.96001,1.01193,0.07599,0.92401
208.08000,1.01193,0.12492,0.87508
208.20000,1.01195,0.09246,0.90754
208.32001,1.01193,0.09938,0.90062
208.44000,1.01193,0.11452,0.88548
208.56000,1.01193,0.09458,0.90542
208.67999,1.01195,0.11731,0.88269
208.80000,1.01193,0.14452,0.85548
208.92000,1.01193,0.11275,0.88725
209.03999,1.01195,0.14144,0.85856
209.16000,1.01193,0.10118,0.89882
209.28000,1.01193,0.13522,0.86478
209.39999,1.01195,0.05723,0.94277
209.52000,1.01193,0.06828,0.93172
209.64000,1.01193,0.03565,0.96435
209.75999,1.01195,0.02890,0.97110
209.88000,1.01193,0.04220,0.95780
210.00000,1.01193,0.03916,0.96084
210.12000,1.01195,0.02804,0.97196
210.24001,1.01193,0.04128,0.95873
210.36000,1.01193,0.04342,0.95658
210.48000,1.01195,0.04433,0.95567
210.60001,1.01193,0.09599,0.90401
210.72000,1.01193,0.05310,0.94690
210.84000,1.01195,0.09137,0.90863
210.96001,1.01193,0.07527,0.92473
211.08000,1.01193,0.14514,0.85486
211.20000,1.01195,0.10595,0.89405
211.32001,1.01193,0.12589,0.87411
211.44000,1.01193,0.08985,0.91015
211.56000,1.01193,0.10187,0.89813
211.67999,1.01195,0.15537,0.84463
211.80000,1.01193,0.17795,0.82205
211.92000,1.01193,0.12639,0.87361
212.03999,1.01195,0.14124,0.85875
212.16000,1.01193,0.19482,0.80518
212.28000,1.01193,0.16376,0.83624
212.39999,1.01195,0.13214,0.86786
212.52000,1.01193,0.16144,0.83856
212.64000,1.01193,0.11106,0.88894
212.75999,1.01195,0.13505,0.86495
212.88000,1.01193,0.10131,0.89869
213.00000,1.01193,0.11424,0.88576
213.12000,1.01195,0.12596,0.87404
213.24001,1.01193,0.08653,0.91347
213.36000,1.01193,0.13797,0.86203
213.48000,1.01195,0.09900,0.90100
213.60001,1.01193,0.13579,0.86421
213.72000,1.01193,0.08043,0.91957
213.84000,1.01195,0.09768,0.90232
213.96001,1.01193,0.05026,0.94974
214.08000,1.01193,0.10974,0.89026
214.20000,1.01195,0.06264,0.93736
214.32001,1.01193,0.06702,0.93298
214.44000,1.01193,0.03919,0.96081
214.56000,1.01193,0.07364,0.92636
214.67999,1.01195,0.05812,0.94188
214.80000,1.01193,0.08295,0.91705
214.92000,1.01193,0.08193,0.91807
215.03999,1.01195,0.10064,0.89936
215.16000,1.01193,0.07434,0.92566
215.28000,1.01193,0.09576,0.90424
215.39999,1.01195,0.06727,0.93273
215.52000,1.01193,0.07709,0.92291
215.64000,1.01193,0.09101,0.90899
215.75999,1.01195,0.12166,0.87834
215.88000,1.01193,0.08924,0.91076
216.00000,1.01193,0.08244,0.91756
216.12000,1.01195,0.09377,0.90623
216.24001,1.01193,0.10900,0.89100
216.36000,1.01193,0.07722,0.92278
216.48000,1.01195,0.05222,0.94778
216.60001,1.01193,0.04561,0.95439
216.72000,1.01193,0.03369,0.96631
216.84000,1.01195,0.05831,0.94169
216.96001,1.01193,0.03438,0.96562
217.08000,1.01193,0.04601,0.95399
217.20000,1.01195,0.03304,0.96696
217.32001,1.01193,0.06474,0.93526
217.44000,1.01193,0.06016,0.93984
217.56000,1.01193,0.06739,0.93261
217.67999,1.01195,0.06178,0.93822
217.80000,1.01193,0.07630,0.92370
217.92000,1.01193,0.08196,0.91804
218.03999,1.01195,0.06896,0.93104
218.16000,1.01193,0.11126,0.88874
218.28000,1.01193,0.11021,0.88979
218.39999,1.01195,0.19479,0.80521
218.52000,1.01193,0.10701,0.89299
218.64000,1.01193,0.20370,0.79629
218.75999,1.01195,0.08852,0.91148
218.88000,1.01193,0.10666,0.89334
219.00000,1.01193,0.08855,0.91145
219.12000,1.01195,0.11554,0.88446
219.24001,1.01193,0.09404,0.90596
219.36000,1.01193,0.13016,0.86984
219.48000,1.01195,0.08950,0.91050
219.60001,1.01193,0.13163,0.86837
219.72000,1.01193,0.07917,0.92083
219.84000,1.01195,0.07590,0.92410
219.96001,1.01193,0.05408,0.94592
220.08000,1.01193,0.06291,0.93709
220.20000,1.01195,0.05103,0.94897
220.32001,1.01193,0.08547,0.91453
220.44000,1.01193,0.04642,0.95358
220.56000,1.01193,0.04725,0.95275
220.67999,1.01195,0.06826,0.93174
220.80000,1.01193,0.09225,0.90775
220.92000,1.01193,0.06025,0.93975
221.03999,1.01195,0.04119,0.95881
221.16000,1.01193,0.05136,0.94864
221.28000,1.01193,0.04171,0.95829
221.39999,1.01195,0.09303,0.90697
221.52000,1.01193,0.04092,0.95908
221.64000,1.01193,0.10486,0.89514
221.75999,1.01195,0.07544,0.92456
221.88000,1.01193,0.10588,0.89412
222.00000,1.01193,0.08988,0.91012
222.12000,1.01195,0.11373,0.88627
222.24001,1.01193,0.08381,0.91619
222.36000,1.01193,0.05096,0.94904
222.48000,1.01195,0.07265,0.92735
222.60001,1.01193,0.07975,0.92025
222.72000,1.01193,0.05942,0.94058
222.84000,1.01195,0.10255,0.89745
222.96001,1.01193,0.05778,0.94222
223.08000,1.01193,0.12884,0.87116
223.20000,1.01195,0.09346,0.90654
223.32001,1.01193,0.15072,0.84928
223.44000,1.01193,0.05678,0.94322
223.56000,1.01193,0.11764,0.88236
223.67999,1.01195,0.06123,0.93877
223.80000,1.01193,0.05038,0.94962
223.92000,1.01193,0.03888,0.96112
224.03999,1.01195,0.04670,0.95330
224.16000,1.01193,0.05556,0.94444
224.28000,1.01193,0.04471,0.95529
224.39999,1.01195,0.04973,0.95027
224.52000,1.01193,0.02991,0.97009
224.64000,1.01193,0.04108,0.95892
224.75999,1.01195,0.03951,0.96049
224.88000,1.01193,0.08299,0.91701
225.00000,1.01193,0.04787,0.95213
225.12000,1.01195,0.07239,0.92761
225.24001,1.01193,0.05983,0.94017
225.36000,1.01193,0.15445,0.84555
225.48000,1.01195,0.06386,0.93614
225.60001,1.01193,0.12363,0.87637
225.72000,1.01193,0.09283,0.90717
225.84000,1.01195,0.10105,0.89895
225.96001,1.01193,0.09927,0.90073
226.08000,1.01193,0.08035,0.91965
226.20000,1.01195,0.11450,0.88550
226.32001,1.01193,0.10658,0.89342
226.44000,1.01193,0.16921,0.83079
226.56000,1.01193,0.10090,0.89910
226.67999,1.01195,0.18525,0.81475
226.80000,1.01193,0.14167,0.85833
226.92000,1.01193,0.06922,0.93078
227.03999,1.01195,0.09848,0.90152
227.16000,1.01193,0.06171,0.93829
227.28000,1.01193,0.05878,0.94122
227.39999,1.01195,0.02431,0.97569
227.52000,1.01193,0.07769,0.92231
227.64000,1.01193,0.02990,0.97010
227.75999,1.01195,0.05514,0.94486
227.88000,1.01193,0.02571,0.97429
228.00000,1.01193,0.07742,0.92258
228.12000,1.01195,0.03825,0.96175
228.24001,1.01193,0.06735,0.93265
228.36000,1.01193,0.07361,0.92639
228.48000,1.01195,0.05873,0.94127
228.60001,1.01193,0.03895,0.96105
228.72000,1.01193,0.07290,0.92710
228.84000,1.01195,0.05496,0.94504
228.96001,1.01193,0.09106,0.90894
229.08000,1.01193,0.16856,0.83144
229.20000,1.01195,0.20798,0.79202
229.32001,1.01193,0.27163,0.72837
229.44000,1.01193,0.29172,0.70828
229.56000,1.01193,0.40906,0.59094
229.67999,1.01195,0.45988,0.54012
229.80000,1.01193,0.62373,0.37627
229.92000,1.01193,0.59435,0.40565
230.03999,1.01195,0.70596,0.29404
230.16000,1.01193,0.59152,0.40848
230.28000,1.01193,0.73007,0.26993
230.39999,1.01195,0.72500,0.27500
230.52000,1.01193,0.73559,0.26441
230.64000,1.01193,0.82349,0.17651
230.75999,1.01195,0.76662,0.23338
230.88000,1.01193,0.83785,0.16215
231.00000,1.01193,0.73922,0.26078
231.12000,1.01195,0.73388,0.26612
231.24001,1.01193,0.68060,0.31940
231.36000,1.01193,0.79597,0.20403
231.48000,1.01195,0.56059,0.43941
231.60001,1.01193,0.82557,0.17443
231.72000,1.01193,0.60761,0.39239
231.84000,1.01195,0.78452,0.21548
231.96001,1.01193,0.54354,0.45646
232.08000,1.01193,0.69905,0.30095
232.20000,1.01195,0.59386,0.40614
232.32001,1.01193,0.44818,0.55182
232.44000,1.01193,0.60270,0.39730
232.56000,1.01193,0.38961,0.61039
232.67999,1.01195,0.42291,0.57709
232.80000,1.01193,0.30450,0.69550
232.92000,1.01193,0.39520,0.60480
233.03999,1.01195,0.20680,0.79320
233.16000,1.01193,0.36007,0.63993
233.28000,1.01193,0.39703,0.60297
233.39999,1.01195,0.43087,0.56913
233.52000,1.01193,0.47242,0.52758
233.64000,1.01193,0.55773,0.44227
233.75999,1.01195,0.60398,0.39602
233.88000,1.01193,0.54863,0.45137
234.00000,1.01193,0.51960,0.48040
234.12000,1.01195,0.54874,0.45126
234.24001,1.01193,0.49283,0.50717
234.36000,1.01193,0.55353,0.44647
234.48000,1.01195,0.57223,0.42777
234.60001,1.01193,0.57655,0.42345
234.72000,1.01193,0.68573,0.31427
234.84000,1.01195,0.57482,0.42518
234.96001,1.01193,0.66794,0.33206
235.08000,1.01193,0.56038,0.43962
235.20000,1.01195,0.66408,0.33592
235.32001,1.01193,0.59576,0.40424
235.44000,1.01193,0.54379,0.45621
235.56000,1.01193,0.51775,0.48225
235.67999,1.01195,0.54331,0.45669
235.80000,1.01193,0.53233,0.46767
235.92000,1.01193,0.52149,0.47851
236.03999,1.01195,0.45564,0.54436
236.16000,1.01193,0.46439,0.53561
236.28000,1.01193,0.51193,0.48807
236.39999,1.01195,0.61523,0.38477
236.52000,1.01193,0.56008,0.43992
236.64000,1.01193,0.54901,0.45099
236.75999,1.01195,0.59131,0.40869
236.88000,1.01193,0.60087,0.39913
237.00000,1.01193,0.70532,0.29468
237.12000,1.01195,0.58168,0.41832
237.24001,1.01193,0.63809,0.36191
237.36000,1.01193,0.40540,0.59460
237.48000,1.01195,0.56685,0.43315
237.60001,1.01193,0.37765,0.62235
237.72000,1.01193,0.56181,0.43819
237.84000,1.01195,0.45407,0.54593
237.96001,1.01193,0.46977,0.53023
238.08000,1.01193,0.43332,0.56668
238.20000,1.01195,0.54296,0.45704
238.32001,1.01193,0.56616,0.43384
238.44000,1.01193,0.43345,0.56655
238.56000,1.01193,0.59918,0.40082
238.67999,1.01195,0.49796,0.50204
238.80000,1.01193,0.54941,0.45059
238.92000,1.01193,0.45287,0.54713
239.03999,1.01195,0.61519,0.38481
239.16000,1.01193,0.57314,0.42686
239.28000,1.01193,0.57038,0.42962
239.39999,1.01195,0.60055,0.39945
239.52000,1.01193,0.61712,0.38288
239.64000,1.01193,0.59896,0.40104
239.75999,1.01195,0.54391,0.45609
239.88000,1.01193,0.60164,0.39836
240.00000,1.01193,0.57542,0.42458
240.12000,1.01195,0.54446,0.45554
240.24001,1.01193,0.68208,0.31792
240.36000,1.01193,0.68179,0.31821
240.48000,1.01195,0.72102,0.27898
240.60001,1.01193,0.68923,0.31077
240.72000,1.01193,0.72357,0.27643
240.84000,1.01195,0.77831,0.22169
240.96001,1.01193,0.72957,0.27043
241.08000,1.01193,0.78156,0.21844
241.20000,1.01195,0.77921,0.22079
241.32001,1.01193,0.76832,0.23168
241.44000,1.01193,0.75873,0.24127
241.56000,1.01193,0.77253,0.22747
241.67999,1.01195,0.73654,0.26346
241.80000,1.01193,0.78380,0.21620
241.92000,1.01193,0.75528,0.24472
242.03999,1.01195,0.73482,0.26518
242.16000,1.01193,0.70118,0.29882
242.28000,1.01193,0.69449,0.30551
242.39999,1.01195,0.71790,0.28210
242.52000,1.01193,0.67309,0.32691
242.64000,1.01193,0.62727,0.37273
242.75999,1.01195,0.57365,0.42635
242.88000,1.01193,0.58896,0.41104
243.00000,1.01193,0.48793,0.51207
243.12000,1.01195,0.55698,0.44302
243.24001,1.01193,0.45480,0.54520
243.36000,1.01193,0.54023,0.45977
243.48000,1.01195,0.50425,0.49575
243.60001,1.01193,0.67636,0.32364
243.72000,1.01193,0.53307,0.46693
243.84000,1.01195,0.67255,0.32745
243.96001,1.01193,0.60076,0.39924
244.08000,1.01193,0.67274,0.32726
244.20000,1.01195,0.55426,0.44574
244.32001,1.01193,0.63349,0.36651
244.44000,1.01193,0.53923,0.46077
244.56000,1.01193,0.59473,0.40527
244.67999,1.01195,0.51938,0.48062
244.80000,1.01193,0.57594,0.42406
244.92000,1.01193,0.53591,0.46409
245.03999,1.01195,0.60285,0.39715
245.16000,1.01193,0.50504,0.49496
245.28000,1.01193,0.64131,0.35869
245.39999,1.01195,0.55647,0.44353
245.52000,1.01193,0.57642,0.42358
245.64000,1.01193,0.61895,0.38105
245.75999,1.01195,0.62568,0.37432
245.88000,1.01193,0.68209,0.31791
246.00000,1.01193,0.66372,0.33628
246.12000,1.01195,0.64649,0.35351
246.24001,1.01193,0.65906,0.34094
246.36000,1.01193,0.65904,0.34096
246.48000,1.01195,0.69983,0.30017
246.60001,1.01193,0.59736,0.40264
246.72000,1.01193,0.62706,0.37294
246.84000,1.01195,0.67127,0.32873
246.96001,1.01193,0.63528,0.36472
247.08000,1.01193,0.54129,0.45871
247.20000,1.01195,0.53073,0.46927
247.32001,1.01193,0.53122,0.46878
247.44000,1.01193,0.65872,0.34128
247.56000,1.01193,0.52665,0.47335
247.67999,1.01195,0.55298,0.44702
247.80000,1.01193,0.52050,0.47950
247.92000,1.01193,0.61724,0.38276
248.03999,1.01195,0.58795,0.41205
248.16000,1.01193,0.54595,0.45405
248.28000,1.01193,0.67795,0.32205
248.39999,1.01195,0.50958,0.49042
248.52000,1.01193,0.55701,0.44299
248.64000,1.01193,0.44670,0.55330
248.75999,1.01195,0.47281,0.52719
248.88000,1.01193,0.42810,0.57190
249.00000,1.01193,0.46609,0.53391
249.12000,1.01195,0.43504,0.56496
249.24001,1.01193,0.50587,0.49413
249.36000,1.01193,0.49405,0.50595
249.48000,1.01195,0.60053,0.39947
249.60001,1.01193,0.61471,0.38529
249.72000,1.01193,0.67299,0.32701
249.84000,1.01195,0.56813,0.43187
249.96001,1.01193,0.67884,0.32116
250.08000,1.01193,0.52990,0.47010
250.20000,1.01195,0.59216,0.40784
250.32001,1.01193,0.58858,0.41142
250.44000,1.01193,0.62512,0.37488
250.56000,1.01193,0.49330,0.50670
250.67999,1.01195,0.53799,0.46201
250.80000,1.01193,0.52201,0.47799
250.92000,1.01193,0.60198,0.39802
251.03999,1.01195,0.66408,0.33592
251.16000,1.01193,0.58575,0.41425
251.28000,1.01193,0.73466,0.26534
251.39999,1.01195,0.68468,0.31532
251.52000,1.01193,0.76431,0.23569
251.64000,1.01193,0.74723,0.25277
251.75999,1.01195,0.74162,0.25838
251.88000,1.01193,0.77005,0.22995
252.00000,1.01193,0.73007,0.26993
252.12000,1.01195,0.74600,0.25400
252.24001,1.01193,0.68612,0.31388
252.36000,1.01193,0.67395,0.32605
252.48000,1.01195,0.70438,0.29562
252.60001,1.01193,0.69074,0.30926
252.72000,1.01193,0.73630,0.26370
252.84000,1.01195,0.70890,0.29110
252.96001,1.01193,0.74097,0.25903
253.08000,1.01193,0.64488,0.35512
253.20000,1.01195,0.73671,0.26329
253.32001,1.01193,0.66744,0.33256
253.44000,1.01193,0.77782,0.22218
253.56000,1.01193,0.75540,0.24460
253.67999,1.01195,0.77103,0.22897
253.80000,1.01193,0.66861,0.33139
253.92000,1.01193,0.72299,0.27701
254.03999,1.01195,0.75209,0.24791
254.16000,1.01193,0.78757,0.21243
254.28000,1.01193,0.78743,0.21257
254.39999,1.01195,0.79642,0.20358
254.52000,1.01193,0.68917,0.31083
254.64000,1.01193,0.79217,0.20783
254.75999,1.01195,0.75750,0.24250
254.88000,1.01193,0.77182,0.22818
255.00000,1.01193,0.72675,0.27325
255.12000,1.01193,0.73378,0.26622
255.24001,1.01192,0.74853,0.25147
255.36000,1.01195,0.71015,0.28985
255.48000,1.01195,0.72668,0.27332
255.60001,1.01193,0.72213,0.27787
255.72000,1.01193,0.73032,0.26968
255.84000,1.01193,0.72907,0.27093
255.96001,1.01192,0.75792,0.24208
256.07999,1.01196,0.77800,0.22200
256.20001,1.01193,0.73584,0.26416
256.32001,1.01193,0.66470,0.33530
256.44000,1.01193,0.66507,0.33493
256.56000,1.01193,0.67390,0.32610
256.67999,1.01193,0.67905,0.32095
256.79999,1.01196,0.60705,0.39295
256.92001,1.01193,0.72034,0.27966
257.04001,1.01193,0.58987,0.41013
257.16000,1.01193,0.66066,0.33934
257.28000,1.01193,0.67174,0.32826
257.39999,1.01193,0.63679,0.36321
257.51999,1.01196,0.67896,0.32104
257.64001,1.01193,0.60814,0.39186
257.76001,1.01193,0.63175,0.36825
257.88000,1.01193,0.61580,0.38420
258.00000,1.01193,0.56177,0.43823
258.12000,1.01193,0.58173,0.41827
258.23999,1.01193,0.55863,0.44137
258.35999,1.01196,0.61706,0.38294
258.48001,1.01193,0.61686,0.38314
258.60001,1.01193,0.68861,0.31139
258.72000,1.01193,0.67045,0.32955
258.84000,1.01193,0.76063,0.23937
258.95999,1.01193,0.72626,0.27374
259.07999,1.01196,0.78402,0.21598
259.20001,1.01193,0.78520,0.21480
259.32001,1.01193,0.83170,0.16830
259.44000,1.01193,0.85809,0.14191
259.56000,1.01193,0.82008,0.17992
259.67999,1.01193,0.85448,0.14552
259.79999,1.01196,0.84361,0.15639
259.92001,1.01193,0.83533,0.16467
260.04001,1.01193,0.83795,0.16205
260.16000,1.01193,0.79665,0.20335
260.28000,1.01193,0.82374,0.17626
260.39999,1.01193,0.79064,0.20936
260.51999,1.01196,0.78231,0.21769
260.64001,1.01193,0.72959,0.27041
260.76001,1.01193,0.79086,0.20914
260.88000,1.01193,0.74532,0.25468
261.00000,1.01193,0.68082,0.31918
261.12000,1.01193,0.70558,0.29442
261.23999,1.01193,0.68811,0.31189
261.35999,1.01196,0.66123,0.33877
261.48001,1.01193,0.66441,0.33559
261.60001,1.01193,0.62028,0.37972
261.72000,1.01193,0.72215,0.27785
261.84000,1.01193,0.69922,0.30078
261.95999,1.01193,0.67874,0.32126
262.07999,1.01196,0.68954,0.31046
262.20001,1.01193,0.71306,0.28694
262.32001,1.01193,0.66470,0.33530
262.44000,1.01193,0.68351,0.31649
262.56000,1.01193,0.71752,0.28248
262.67999,1.01193,0.65871,0.34129
262.79999,1.01196,0.73602,0.26398
262.92001,1.01193,0.73594,0.26406
263.04001,1.01193,0.75437,0.24563
263.16000,1.01193,0.74683,0.25317
263.28000,1.01193,0.75144,0.24856
263.39999,1.01193,0.81972,0.18028
263.51999,1.01196,0.77959,0.22041
263.64001,1.01193,0.82140,0.17860
263.76001,1.01193,0.77965,0.22035
263.88000,1.01193,0.79961,0.20039
264.00000,1.01193,0.76897,0.23103
264.12000,1.01193,0.78049,0.21951
264.23999,1.01193,0.74904,0.25096
264.35999,1.01196,0.75347,0.24653
264.48001,1.01193,0.71281,0.28719
264.60001,1.01193,0.71191,0.28809
264.72000,1.01193,0.70903,0.29097
264.84000,1.01193,0.74735,0.25265
264.95999,1.01193,0.76787,0.23213
265.07999,1.01196,0.81520,0.18480
265.20001,1.01193,0.81612,0.18388
265.32001,1.01193,0.82985,0.17015
265.44000,1.01193,0.79367,0.20633
265.56000,1.01193,0.83920,0.16080
265.67999,1.01193,0.80170,0.19830
265.79999,1.01196,0.83802,0.16198
265.92001,1.01193,0.77650,0.22350
266.04001,1.01193,0.79384,0.20616
266.16000,1.01193,0.74796,0.25204
266.28000,1.01193,0.79707,0.20293
266.39999,1.01193,0.78297,0.21703
266.51999,1.01196,0.74782,0.25218
266.64001,1.01193,0.84914,0.15086
266.76001,1.01193,0.80252,0.19748
266.88000,1.01193,0.86753,0.13247
267.00000,1.01193,0.78098,0.21902
267.12000,1.01193,0.81680,0.18320
267.23999,1.01193,0.82018,0.17982
267.35999,1.01196,0.85384,0.14616
267.48001,1.01193,0.82143,0.17857
267.60001,1.01193,0.82538,0.17462
267.72000,1.01193,0.79438,0.20562
267.84000,1.01193,0.77745,0.22255
267.95999,1.01193,0.78471,0.21529
268.07999,1.01196,0.81211,0.18789
268.20001,1.01193,0.82334,0.17666
268.32001,1.01193,0.81637,0.18363
268.44000,1.01193,0.82441,0.17559
268.56000,1.01193,0.84518,0.15482
268.67999,1.01193,0.85977,0.14023
268.79999,1.01196,0.79630,0.20370
268.92001,1.01193,0.81442,0.18558
269.04001,1.01193,0.84477,0.15523
269.16000,1.01193,0.83529,0.16471
269.28000,1.01193,0.81723,0.18277
269.39999,1.01193,0.80019,0.19981
269.51999,1.01196,0.85522,0.14478
269.64001,1.01193,0.84430,0.15570
269.76001,1.01193,0.85143,0.14857
269.88000,1.01193,0.85755,0.14245
270.00000,1.01193,0.88277,0.11723
270.12000,1.01193,0.87027,0.12973
270.23999,1.01193,0.85335,0.14665
270.35999,1.01196,0.87639,0.12361
270.48001,1.01193,0.86133,0.13867
270.60001,1.01193,0.90876,0.09124
270.72000,1.01193,0.84810,0.15190
270.84000,1.01193,0.88508,0.11492
270.95999,1.01193,0.83942,0.16058
271.07999,1.01196,0.85890,0.14110
271.20001,1.01193,0.83303,0.16697
271.32001,1.01193,0.86564,0.13436
271.44000,1.01193,0.84400,0.15600
271.56000,1.01193,0.87027,0.12973
271.67999,1.01193,0.86365,0.13635
271.79999,1.01196,0.89085,0.10915
271.92001,1.01193,0.88659,0.11341
272.04001,1.01193,0.90194,0.09806
272.16000,1.01193,0.86764,0.13236
272.28000,1.01193,0.87387,0.12613
272.39999,1.01193,0.84577,0.15423
272.51999,1.01196,0.89617,0.10383
272.64001,1.01193,0.85205,0.14795
272.76001,1.01193,0.84761,0.15239
272.88000,1.01193,0.85329,0.14671
273.00000,1.01193,0.89011,0.10989
273.12000,1.01193,0.85351,0.14649
273.23999,1.01193,0.84736,0.15264
273.35999,1.01196,0.87097,0.12903
273.48001,1.01193,0.84285,0.15715
273.60001,1.01193,0.85067,0.14933
273.72000,1.01193,0.81963,0.18037
273.84000,1.01193,0.84754,0.15246
273.95999,1.01193,0.79405,0.20595
274.07999,1.01196,0.81031,0.18969
274.20001,1.01193,0.78827,0.21173
274.32001,1.01193,0.83223,0.16777
274.44000,1.01193,0.81581,0.18419
274.56000,1.01193,0.81851,0.18149
274.67999,1.01193,0.80324,0.19676
274.79999,1.01196,0.81947,0.18053
274.92001,1.01193,0.80161,0.19839
275.04001,1.01193,0.78747,0.21253
275.16000,1.01193,0.77791,0.22209
275.28000,1.01193,0.79618,0.20382
275.39999,1.01193,0.76778,0.23222
275.51999,1.01196,0.75904,0.24096
275.64001,1.01193,0.79266,0.20734
275.76001,1.01193,0.80353,0.19647
275.88000,1.01193,0.84282,0.15718
276.00000,1.01193,0.79760,0.20240
276.12000,1.01193,0.84514,0.15486
276.23999,1.01193,0.84418,0.15582
276.35999,1.01196,0.81978,0.18022
276.48001,1.01193,0.77044,0.22956
276.60001,1.01193,0.80911,0.19089
276.72000,1.01193,0.78451,0.21549
276.84000,1.01193,0.75866,0.24134
276.95999,1.01193,0.71729,0.28271
277.07999,1.01196,0.75965,0.24035
277.20001,1.01193,0.63741,0.36259
277.32001,1.01193,0.78106,0.21894
277.44000,1.01193,0.72681,0.27319
277.56000,1.01193,0.67357,0.32643
277.67999,1.01193,0.70675,0.29325
277.79999,1.01196,0.73734,0.26266
277.92001,1.01193,0.68253,0.31747
278.04001,1.01193,0.73644,0.26356
278.16000,1.01193,0.59666,0.40334
278.28000,1.01193,0.74261,0.25739
278.39999,1.01193,0.72958,0.27042
278.51999,1.01196,0.70440,0.29560
278.64001,1.01193,0.74789,0.25211
278.76001,1.01193,0.68953,0.31047
278.88000,1.01193,0.61862,0.38138
279.00000,1.01193,0.60785,0.39215
279.12000,1.01193,0.53029,0.46971
279.23999,1.01193,0.66531,0.33469
279.35999,1.01196,0.63542,0.36458
279.48001,1.01193,0.71827,0.28173
279.60001,1.01193,0.63095,0.36905
279.72000,1.01193,0.82600,0.17400
279.84000,1.01193,0.67120,0.32880
279.95999,1.01193,0.79000,0.21000
280.07999,1.01196,0.73208,0.26792
280.20001,1.01193,0.79089,0.20911
280.32001,1.01193,0.73326,0.26674
280.44000,1.01193,0.73741,0.26259
280.56000,1.01193,0.77742,0.22258
280.67999,1.01193,0.75884,0.24116
280.79999,1.01196,0.84179,0.15821
280.92001,1.01193,0.76072,0.23929
281.04001,1.01193,0.85770,0.14230
281.16000,1.01193,0.76843,0.23157
281.28000,1.01193,0.86989,0.13011
281.39999,1.01193,0.85384,0.14616
281.51999,1.01196,0.82934,0.17066
281.64001,1.01193,0.80183,0.19817
281.76001,1.01193,0.81222,0.18778
281.88000,1.01193,0.80987,0.19013
282.00000,1.01193,0.90010,0.09990
282.12000,1.01193,0.81057,0.18943
282.23999,1.01193,0.86771,0.13229
282.35999,1.01196,0.86570,0.13430
282.48001,1.01193,0.81364,0.18636
282.60001,1.01193,0.85368,0.14632
282.72000,1.01193,0.79070,0.20930
282.84000,1.01193,0.82627,0.17373
282.95999,1.01193,0.79148,0.20852
283.07999,1.01196,0.80436,0.19564
283.20001,1.01193,0.80681,0.19319
283.32001,1.01193,0.78038,0.21962
283.44000,1.01193,0.79835,0.20165
283.56000,1.01193,0.79223,0.20777
283.67999,1.01193,0.80288,0.19712
283.79999,1.01196,0.81508,0.18492
283.92001,1.01193,0.81790,0.18210
284.04001,1.01193,0.82944,0.17056
284.16000,1.01193,0.86252,0.13748
284.28000,1.01193,0.86249,0.13751
284.39999,1.01193,0.85550,0.14450
284.51999,1.01196,0.90358,0.09642
284.64001,1.01193,0.87707,0.12293
284.76001,1.01193,0.90267,0.09733
284.88000,1.01193,0.85387,0.14613
285.00000,1.01193,0.86484,0.13516
285.12000,1.01193,0.80329,0.19671
285.23999,1.01193,0.82475,0.17525
285.35999,1.01196,0.81265,0.18735
285.48001,1.01193,0.78247,0.21753
285.60001,1.01193,0.78947,0.21053
285.72000,1.01193,0.78375,0.21625
285.84000,1.01193,0.80118,0.19882
285.95999,1.01193,0.82307,0.17693
286.07999,1.01196,0.78212,0.21788
286.20001,1.01193,0.82686,0.17314
286.32001,1.01193,0.78585,0.21415
286.44000,1.01193,0.80591,0.19409
286.56000,1.01193,0.78416,0.21584
286.67999,1.01193,0.80142,0.19858
286.79999,1.01196,0.75556,0.24444
286.92001,1.01193,0.75653,0.24347
287.04001,1.01193,0.73973,0.26027
287.16000,1.01193,0.75368,0.24632
287.28000,1.01193,0.71308,0.28692
287.39999,1.01193,0.75710,0.24290
287.51999,1.01196,0.75680,0.24320
287.64001,1.01193,0.72983,0.27017
287.76001,1.01193,0.74572,0.25428
287.88000,1.01193,0.79676,0.20324
288.00000,1.01193,0.75910,0.24090
288.12000,1.01193,0.78561,0.21439
288.23999,1.01193,0.77975,0.22025
288.35999,1.01196,0.76900,0.23100
288.48001,1.01193,0.77597,0.22403
288.60001,1.01193,0.78425,0.21575
288.72000,1.01193,0.74554,0.25446
288.84000,1.01193,0.71550,0.28450
288.95999,1.01193,0.75425,0.24575
289.07999,1.01196,0.73648,0.26352
289.20001,1.01193,0.73875,0.26125
289.32001,1.01193,0.73572,0.26428
289.44000,1.01193,0.77867,0.22133
289.56000,1.01193,0.74032,0.25968
289.67999,1.01193,0.71830,0.28170
289.79999,1.01196,0.69209,0.30791
289.92001,1.01193,0.74577,0.25423
290.04001,1.01193,0.73480,0.26520
290.16000,1.01193,0.69496,0.30504
290.28000,1.01193,0.71274,0.28726
290.39999,1.01193,0.68773,0.31227
290.51999,1.01196,0.71165,0.28835
290.64001,1.01193,0.66608,0.33392
290.76001,1.01193,0.71297,0.28703
290.88000,1.01193,0.72465,0.27535
291.00000,1.01193,0.74408,0.25592
291.12000,1.01193,0.70773,0.29227
291.23999,1.01193,0.77006,0.22994
291.35999,1.01196,0.71819,0.28181
291.48001,1.01193,0.72719,0.27281
291.60001,1.01193,0.73376,0.26624
291.72000,1.01193,0.77995,0.22005
291.84000,1.01193,0.75632,0.24368
291.95999,1.01193,0.76385,0.23615
292.07999,1.01196,0.74139,0.25861
292.20001,1.01193,0.76534,0.23466
292.32001,1.01193,0.77200,0.22800
292.44000,1.01193,0.75499,0.24501
292.56000,1.01193,0.75360,0.24640
292.67999,1.01193,0.74099,0.25901
