Time (seconds), Duration (seconds),pred_unlabeled,pred_sirens
0.00000,1.01194,0.97560,0.02440
0.12000,1.01194,0.78406,0.21594
0.24000,1.01194,0.03660,0.96340
0.36000,1.01194,0.04722,0.95278
0.48000,1.01194,0.00539,0.99461
0.60000,1.01194,0.16238,0.83762
0.72000,1.01194,0.17391,0.82609
0.84000,1.01194,0.13231,0.86769
0.96000,1.01194,0.05650,0.94350
1.08000,1.01194,0.30274,0.69726
1.20000,1.01194,0.05911,0.94089
1.32000,1.01194,0.11917,0.88083
1.44000,1.01194,0.10533,0.89467
1.56000,1.01194,0.03353,0.96647
1.68000,1.01194,0.08035,0.91965
1.80000,1.01194,0.03570,0.96430
1.92000,1.01194,0.06146,0.93854
2.04000,1.01194,0.06295,0.93705
2.16000,1.01194,0.05504,0.94496
2.28000,1.01194,0.18589,0.81411
2.40000,1.01194,0.10046,0.89954
2.52000,1.01194,0.28623,0.71377
2.64000,1.01194,0.13726,0.86274
2.76000,1.01194,0.36914,0.63086
2.88000,1.01194,0.11842,0.88158
3.00000,1.01194,0.28529,0.71471
3.12000,1.01194,0.26038,0.73962
3.24000,1.01194,0.43361,0.56639
3.36000,1.01194,0.35883,0.64117
3.48000,1.01194,0.34773,0.65227
3.60000,1.01194,0.40670,0.59330
3.72000,1.01194,0.29613,0.70387
3.84000,1.01194,0.58342,0.41658
3.96000,1.01194,0.54445,0.45555
4.08000,1.01194,0.49784,0.50216
4.20000,1.01194,0.57445,0.42555
4.32000,1.01194,0.38511,0.61489
4.44000,1.01194,0.71141,0.28859
4.56000,1.01194,0.62456,0.37544
4.68000,1.01194,0.69208,0.30792
4.80000,1.01194,0.52554,0.47446
4.92000,1.01194,0.64961,0.35039
5.04000,1.01194,0.73007,0.26993
5.16000,1.01194,0.58426,0.41574
5.28000,1.01194,0.77708,0.22292
5.40000,1.01194,0.73550,0.26450
5.52000,1.01194,0.85767,0.14233
5.64000,1.01194,0.84315,0.15685
5.76000,1.01194,0.52345,0.47655
5.88000,1.01194,0.82022,0.17978
6.00000,1.01194,0.68130,0.31870
6.12000,1.01194,0.74684,0.25316
6.24000,1.01194,0.75453,0.24547
6.36000,1.01194,0.77898,0.22102
6.48000,1.01194,0.79318,0.20682
6.60000,1.01194,0.87247,0.12753
6.72000,1.01194,0.94723,0.05277
6.84000,1.01194,0.92842,0.07158
6.96000,1.01194,0.96822,0.03178
7.08000,1.01194,0.90200,0.09800
7.20000,1.01194,0.98135,0.01865
7.32000,1.01194,0.95656,0.04344
7.44000,1.01194,0.94465,0.05535
7.56000,1.01194,0.94974,0.05026
7.68000,1.01194,0.95120,0.04880
7.80000,1.01194,0.95730,0.04270
7.92000,1.01194,0.96090,0.03910
8.04000,1.01194,0.91930,0.08070
8.16000,1.01194,0.95881,0.04119
8.28000,1.01194,0.90430,0.09570
8.40000,1.01194,0.97949,0.02051
8.52000,1.01194,0.96059,0.03941
8.64000,1.01194,0.98460,0.01540
8.76000,1.01194,0.97856,0.02144
8.88000,1.01194,0.95063,0.04937
9.00000,1.01194,0.98567,0.01433
9.12000,1.01194,0.96274,0.03726
9.24000,1.01194,0.98406,0.01594
9.36000,1.01194,0.96822,0.03178
9.48000,1.01194,0.96908,0.03092
9.60000,1.01194,0.97983,0.02017
9.72000,1.01194,0.95764,0.04236
9.84000,1.01194,0.98473,0.01527
9.96000,1.01194,0.97388,0.02611
10.08000,1.01194,0.97148,0.02852
10.20000,1.01194,0.97513,0.02487
10.32000,1.01194,0.92312,0.07688
10.44000,1.01194,0.97246,0.02754
10.56000,1.01194,0.90988,0.09012
10.68000,1.01194,0.97041,0.02959
10.80000,1.01194,0.93965,0.06035
10.92000,1.01194,0.90476,0.09524
11.04000,1.01194,0.94669,0.05331
11.16000,1.01194,0.82102,0.17898
11.28000,1.01194,0.94812,0.05188
11.40000,1.01194,0.85717,0.14283
11.52000,1.01194,0.93180,0.06820
11.64000,1.01194,0.89029,0.10971
11.76000,1.01194,0.75611,0.24389
11.88000,1.01194,0.92301,0.07699
12.00000,1.01194,0.90093,0.09907
12.12000,1.01194,0.93428,0.06572
12.24000,1.01194,0.93090,0.06910
12.36000,1.01194,0.72998,0.27002
12.48000,1.01194,0.85035,0.14965
12.60000,1.01194,0.69615,0.30385
12.72000,1.01194,0.78125,0.21875
12.84000,1.01194,0.60795,0.39205
12.96000,1.01194,0.77409,0.22591
13.08000,1.01194,0.68753,0.31247
13.20000,1.01194,0.58814,0.41186
13.32000,1.01194,0.80664,0.19336
13.44000,1.01194,0.67263,0.32737
13.56000,1.01194,0.92047,0.07953
13.68000,1.01194,0.81343,0.18657
13.80000,1.01194,0.75336,0.24664
13.92000,1.01194,0.87815,0.12185
14.04000,1.01194,0.86332,0.13668
14.16000,1.01194,0.90066,0.09934
14.28000,1.01194,0.69890,0.30110
14.40000,1.01194,0.92541,0.07459
14.52000,1.01194,0.93064,0.06936
14.64000,1.01194,0.90538,0.09462
14.76000,1.01194,0.92820,0.07180
14.88000,1.01194,0.95370,0.04630
15.00000,1.01194,0.94880,0.05120
15.12000,1.01194,0.95106,0.04894
15.24000,1.01194,0.90437,0.09563
15.36000,1.01194,0.95383,0.04617
15.48000,1.01194,0.83168,0.16832
15.60000,1.01194,0.96497,0.03503
15.72000,1.01194,0.88017,0.11983
15.84000,1.01194,0.96014,0.03986
15.96000,1.01194,0.96738,0.03262
16.08000,1.01194,0.89830,0.10170
16.20000,1.01194,0.96817,0.03183
16.32000,1.01194,0.93222,0.06778
16.44000,1.01194,0.97746,0.02254
16.56000,1.01194,0.94382,0.05618
16.68000,1.01194,0.87100,0.12900
16.80000,1.01194,0.92479,0.07521
16.92000,1.01194,0.89221,0.10779
17.04000,1.01194,0.90580,0.09420
17.16000,1.01194,0.92481,0.07519
17.28000,1.01194,0.95783,0.04217
17.40000,1.01194,0.96706,0.03294
17.52000,1.01194,0.94353,0.05647
17.64000,1.01194,0.94037,0.05963
17.76000,1.01194,0.93826,0.06174
17.88000,1.01194,0.85903,0.14097
18.00000,1.01194,0.91867,0.08133
18.12000,1.01194,0.89453,0.10547
18.24000,1.01194,0.89882,0.10118
18.36000,1.01194,0.92094,0.07906
18.48000,1.01194,0.92593,0.07407
18.60000,1.01194,0.96318,0.03682
18.72000,1.01194,0.92718,0.07282
18.84000,1.01194,0.95645,0.04355
18.96000,1.01194,0.92858,0.07142
19.08000,1.01194,0.96467,0.03533
19.20000,1.01194,0.92018,0.07982
19.32000,1.01194,0.93805,0.06195
19.44000,1.01194,0.93130,0.06870
19.56000,1.01194,0.89812,0.10188
