Time (seconds), Duration (seconds),pred_unlabeled,pred_sirens
0.00000,1.01194,0.83509,0.16491
0.12000,1.01194,0.86621,0.13379
0.24000,1.01194,0.90330,0.09670
0.36000,1.01194,0.85158,0.14842
0.48000,1.01194,0.91242,0.08758
0.60000,1.01194,0.82911,0.17089
0.72000,1.01194,0.85587,0.14413
0.84000,1.01194,0.76543,0.23457
0.96000,1.01194,0.65491,0.34509
1.08000,1.01194,0.80625,0.19375
1.20000,1.01194,0.59374,0.40626
1.32000,1.01194,0.84532,0.15468
1.44000,1.01194,0.62716,0.37284
1.56000,1.01194,0.88740,0.11260
1.68000,1.01194,0.74977,0.25023
1.80000,1.01194,0.95379,0.04621
1.92000,1.01194,0.84450,0.15550
2.04000,1.01194,0.96819,0.03181
2.16000,1.01194,0.90218,0.09782
2.28000,1.01194,0.98834,0.01166
2.40000,1.01194,0.91287,0.08713
2.52000,1.01194,0.98162,0.01838
2.64000,1.01194,0.92632,0.07368
2.76000,1.01194,0.94565,0.05435
2.88000,1.01194,0.93990,0.06010
3.00000,1.01194,0.92518,0.07482
3.12000,1.01194,0.97081,0.02919
3.24000,1.01194,0.96488,0.03512
3.36000,1.01194,0.94163,0.05837
3.48000,1.01194,0.95211,0.04789
3.60000,1.01194,0.93226,0.06774
3.72000,1.01194,0.92636,0.07364
3.84000,1.01194,0.90509,0.09491
3.96000,1.01194,0.95247,0.04753
4.08000,1.01194,0.91670,0.08330
4.20000,1.01194,0.93578,0.06422
4.32000,1.01194,0.92234,0.07766
4.44000,1.01194,0.94382,0.05618
4.56000,1.01194,0.95832,0.04168
4.68000,1.01194,0.94623,0.05377
4.80000,1.01194,0.97383,0.02617
4.92000,1.01194,0.96821,0.03179
5.04000,1.01194,0.96399,0.03601
5.16000,1.01194,0.95672,0.04328
5.28000,1.01194,0.95649,0.04351
5.40000,1.01194,0.94284,0.05716
5.52000,1.01194,0.94879,0.05121
5.64000,1.01194,0.87514,0.12486
5.76000,1.01194,0.83093,0.16907
5.88000,1.01194,0.85610,0.14390
6.00000,1.01194,0.67588,0.32412
6.12000,1.01194,0.72231,0.27769
6.24000,1.01194,0.61663,0.38337
6.36000,1.01194,0.62439,0.37561
6.48000,1.01194,0.61360,0.38640
6.60000,1.01194,0.66754,0.33246
6.72000,1.01194,0.68717,0.31283
6.84000,1.01194,0.81267,0.18733
6.96000,1.01194,0.81967,0.18033
7.08000,1.01194,0.82813,0.17187
7.20000,1.01194,0.68283,0.31717
7.32000,1.01194,0.82213,0.17787
7.44000,1.01194,0.66617,0.33383
7.56000,1.01194,0.86094,0.13906
7.68000,1.01194,0.78854,0.21146
7.80000,1.01194,0.86620,0.13380
7.92000,1.01194,0.85894,0.14106
8.04000,1.01194,0.86414,0.13586
8.16000,1.01194,0.73103,0.26897
8.28000,1.01194,0.74077,0.25923
8.40000,1.01194,0.65717,0.34283
8.52000,1.01194,0.88831,0.11169
8.64000,1.01194,0.76038,0.23962
8.76000,1.01194,0.82759,0.17241
8.88000,1.01194,0.79198,0.20802
9.00000,1.01194,0.82569,0.17431
9.12000,1.01194,0.81571,0.18429
9.24000,1.01194,0.83598,0.16402
9.36000,1.01194,0.77509,0.22491
9.48000,1.01194,0.83953,0.16047
9.60000,1.01194,0.83426,0.16574
9.72000,1.01194,0.84802,0.15198
9.84000,1.01194,0.91588,0.08412
9.96000,1.01194,0.86093,0.13907
10.08000,1.01194,0.92505,0.07495
10.20000,1.01194,0.91136,0.08864
10.32000,1.01194,0.96726,0.03274
10.44000,1.01194,0.96083,0.03917
10.56000,1.01194,0.97714,0.02286
10.68000,1.01194,0.96372,0.03628
10.80000,1.01194,0.97812,0.02188
10.92000,1.01194,0.94291,0.05709
11.04000,1.01194,0.98530,0.01470
11.16000,1.01194,0.94035,0.05965
11.28000,1.01194,0.97777,0.02223
11.40000,1.01194,0.95911,0.04089
11.52000,1.01194,0.97246,0.02754
11.64000,1.01194,0.97875,0.02125
11.76000,1.01194,0.96895,0.03105
11.88000,1.01194,0.99068,0.00932
12.00000,1.01194,0.94645,0.05355
12.12000,1.01194,0.97089,0.02911
12.24000,1.01194,0.94095,0.05905
12.36000,1.01194,0.98100,0.01900
12.48000,1.01194,0.96354,0.03646
12.60000,1.01194,0.96106,0.03894
12.72000,1.01194,0.97346,0.02654
12.84000,1.01194,0.96986,0.03014
12.96000,1.01194,0.93774,0.06226
13.08000,1.01194,0.91718,0.08282
13.20000,1.01194,0.93029,0.06971
13.32000,1.01194,0.87916,0.12084
13.44000,1.01194,0.85886,0.14114
13.56000,1.01194,0.79145,0.20855
13.68000,1.01194,0.79772,0.20228
13.80000,1.01194,0.70760,0.29240
13.92000,1.01194,0.72562,0.27438
14.04000,1.01194,0.66772,0.33228
14.16000,1.01194,0.70138,0.29862
14.28000,1.01194,0.69649,0.30351
14.40000,1.01194,0.72838,0.27162
14.52000,1.01194,0.73400,0.26600
14.64000,1.01194,0.67484,0.32516
14.76000,1.01194,0.65446,0.34554
14.88000,1.01194,0.66843,0.33157
15.00000,1.01194,0.68235,0.31765
15.12000,1.01194,0.66254,0.33746
15.24000,1.01194,0.72287,0.27713
15.36000,1.01194,0.73100,0.26900
15.48000,1.01194,0.76636,0.23364
15.60000,1.01194,0.75445,0.24555
15.72000,1.01194,0.77003,0.22997
15.84000,1.01194,0.75279,0.24721
15.96000,1.01194,0.74772,0.25228
16.08000,1.01194,0.79894,0.20106
16.20000,1.01194,0.77272,0.22728
16.32000,1.01194,0.80701,0.19299
16.44000,1.01194,0.80319,0.19681
16.56000,1.01194,0.78308,0.21692
16.68000,1.01194,0.74462,0.25538
16.80000,1.01194,0.80753,0.19247
16.92000,1.01194,0.79188,0.20812
17.04000,1.01194,0.80803,0.19197
17.16000,1.01194,0.80609,0.19391
17.28000,1.01194,0.85672,0.14328
17.40000,1.01194,0.80558,0.19442
17.52000,1.01194,0.83402,0.16598
17.64000,1.01194,0.81072,0.18928
17.76000,1.01194,0.83008,0.16992
17.88000,1.01194,0.79114,0.20886
18.00000,1.01194,0.74017,0.25983
18.12000,1.01194,0.79742,0.20258
18.24000,1.01194,0.77368,0.22632
18.36000,1.01194,0.75765,0.24235
18.48000,1.01194,0.80243,0.19757
18.60000,1.01194,0.81930,0.18070
18.72000,1.01194,0.87895,0.12105
18.84000,1.01194,0.87354,0.12646
18.96000,1.01194,0.91170,0.08830
19.08000,1.01194,0.91171,0.08829
19.20000,1.01194,0.88399,0.11601
19.32000,1.01194,0.92326,0.07674
19.44000,1.01194,0.81491,0.18509
19.56000,1.01194,0.88768,0.11232
19.68000,1.01194,0.65992,0.34008
19.80000,1.01194,0.64403,0.35597
19.92000,1.01194,0.56611,0.43389
20.04000,1.01194,0.70231,0.29769
20.16000,1.01194,0.65964,0.34036
20.28000,1.01194,0.75250,0.24750
20.40000,1.01194,0.67476,0.32524
20.52000,1.01194,0.86657,0.13343
20.64000,1.01194,0.60917,0.39083
20.76000,1.01194,0.76950,0.23050
20.88000,1.01194,0.50833,0.49167
21.00000,1.01194,0.45538,0.54462
21.12000,1.01194,0.40229,0.59771
21.24000,1.01194,0.42094,0.57906
21.36000,1.01194,0.50277,0.49723
21.48000,1.01194,0.58276,0.41724
21.60000,1.01194,0.69275,0.30725
21.72000,1.01194,0.70445,0.29555
21.84000,1.01194,0.79734,0.20266
21.96000,1.01194,0.71580,0.28420
22.08000,1.01194,0.78227,0.21773
22.20000,1.01194,0.77434,0.22566
22.32000,1.01194,0.78483,0.21517
22.44000,1.01194,0.77373,0.22627
22.56000,1.01194,0.68269,0.31731
22.68000,1.01194,0.71574,0.28426
22.80000,1.01194,0.50826,0.49174
22.92000,1.01194,0.54217,0.45783
23.04000,1.01194,0.53539,0.46461
23.16000,1.01194,0.54687,0.45313
23.28000,1.01194,0.52500,0.47500
23.40000,1.01194,0.79530,0.20470
23.52000,1.01194,0.56413,0.43587
23.64000,1.01194,0.84864,0.15136
23.76000,1.01194,0.85124,0.14876
23.88000,1.01194,0.76488,0.23512
24.00000,1.01194,0.81742,0.18258
24.12000,1.01194,0.88422,0.11578
24.24000,1.01194,0.86074,0.13926
24.36000,1.01194,0.80108,0.19892
24.48000,1.01194,0.80695,0.19305
24.60000,1.01194,0.84335,0.15665
24.72000,1.01194,0.77193,0.22807
24.84000,1.01194,0.79755,0.20245
24.96000,1.01194,0.85419,0.14581
25.08000,1.01194,0.75603,0.24397
25.20000,1.01194,0.76452,0.23548
25.32000,1.01194,0.73658,0.26342
25.44000,1.01194,0.51631,0.48369
25.56000,1.01194,0.71885,0.28115
25.68000,1.01194,0.49439,0.50561
25.80000,1.01194,0.69182,0.30818
25.92000,1.01194,0.60193,0.39807
26.04000,1.01194,0.68450,0.31550
26.16000,1.01194,0.68873,0.31127
26.28000,1.01194,0.74942,0.25058
26.40000,1.01194,0.69543,0.30457
26.52000,1.01194,0.74339,0.25661
26.64000,1.01194,0.65460,0.34540
26.76000,1.01194,0.61545,0.38455
26.88000,1.01194,0.74441,0.25559
27.00000,1.01194,0.55014,0.44986
27.12000,1.01194,0.60833,0.39167
27.24000,1.01194,0.57433,0.42567
27.36000,1.01194,0.69243,0.30757
27.48000,1.01194,0.65796,0.34204
27.60000,1.01194,0.68857,0.31143
27.72000,1.01194,0.76315,0.23685
27.84000,1.01194,0.82235,0.17765
27.96000,1.01194,0.83278,0.16722
28.08000,1.01194,0.82418,0.17582
28.20000,1.01194,0.93561,0.06439
28.32000,1.01194,0.88757,0.11243
28.44000,1.01194,0.91895,0.08105
28.56000,1.01194,0.92556,0.07444
28.68000,1.01194,0.92618,0.07382
28.80000,1.01194,0.91378,0.08622
28.92000,1.01194,0.91534,0.08466
29.04000,1.01194,0.94654,0.05346
29.16000,1.01194,0.89784,0.10216
29.28000,1.01194,0.94207,0.05793
29.40000,1.01194,0.94660,0.05340
29.52000,1.01194,0.94994,0.05006
29.64000,1.01194,0.89719,0.10281
29.76000,1.01194,0.94432,0.05568
29.88000,1.01194,0.94455,0.05545
30.00000,1.01194,0.92183,0.07817
30.12000,1.01194,0.94119,0.05881
30.24000,1.01194,0.93333,0.06667
30.36000,1.01194,0.94278,0.05722
30.48000,1.01194,0.95069,0.04931
30.60000,1.01194,0.91098,0.08902
30.72000,1.01194,0.92870,0.07130
30.84000,1.01194,0.90128,0.09872
30.96000,1.01194,0.95034,0.04966
31.08000,1.01194,0.91952,0.08048
31.20000,1.01194,0.96251,0.03749
31.32000,1.01194,0.93629,0.06371
31.44000,1.01194,0.96452,0.03548
31.56000,1.01194,0.88820,0.11180
31.68000,1.01194,0.95587,0.04413
31.80000,1.01194,0.94391,0.05609
31.92000,1.01194,0.95953,0.04047
32.04000,1.01194,0.91728,0.08272
32.16000,1.01194,0.94679,0.05321
32.28000,1.01194,0.90786,0.09214
32.40000,1.01194,0.91860,0.08140
32.52000,1.01194,0.91275,0.08725
32.64000,1.01194,0.94777,0.05223
32.76000,1.01194,0.94112,0.05888
32.88000,1.01194,0.95322,0.04678
33.00000,1.01194,0.95411,0.04589
33.12000,1.01194,0.95287,0.04713
33.24000,1.01194,0.96509,0.03491
33.36000,1.01194,0.94165,0.05835
33.48000,1.01194,0.94385,0.05615
33.60000,1.01194,0.91232,0.08768
33.72000,1.01194,0.94632,0.05368
33.84000,1.01194,0.91517,0.08483
33.96000,1.01194,0.88875,0.11125
34.08000,1.01194,0.87018,0.12982
34.20000,1.01194,0.89849,0.10151
34.32000,1.01194,0.88189,0.11811
34.44000,1.01194,0.93490,0.06510
34.56000,1.01194,0.90366,0.09634
34.68000,1.01194,0.90572,0.09428
34.80000,1.01194,0.92415,0.07585
34.92000,1.01194,0.92342,0.07658
35.04000,1.01194,0.87890,0.12110
35.16000,1.01194,0.91438,0.08562
35.28000,1.01194,0.83761,0.16239
35.40000,1.01194,0.89342,0.10658
35.52000,1.01194,0.88192,0.11808
35.64000,1.01194,0.93559,0.06441
35.76000,1.01194,0.85683,0.14317
35.88000,1.01194,0.86754,0.13246
36.00000,1.01194,0.83434,0.16566
36.12000,1.01194,0.89043,0.10957
36.24000,1.01194,0.84094,0.15906
36.36000,1.01194,0.84217,0.15783
36.48000,1.01194,0.92059,0.07941
36.60000,1.01194,0.89585,0.10415
36.72000,1.01194,0.88865,0.11135
36.84000,1.01194,0.90638,0.09362
36.96000,1.01194,0.91102,0.08898
37.08000,1.01194,0.91334,0.08666
37.20000,1.01194,0.89898,0.10102
37.32000,1.01194,0.91631,0.08369
37.44000,1.01194,0.87787,0.12213
37.56000,1.01194,0.92346,0.07654
37.68000,1.01194,0.82414,0.17586
37.80000,1.01194,0.87980,0.12020
37.92000,1.01194,0.81420,0.18580
38.04000,1.01194,0.86700,0.13300
38.16000,1.01194,0.60579,0.39421
38.28000,1.01194,0.80003,0.19997
38.40000,1.01194,0.76474,0.23526
38.52000,1.01194,0.72259,0.27741
38.64000,1.01194,0.62555,0.37445
38.76000,1.01194,0.60658,0.39342
38.88000,1.01194,0.52856,0.47144
39.00000,1.01194,0.48514,0.51486
39.12000,1.01194,0.47477,0.52523
39.24000,1.01194,0.46773,0.53227
39.36000,1.01194,0.45695,0.54305
39.48000,1.01194,0.44607,0.55393
39.60000,1.01194,0.35329,0.64671
39.72000,1.01194,0.38334,0.61666
39.84000,1.01194,0.36058,0.63942
39.96000,1.01194,0.53617,0.46383
40.08000,1.01194,0.59801,0.40199
40.20000,1.01194,0.70347,0.29653
40.32000,1.01194,0.64481,0.35519
40.44000,1.01194,0.80916,0.19084
40.56000,1.01194,0.72692,0.27308
40.68000,1.01194,0.72657,0.27343
40.80000,1.01194,0.77308,0.22692
40.92000,1.01194,0.69136,0.30864
41.04000,1.01194,0.88133,0.11867
41.16000,1.01194,0.62621,0.37379
41.28000,1.01194,0.78534,0.21466
41.40000,1.01194,0.68968,0.31032
41.52000,1.01194,0.81669,0.18331
41.64000,1.01194,0.62885,0.37115
41.76000,1.01194,0.82039,0.17961
41.88000,1.01194,0.65388,0.34612
42.00000,1.01194,0.68751,0.31249
42.12000,1.01194,0.67673,0.32327
42.24000,1.01194,0.63358,0.36642
42.36000,1.01194,0.64501,0.35499
42.48000,1.01194,0.45178,0.54822
42.60000,1.01194,0.73936,0.26064
42.72000,1.01194,0.54533,0.45467
42.84000,1.01194,0.68752,0.31248
42.96000,1.01194,0.76047,0.23953
43.08000,1.01194,0.85396,0.14604
43.20000,1.01194,0.87845,0.12155
43.32000,1.01194,0.87874,0.12126
43.44000,1.01194,0.91166,0.08834
43.56000,1.01194,0.91956,0.08044
43.68000,1.01194,0.91838,0.08162
43.80000,1.01194,0.77327,0.22673
43.92000,1.01194,0.87927,0.12073
44.04000,1.01194,0.88677,0.11323
44.16000,1.01194,0.88644,0.11356
44.28000,1.01194,0.87806,0.12194
44.40000,1.01194,0.85803,0.14197
44.52000,1.01194,0.94219,0.05781
44.64000,1.01194,0.91122,0.08878
44.76000,1.01194,0.93928,0.06072
44.88000,1.01194,0.89247,0.10753
45.00000,1.01194,0.89979,0.10021
45.12000,1.01194,0.84988,0.15012
45.24000,1.01194,0.88398,0.11602
45.36000,1.01194,0.87584,0.12416
45.48000,1.01194,0.90006,0.09994
45.60000,1.01194,0.84134,0.15866
45.72000,1.01194,0.87932,0.12068
45.84000,1.01194,0.82207,0.17793
45.96000,1.01194,0.91290,0.08710
46.08000,1.01194,0.87288,0.12712
46.20000,1.01194,0.92776,0.07224
46.32000,1.01194,0.86329,0.13671
46.44000,1.01194,0.93174,0.06826
46.56000,1.01194,0.89930,0.10070
46.68000,1.01194,0.92765,0.07235
46.80000,1.01194,0.96247,0.03753
46.92000,1.01194,0.94518,0.05482
47.04000,1.01194,0.96353,0.03647
47.16000,1.01194,0.93255,0.06745
47.28000,1.01194,0.96305,0.03695
47.40000,1.01194,0.94116,0.05884
47.52000,1.01194,0.95049,0.04951
47.64000,1.01194,0.92715,0.07285
47.76000,1.01194,0.92721,0.07279
47.88000,1.01194,0.93434,0.06566
48.00000,1.01194,0.91553,0.08447
48.12000,1.01194,0.95259,0.04741
48.24000,1.01194,0.91822,0.08178
48.36000,1.01194,0.93366,0.06634
48.48000,1.01194,0.91215,0.08785
48.60000,1.01194,0.93953,0.06047
48.72000,1.01194,0.94919,0.05081
48.84000,1.01194,0.94260,0.05740
48.96000,1.01194,0.92606,0.07395
49.08000,1.01194,0.94017,0.05983
49.20000,1.01194,0.94219,0.05781
49.32000,1.01194,0.94743,0.05257
49.44000,1.01194,0.96158,0.03842
49.56000,1.01194,0.94206,0.05794
49.68000,1.01194,0.96012,0.03988
49.80000,1.01194,0.95890,0.04110
49.92000,1.01194,0.93690,0.06310
50.04000,1.01194,0.96036,0.03964
50.16000,1.01194,0.95500,0.04500
50.28000,1.01194,0.94499,0.05501
50.40000,1.01194,0.93562,0.06438
50.52000,1.01194,0.94079,0.05921
50.64000,1.01194,0.95521,0.04479
50.76000,1.01194,0.93216,0.06784
50.88000,1.01194,0.93299,0.06701
51.00000,1.01194,0.91712,0.08288
51.12000,1.01194,0.91787,0.08213
51.24000,1.01194,0.96150,0.03850
51.36000,1.01194,0.95590,0.04410
51.48000,1.01194,0.95486,0.04514
51.60000,1.01194,0.91230,0.08770
51.72000,1.01194,0.93601,0.06399
51.84000,1.01194,0.91451,0.08549
51.96000,1.01194,0.93578,0.06422
52.08000,1.01194,0.90870,0.09130
52.20000,1.01194,0.94105,0.05895
52.32000,1.01194,0.95168,0.04832
52.44000,1.01194,0.94076,0.05924
52.56000,1.01194,0.95161,0.04839
52.68000,1.01194,0.95055,0.04946
52.80000,1.01194,0.92354,0.07646
52.92000,1.01194,0.88449,0.11551
53.04000,1.01194,0.91504,0.08496
53.16000,1.01194,0.89064,0.10936
53.28000,1.01194,0.94727,0.05273
53.40000,1.01194,0.89008,0.10992
53.52000,1.01194,0.89587,0.10413
53.64000,1.01194,0.91105,0.08895
53.76000,1.01194,0.91243,0.08757
53.88000,1.01194,0.93987,0.06013
54.00000,1.01194,0.92973,0.07027
54.12000,1.01194,0.94126,0.05874
54.24000,1.01194,0.93764,0.06236
54.36000,1.01194,0.95028,0.04972
54.48000,1.01194,0.94978,0.05022
54.60000,1.01194,0.96697,0.03303
54.72000,1.01194,0.93155,0.06845
54.84000,1.01194,0.89795,0.10205
54.96000,1.01194,0.91395,0.08605
55.08000,1.01194,0.88585,0.11415
55.20000,1.01194,0.92732,0.07268
55.32000,1.01194,0.88382,0.11618
55.44000,1.01194,0.93729,0.06271
55.56000,1.01194,0.92122,0.07878
55.68000,1.01194,0.93539,0.06461
55.80000,1.01194,0.91701,0.08299
55.92000,1.01194,0.92526,0.07474
56.04000,1.01194,0.93047,0.06953
56.16000,1.01194,0.91518,0.08482
56.28000,1.01194,0.95299,0.04701
56.40000,1.01194,0.95887,0.04113
56.52000,1.01194,0.92622,0.07378
56.64000,1.01194,0.88933,0.11067
56.76000,1.01194,0.83098,0.16902
56.88000,1.01194,0.86653,0.13347
57.00000,1.01194,0.82730,0.17270
57.12000,1.01194,0.90121,0.09879
57.24000,1.01194,0.88061,0.11939
57.36000,1.01194,0.96206,0.03794
57.48000,1.01194,0.83728,0.16272
57.60000,1.01194,0.97013,0.02987
57.72000,1.01194,0.91038,0.08962
57.84000,1.01194,0.91843,0.08157
57.96000,1.01194,0.92891,0.07109
58.08000,1.01194,0.86771,0.13229
58.20000,1.01194,0.92681,0.07319
58.32000,1.01194,0.84086,0.15914
58.44000,1.01194,0.91957,0.08043
58.56000,1.01194,0.87566,0.12434
58.68000,1.01194,0.92169,0.07831
58.80000,1.01194,0.91711,0.08289
58.92000,1.01194,0.90297,0.09703
59.04000,1.01194,0.84615,0.15385
59.16000,1.01194,0.90614,0.09386
59.28000,1.01194,0.93349,0.06651
59.40000,1.01194,0.91071,0.08929
59.52000,1.01194,0.93858,0.06142
59.64000,1.01194,0.93770,0.06230
59.76000,1.01194,0.95792,0.04208
59.88000,1.01194,0.93790,0.06210
60.00000,1.01194,0.90659,0.09341
60.12000,1.01194,0.85505,0.14495
60.24000,1.01194,0.83505,0.16495
60.36000,1.01194,0.84869,0.15131
60.48000,1.01194,0.87380,0.12620
60.60000,1.01194,0.84163,0.15837
60.72000,1.01194,0.93117,0.06883
60.84000,1.01194,0.87002,0.12998
60.96000,1.01194,0.95893,0.04107
61.08000,1.01194,0.86465,0.13535
61.20000,1.01194,0.92058,0.07942
61.32000,1.01194,0.90592,0.09408
61.44000,1.01194,0.94636,0.05364
61.56000,1.01194,0.91359,0.08641
61.68000,1.01194,0.93760,0.06240
61.80000,1.01194,0.86751,0.13249
61.92000,1.01194,0.93194,0.06806
62.04000,1.01194,0.89471,0.10529
62.16000,1.01194,0.93799,0.06201
62.28000,1.01194,0.92922,0.07078
62.40000,1.01194,0.91538,0.08462
62.52000,1.01194,0.86073,0.13927
62.64000,1.01194,0.91116,0.08884
62.76000,1.01194,0.86246,0.13754
62.88000,1.01194,0.89615,0.10385
63.00000,1.01194,0.61240,0.38760
63.12000,1.01194,0.77807,0.22193
63.24000,1.01194,0.68177,0.31823
63.36000,1.01194,0.63603,0.36397
63.48000,1.01194,0.73260,0.26740
63.60000,1.01194,0.79686,0.20314
63.72000,1.01194,0.83527,0.16473
63.84000,1.01194,0.87776,0.12224
63.96000,1.01194,0.88800,0.11200
64.08000,1.01193,0.87647,0.12353
64.20000,1.01194,0.90882,0.09118
64.32000,1.01194,0.84569,0.15431
64.44000,1.01193,0.91453,0.08547
64.56000,1.01194,0.86594,0.13406
64.68000,1.01194,0.91961,0.08039
64.80000,1.01193,0.81504,0.18496
64.92000,1.01194,0.93759,0.06241
65.04000,1.01194,0.89404,0.10596
65.16000,1.01193,0.92966,0.07034
65.28000,1.01194,0.87889,0.12111
65.40000,1.01193,0.94718,0.05282
65.52000,1.01194,0.89675,0.10325
65.64000,1.01194,0.95219,0.04781
65.76000,1.01193,0.93900,0.06100
65.88000,1.01194,0.96016,0.03984
66.00000,1.01194,0.95783,0.04217
66.12000,1.01193,0.96221,0.03779
66.24000,1.01194,0.96723,0.03277
66.36000,1.01194,0.95274,0.04726
66.48000,1.01193,0.95062,0.04938
66.60000,1.01194,0.95090,0.04910
66.72000,1.01194,0.93105,0.06895
66.84000,1.01194,0.93866,0.06134
66.96000,1.01194,0.92923,0.07077
67.08000,1.01193,0.92816,0.07184
67.20000,1.01194,0.91491,0.08509
67.32000,1.01194,0.94412,0.05588
67.44000,1.01193,0.94368,0.05632
67.56000,1.01194,0.92984,0.07016
67.68000,1.01194,0.96921,0.03079
67.80000,1.01193,0.93454,0.06546
67.92000,1.01194,0.94096,0.05904
68.04000,1.01194,0.75390,0.24610
68.16000,1.01193,0.92814,0.07186
68.28000,1.01194,0.80415,0.19585
68.40000,1.01193,0.91156,0.08844
68.52000,1.01194,0.85936,0.14064
68.64000,1.01194,0.86322,0.13678
68.76000,1.01193,0.88708,0.11292
68.88000,1.01194,0.90039,0.09961
69.00000,1.01194,0.91367,0.08633
69.12000,1.01193,0.86335,0.13665
69.24000,1.01194,0.83153,0.16847
69.36000,1.01194,0.88761,0.11239
69.48000,1.01193,0.82830,0.17170
69.60000,1.01194,0.91245,0.08755
69.72000,1.01194,0.88799,0.11201
69.84000,1.01194,0.87301,0.12699
69.96000,1.01194,0.91168,0.08832
70.08000,1.01193,0.90523,0.09477
70.20000,1.01194,0.94143,0.05857
70.32000,1.01194,0.73304,0.26696
70.44000,1.01193,0.90791,0.09209
70.56000,1.01194,0.85207,0.14793
70.68000,1.01194,0.90934,0.09066
70.80000,1.01193,0.89330,0.10670
70.92000,1.01194,0.92994,0.07006
71.04000,1.01194,0.89690,0.10310
71.16000,1.01193,0.91761,0.08239
71.28000,1.01194,0.92281,0.07719
71.40000,1.01193,0.91027,0.08973
71.52000,1.01194,0.88419,0.11581
71.64000,1.01194,0.86020,0.13980
71.76000,1.01193,0.87087,0.12913
71.88000,1.01194,0.83167,0.16833
72.00000,1.01194,0.90445,0.09555
72.12000,1.01193,0.90563,0.09437
72.24000,1.01194,0.93208,0.06792
72.36000,1.01194,0.86161,0.13839
72.48000,1.01193,0.85125,0.14875
72.60000,1.01194,0.70297,0.29703
72.72000,1.01194,0.31513,0.68487
72.84000,1.01194,0.13072,0.86928
72.96000,1.01194,0.06253,0.93747
73.08000,1.01193,0.01237,0.98763
73.20000,1.01194,0.01242,0.98758
73.32000,1.01194,0.00710,0.99290
73.44000,1.01193,0.00835,0.99165
73.56000,1.01194,0.00548,0.99452
73.68000,1.01194,0.00465,0.99535
73.80000,1.01193,0.00580,0.99420
73.92000,1.01194,0.00224,0.99776
74.04000,1.01194,0.00530,0.99470
74.16000,1.01193,0.00206,0.99794
74.28000,1.01194,0.00367,0.99633
74.40000,1.01193,0.00121,0.99879
74.52000,1.01194,0.00314,0.99686
74.64000,1.01194,0.00194,0.99806
74.76000,1.01193,0.00407,0.99593
74.88000,1.01194,0.00462,0.99538
75.00000,1.01194,0.00209,0.99791
75.12000,1.01193,0.00643,0.99357
75.24000,1.01194,0.00276,0.99724
75.36000,1.01194,0.00574,0.99426
75.48000,1.01193,0.00257,0.99743
75.60000,1.01194,0.00434,0.99566
75.72000,1.01194,0.00428,0.99572
75.84000,1.01194,0.00783,0.99217
75.96000,1.01194,0.00829,0.99171
76.08000,1.01193,0.00620,0.99380
76.20000,1.01194,0.00480,0.99520
76.32000,1.01194,0.00718,0.99282
76.44000,1.01193,0.00699,0.99301
76.56000,1.01194,0.01709,0.98291
76.68000,1.01194,0.02125,0.97875
76.80000,1.01193,0.03172,0.96828
76.92000,1.01194,0.04826,0.95174
77.04000,1.01194,0.09748,0.90252
77.16000,1.01193,0.07434,0.92566
77.28000,1.01194,0.16513,0.83487
77.40000,1.01193,0.15306,0.84694
77.52000,1.01194,0.13286,0.86714
77.64000,1.01194,0.21355,0.78645
77.76000,1.01193,0.32520,0.67480
77.88000,1.01194,0.30851,0.69149
78.00000,1.01194,0.23075,0.76925
78.12000,1.01193,0.21990,0.78010
78.24000,1.01194,0.20904,0.79096
78.36000,1.01194,0.37983,0.62017
78.48000,1.01193,0.34444,0.65556
78.60000,1.01194,0.49764,0.50236
78.72000,1.01194,0.42538,0.57462
78.84000,1.01194,0.52668,0.47332
78.96000,1.01194,0.69482,0.30518
79.08000,1.01193,0.62928,0.37072
79.20000,1.01194,0.66658,0.33342
79.32000,1.01194,0.61813,0.38187
79.44000,1.01193,0.65621,0.34379
79.56000,1.01194,0.72628,0.27372
79.68000,1.01194,0.77312,0.22688
79.80000,1.01193,0.82599,0.17401
79.92000,1.01194,0.77867,0.22133
80.04000,1.01194,0.91073,0.08927
80.16000,1.01193,0.76337,0.23663
80.28000,1.01194,0.82538,0.17462
80.40000,1.01193,0.76067,0.23933
80.52000,1.01194,0.79627,0.20373
80.64000,1.01194,0.75041,0.24959
80.76000,1.01193,0.81384,0.18616
80.88000,1.01194,0.77106,0.22894
81.00000,1.01194,0.71520,0.28480
81.12000,1.01193,0.58187,0.41813
81.24000,1.01194,0.57592,0.42408
81.36000,1.01194,0.62025,0.37975
81.48000,1.01193,0.73991,0.26009
81.60000,1.01194,0.60456,0.39544
81.72000,1.01194,0.79597,0.20403
81.84000,1.01194,0.61132,0.38868
81.96000,1.01194,0.80565,0.19435
82.08000,1.01193,0.66193,0.33807
82.20000,1.01194,0.70621,0.29379
82.32000,1.01194,0.66843,0.33157
82.44000,1.01193,0.77035,0.22965
82.56000,1.01194,0.74742,0.25258
82.68000,1.01194,0.62033,0.37967
82.80000,1.01193,0.81741,0.18259
82.92000,1.01194,0.82659,0.17341
83.04000,1.01194,0.86976,0.13024
83.16000,1.01193,0.87357,0.12643
83.28000,1.01194,0.86898,0.13102
83.40000,1.01193,0.87913,0.12087
83.52000,1.01194,0.72086,0.27914
83.64000,1.01194,0.77863,0.22137
83.76000,1.01193,0.62654,0.37346
83.88000,1.01194,0.67057,0.32943
84.00000,1.01194,0.61319,0.38681
84.12000,1.01193,0.62421,0.37579
84.24000,1.01194,0.50788,0.49212
84.36000,1.01194,0.56017,0.43983
84.48000,1.01193,0.37605,0.62395
84.60000,1.01194,0.52971,0.47029
84.72000,1.01194,0.35213,0.64787
84.84000,1.01194,0.42349,0.57651
84.96000,1.01194,0.34863,0.65137
85.08000,1.01193,0.50021,0.49979
85.20000,1.01194,0.41114,0.58886
85.32000,1.01194,0.36907,0.63093
85.44000,1.01193,0.49963,0.50037
85.56000,1.01194,0.42573,0.57427
85.68000,1.01194,0.62016,0.37984
85.80000,1.01193,0.59963,0.40037
85.92000,1.01194,0.66300,0.33700
86.04000,1.01194,0.56035,0.43965
86.16000,1.01193,0.57722,0.42278
86.28000,1.01194,0.56268,0.43732
86.40000,1.01193,0.65804,0.34196
86.52000,1.01194,0.60735,0.39265
86.64000,1.01194,0.67819,0.32181
86.76000,1.01193,0.58574,0.41426
86.88000,1.01194,0.72204,0.27796
87.00000,1.01194,0.44212,0.55788
87.12000,1.01193,0.65517,0.34483
87.24000,1.01194,0.58018,0.41982
87.36000,1.01194,0.66545,0.33455
87.48000,1.01193,0.56864,0.43136
87.60000,1.01194,0.68263,0.31737
87.72000,1.01194,0.65879,0.34121
87.84000,1.01194,0.63816,0.36184
87.96000,1.01194,0.75626,0.24374
88.08000,1.01193,0.58513,0.41487
88.20000,1.01194,0.69251,0.30749
88.32000,1.01194,0.69278,0.30722
88.44000,1.01193,0.73010,0.26990
88.56000,1.01194,0.56560,0.43440
88.68000,1.01194,0.57257,0.42743
88.80000,1.01193,0.49921,0.50079
88.92000,1.01194,0.64383,0.35617
89.04000,1.01194,0.53985,0.46015
89.16000,1.01193,0.59991,0.40009
89.28000,1.01194,0.65548,0.34452
89.40000,1.01193,0.72012,0.27988
89.52000,1.01194,0.65869,0.34131
89.64000,1.01194,0.75432,0.24568
89.76000,1.01193,0.70195,0.29805
89.88000,1.01194,0.71566,0.28434
90.00000,1.01194,0.77586,0.22414
90.12000,1.01193,0.63958,0.36042
90.24000,1.01194,0.66202,0.33798
90.36000,1.01194,0.69710,0.30290
90.48000,1.01193,0.66437,0.33563
90.60000,1.01194,0.62118,0.37882
90.72000,1.01194,0.71639,0.28361
90.84000,1.01194,0.62492,0.37508
90.96000,1.01194,0.67479,0.32521
91.08000,1.01193,0.71146,0.28854
91.20000,1.01194,0.54661,0.45339
91.32000,1.01194,0.73207,0.26793
91.44000,1.01193,0.48856,0.51144
91.56000,1.01194,0.69157,0.30843
91.68000,1.01194,0.69439,0.30561
91.80000,1.01193,0.78873,0.21127
91.92000,1.01194,0.72182,0.27818
92.04000,1.01194,0.62120,0.37880
92.16000,1.01193,0.60996,0.39004
92.28000,1.01194,0.57019,0.42981
92.40000,1.01193,0.24745,0.75255
92.52000,1.01194,0.42349,0.57651
92.64000,1.01194,0.16639,0.83361
92.76000,1.01193,0.27861,0.72139
92.88000,1.01194,0.27209,0.72791
93.00000,1.01194,0.31606,0.68394
93.12000,1.01193,0.36772,0.63228
93.24000,1.01194,0.53776,0.46224
93.36000,1.01194,0.39422,0.60578
93.48000,1.01193,0.54223,0.45777
93.60000,1.01194,0.51005,0.48995
93.72000,1.01194,0.52207,0.47793
93.84000,1.01194,0.52284,0.47716
93.96000,1.01194,0.60159,0.39841
94.08000,1.01193,0.48955,0.51045
94.20000,1.01194,0.47190,0.52810
94.32000,1.01194,0.35872,0.64128
94.44000,1.01193,0.43412,0.56588
94.56000,1.01194,0.39583,0.60417
94.68000,1.01194,0.21802,0.78198
94.80000,1.01193,0.28069,0.71931
94.92000,1.01194,0.23717,0.76283
95.04000,1.01194,0.16095,0.83905
95.16000,1.01193,0.10619,0.89381
95.28000,1.01194,0.28860,0.71140
95.40000,1.01193,0.23975,0.76025
95.52000,1.01194,0.28914,0.71086
95.64000,1.01194,0.14889,0.85111
95.76000,1.01193,0.45978,0.54022
95.88000,1.01194,0.29291,0.70709
96.00000,1.01194,0.44776,0.55224
96.12000,1.01193,0.20559,0.79441
96.24000,1.01194,0.36754,0.63246
96.36000,1.01194,0.14255,0.85745
96.48000,1.01193,0.26779,0.73221
96.60000,1.01194,0.32292,0.67708
96.72000,1.01194,0.27166,0.72834
96.84000,1.01194,0.19231,0.80769
96.96000,1.01194,0.21817,0.78183
97.08000,1.01193,0.34206,0.65794
97.20000,1.01194,0.21343,0.78657
97.32000,1.01194,0.16996,0.83004
97.44000,1.01193,0.19091,0.80909
97.56000,1.01194,0.30154,0.69845
97.68000,1.01194,0.33439,0.66561
97.80000,1.01193,0.24771,0.75229
97.92000,1.01194,0.44421,0.55579
98.04000,1.01194,0.35428,0.64572
98.16000,1.01193,0.40531,0.59469
98.28000,1.01194,0.65164,0.34836
98.40000,1.01193,0.41546,0.58454
98.52000,1.01194,0.75113,0.24887
98.64000,1.01194,0.64017,0.35983
98.76000,1.01193,0.56574,0.43426
98.88000,1.01194,0.48351,0.51649
99.00000,1.01194,0.41703,0.58297
99.12000,1.01193,0.17511,0.82489
99.24000,1.01194,0.08702,0.91298
99.36000,1.01194,0.15696,0.84304
99.48000,1.01193,0.04030,0.95970
99.60000,1.01194,0.05303,0.94697
99.72000,1.01194,0.02314,0.97686
99.84000,1.01194,0.09602,0.90398
99.96000,1.01194,0.07100,0.92900
100.08000,1.01193,0.15493,0.84507
100.20000,1.01194,0.07531,0.92469
100.32000,1.01194,0.08900,0.91100
100.44000,1.01193,0.06934,0.93066
100.56000,1.01194,0.03096,0.96904
100.68000,1.01194,0.01087,0.98913
100.80000,1.01193,0.01096,0.98904
100.92000,1.01194,0.00513,0.99487
101.04000,1.01194,0.00308,0.99692
101.16000,1.01193,0.00682,0.99317
101.28000,1.01194,0.00145,0.99855
101.40000,1.01193,0.00295,0.99705
101.52000,1.01194,0.00260,0.99740
101.64000,1.01194,0.00349,0.99651
101.76000,1.01193,0.00332,0.99668
101.88000,1.01194,0.00204,0.99796
102.00000,1.01194,0.00327,0.99673
102.12000,1.01193,0.00494,0.99506
102.24000,1.01194,0.00640,0.99360
102.36000,1.01194,0.00630,0.99370
102.48000,1.01193,0.00657,0.99343
102.60000,1.01194,0.00488,0.99512
102.72000,1.01194,0.00475,0.99525
102.84000,1.01194,0.00555,0.99445
102.96000,1.01194,0.00799,0.99201
103.08000,1.01193,0.01090,0.98910
103.20000,1.01194,0.01635,0.98365
103.32000,1.01194,0.02767,0.97233
103.44000,1.01193,0.05022,0.94978
103.56000,1.01194,0.05020,0.94980
103.68000,1.01194,0.09567,0.90433
103.80000,1.01193,0.11577,0.88423
103.92000,1.01194,0.22681,0.77319
104.04000,1.01194,0.20238,0.79762
104.16000,1.01193,0.19720,0.80280
104.28000,1.01194,0.44337,0.55663
104.40000,1.01193,0.39566,0.60434
104.52000,1.01194,0.37225,0.62775
104.64000,1.01194,0.43574,0.56426
104.76000,1.01193,0.15909,0.84091
104.88000,1.01194,0.17148,0.82852
105.00000,1.01194,0.15614,0.84386
105.12000,1.01193,0.17188,0.82811
105.24000,1.01194,0.08248,0.91752
105.36000,1.01194,0.07783,0.92217
105.48000,1.01193,0.03536,0.96464
105.60000,1.01194,0.05595,0.94405
105.72000,1.01194,0.04649,0.95351
105.84000,1.01194,0.03023,0.96977
105.96000,1.01194,0.02162,0.97838
106.08000,1.01193,0.02066,0.97934
106.20000,1.01194,0.01323,0.98677
106.32000,1.01194,0.01510,0.98490
106.44000,1.01193,0.01557,0.98443
106.56000,1.01194,0.02462,0.97538
106.68000,1.01194,0.02519,0.97481
106.80000,1.01193,0.01498,0.98502
106.92000,1.01194,0.02274,0.97726
107.04000,1.01194,0.02359,0.97641
107.16000,1.01193,0.00918,0.99082
107.28000,1.01194,0.01902,0.98098
107.40000,1.01193,0.01967,0.98033
107.52000,1.01194,0.03028,0.96972
107.64000,1.01194,0.02627,0.97373
107.76000,1.01193,0.04167,0.95833
107.88000,1.01194,0.02663,0.97337
108.00000,1.01194,0.04586,0.95414
108.12000,1.01193,0.02493,0.97507
108.24000,1.01194,0.04062,0.95938
108.36000,1.01194,0.04942,0.95058
108.48000,1.01193,0.02873,0.97127
108.60000,1.01194,0.04449,0.95551
108.72000,1.01194,0.03336,0.96664
108.84000,1.01194,0.05417,0.94583
108.96000,1.01194,0.02459,0.97541
109.08000,1.01193,0.02320,0.97680
109.20000,1.01194,0.01229,0.98771
109.32000,1.01194,0.01314,0.98686
109.44000,1.01193,0.01120,0.98880
109.56000,1.01194,0.01453,0.98547
109.68000,1.01194,0.01851,0.98149
109.80000,1.01193,0.02151,0.97849
109.92000,1.01194,0.02026,0.97974
110.04000,1.01194,0.06126,0.93874
110.16000,1.01193,0.04364,0.95636
110.28000,1.01194,0.05403,0.94597
110.40000,1.01193,0.00938,0.99062
110.52000,1.01194,0.01067,0.98933
110.64000,1.01194,0.00477,0.99523
110.76000,1.01193,0.00906,0.99094
110.88000,1.01194,0.00513,0.99487
111.00000,1.01194,0.00818,0.99182
111.12000,1.01193,0.00498,0.99502
111.24000,1.01194,0.00545,0.99455
111.36000,1.01194,0.00806,0.99194
111.48000,1.01193,0.00679,0.99321
111.60000,1.01194,0.01003,0.98997
111.72000,1.01194,0.01658,0.98342
111.84000,1.01194,0.02877,0.97123
111.96000,1.01194,0.01320,0.98680
112.08000,1.01193,0.05185,0.94815
112.20000,1.01194,0.04928,0.95072
112.32000,1.01194,0.03447,0.96553
112.44000,1.01193,0.04346,0.95654
112.56000,1.01194,0.06169,0.93831
112.68000,1.01194,0.10462,0.89538
112.80000,1.01193,0.05485,0.94515
112.92000,1.01194,0.04918,0.95082
113.04000,1.01194,0.12483,0.87517
113.16000,1.01193,0.09580,0.90420
113.28000,1.01194,0.17614,0.82386
113.40000,1.01193,0.11914,0.88086
113.52000,1.01194,0.31771,0.68229
113.64000,1.01194,0.17060,0.82940
113.76000,1.01193,0.35756,0.64244
113.88000,1.01194,0.28098,0.71902
114.00000,1.01194,0.49008,0.50992
114.12000,1.01193,0.57494,0.42506
114.24000,1.01194,0.63990,0.36010
114.36000,1.01194,0.63315,0.36685
114.48000,1.01193,0.62877,0.37123
114.60000,1.01194,0.55091,0.44909
114.72000,1.01194,0.68548,0.31452
114.84000,1.01194,0.37029,0.62971
114.96000,1.01194,0.45544,0.54456
115.08000,1.01193,0.32856,0.67144
115.20000,1.01194,0.50348,0.49652
115.32000,1.01194,0.22194,0.77806
115.44000,1.01193,0.13302,0.86698
115.56000,1.01194,0.03224,0.96776
115.68000,1.01194,0.02069,0.97931
115.80000,1.01193,0.03827,0.96173
115.92000,1.01194,0.01865,0.98135
116.04000,1.01194,0.02738,0.97262
116.16000,1.01193,0.01457,0.98543
116.28000,1.01194,0.01414,0.98586
116.40000,1.01193,0.01641,0.98359
116.52000,1.01194,0.02209,0.97791
116.64000,1.01194,0.01212,0.98788
116.76000,1.01193,0.04434,0.95566
116.88000,1.01194,0.02869,0.97131
117.00000,1.01194,0.01355,0.98645
117.12000,1.01193,0.01739,0.98261
117.24000,1.01194,0.01486,0.98514
117.36000,1.01194,0.02731,0.97269
117.48000,1.01193,0.08442,0.91558
117.60000,1.01194,0.02343,0.97657
117.72000,1.01194,0.10520,0.89480
117.84000,1.01194,0.01598,0.98402
117.96000,1.01194,0.18376,0.81624
118.08000,1.01193,0.07817,0.92183
118.20000,1.01194,0.21410,0.78590
118.32000,1.01194,0.10228,0.89772
118.44000,1.01193,0.10333,0.89667
118.56000,1.01194,0.09440,0.90560
118.68000,1.01194,0.14063,0.85937
118.80000,1.01193,0.25501,0.74499
118.92000,1.01194,0.25165,0.74835
119.04000,1.01194,0.37049,0.62951
119.16000,1.01193,0.31075,0.68925
119.28000,1.01194,0.17255,0.82745
119.40000,1.01193,0.08111,0.91889
119.52000,1.01194,0.04545,0.95455
119.64000,1.01194,0.02818,0.97182
119.76000,1.01193,0.01355,0.98645
119.88000,1.01194,0.01745,0.98255
120.00000,1.01194,0.02886,0.97114
120.12000,1.01193,0.01987,0.98013
120.24000,1.01194,0.04191,0.95809
120.36000,1.01194,0.05621,0.94379
120.48000,1.01193,0.04125,0.95875
120.60000,1.01194,0.01661,0.98339
120.72000,1.01194,0.03184,0.96816
120.84000,1.01194,0.02467,0.97533
120.96000,1.01194,0.06239,0.93761
121.08000,1.01193,0.19300,0.80700
121.20000,1.01194,0.06025,0.93975
121.32000,1.01194,0.13723,0.86277
121.44000,1.01193,0.16597,0.83403
121.56000,1.01194,0.18529,0.81471
121.68000,1.01194,0.09294,0.90706
121.80000,1.01193,0.07259,0.92741
121.92000,1.01194,0.07415,0.92585
122.04000,1.01194,0.00670,0.99330
122.16000,1.01193,0.01678,0.98322
122.28000,1.01194,0.01127,0.98873
122.40000,1.01193,0.01039,0.98961
122.52000,1.01194,0.00660,0.99340
122.64000,1.01194,0.00956,0.99044
122.76000,1.01193,0.02986,0.97014
122.88000,1.01194,0.02197,0.97803
123.00000,1.01194,0.06234,0.93766
123.12000,1.01193,0.05339,0.94661
123.24000,1.01194,0.03557,0.96443
123.36000,1.01194,0.04235,0.95765
123.48000,1.01193,0.06686,0.93314
123.60000,1.01194,0.12859,0.87141
123.72000,1.01194,0.11666,0.88334
123.84000,1.01194,0.04593,0.95407
123.96000,1.01194,0.00961,0.99039
124.08000,1.01193,0.04404,0.95596
124.20000,1.01194,0.03062,0.96938
124.32000,1.01194,0.02071,0.97929
124.44000,1.01193,0.01319,0.98681
124.56000,1.01194,0.03738,0.96262
124.68000,1.01194,0.01763,0.98237
124.80000,1.01193,0.01543,0.98457
124.92000,1.01194,0.01889,0.98111
125.04000,1.01194,0.00825,0.99175
125.16000,1.01193,0.00619,0.99381
125.28000,1.01194,0.00621,0.99379
125.40000,1.01193,0.00464,0.99536
125.52000,1.01194,0.00432,0.99568
125.64000,1.01194,0.00412,0.99588
125.76000,1.01193,0.00376,0.99624
125.88000,1.01194,0.00354,0.99646
126.00000,1.01194,0.00370,0.99630
126.12000,1.01193,0.00528,0.99472
126.24000,1.01194,0.00508,0.99492
126.36000,1.01194,0.01108,0.98892
126.48000,1.01193,0.02191,0.97809
126.60000,1.01194,0.03576,0.96424
126.72000,1.01194,0.03387,0.96613
126.84000,1.01194,0.02569,0.97431
126.96000,1.01194,0.01779,0.98221
127.08000,1.01193,0.01173,0.98827
127.20000,1.01195,0.01581,0.98419
127.32000,1.01194,0.01494,0.98505
127.44000,1.01193,0.00735,0.99265
127.56000,1.01193,0.01247,0.98753
127.68000,1.01194,0.02033,0.97967
127.80000,1.01193,0.01469,0.98531
127.92000,1.01193,0.02140,0.97860
128.03999,1.01195,0.01655,0.98345
128.16000,1.01193,0.02944,0.97056
128.28000,1.01193,0.02653,0.97347
128.39999,1.01195,0.07624,0.92376
128.52000,1.01193,0.02321,0.97679
128.64000,1.01193,0.06060,0.93940
128.75999,1.01195,0.10639,0.89361
128.88000,1.01193,0.08945,0.91055
129.00000,1.01193,0.06398,0.93602
129.12000,1.01195,0.05580,0.94420
129.24001,1.01193,0.04571,0.95429
129.36000,1.01193,0.04254,0.95746
129.48000,1.01195,0.01257,0.98743
129.60001,1.01193,0.00536,0.99464
129.72000,1.01193,0.00398,0.99602
129.84000,1.01195,0.00646,0.99354
129.96001,1.01193,0.00428,0.99572
130.08000,1.01193,0.00487,0.99513
130.20000,1.01195,0.00355,0.99645
130.32001,1.01193,0.00329,0.99671
130.44000,1.01193,0.00503,0.99497
130.56000,1.01193,0.00949,0.99051
130.67999,1.01195,0.01703,0.98297
130.80000,1.01193,0.01078,0.98922
130.92000,1.01193,0.01694,0.98306
131.03999,1.01195,0.01235,0.98765
131.16000,1.01193,0.01617,0.98383
131.28000,1.01193,0.01639,0.98361
131.39999,1.01195,0.02636,0.97364
131.52000,1.01193,0.02146,0.97854
131.64000,1.01193,0.02042,0.97958
131.75999,1.01195,0.03339,0.96661
131.88000,1.01193,0.01410,0.98590
132.00000,1.01193,0.01226,0.98774
132.12000,1.01195,0.00398,0.99602
132.24001,1.01193,0.00772,0.99228
132.36000,1.01193,0.00740,0.99260
132.48000,1.01195,0.01429,0.98571
132.60001,1.01193,0.01772,0.98228
132.72000,1.01193,0.01172,0.98828
132.84000,1.01195,0.01873,0.98127
132.96001,1.01193,0.01607,0.98393
133.08000,1.01193,0.01805,0.98195
133.20000,1.01195,0.00879,0.99121
133.32001,1.01193,0.01596,0.98404
133.44000,1.01193,0.01247,0.98753
133.56000,1.01193,0.02249,0.97751
133.67999,1.01195,0.03854,0.96146
133.80000,1.01193,0.04527,0.95473
133.92000,1.01193,0.04515,0.95485
134.03999,1.01195,0.03033,0.96967
134.16000,1.01193,0.02576,0.97424
134.28000,1.01193,0.01532,0.98468
134.39999,1.01195,0.01056,0.98944
134.52000,1.01193,0.01093,0.98907
134.64000,1.01193,0.00713,0.99287
134.75999,1.01195,0.03111,0.96889
134.88000,1.01193,0.01795,0.98205
135.00000,1.01193,0.02549,0.97451
135.12000,1.01195,0.01964,0.98036
135.24001,1.01193,0.02884,0.97116
135.36000,1.01193,0.02481,0.97519
135.48000,1.01195,0.03385,0.96615
135.60001,1.01193,0.01323,0.98677
135.72000,1.01193,0.01339,0.98661
135.84000,1.01195,0.00570,0.99430
135.96001,1.01193,0.01232,0.98768
136.08000,1.01193,0.00643,0.99357
136.20000,1.01195,0.01925,0.98075
136.32001,1.01193,0.00590,0.99410
136.44000,1.01193,0.03081,0.96919
136.56000,1.01193,0.02296,0.97704
136.67999,1.01195,0.04191,0.95809
136.80000,1.01193,0.01151,0.98849
136.92000,1.01193,0.01768,0.98232
137.03999,1.01195,0.01885,0.98115
137.16000,1.01193,0.01647,0.98353
137.28000,1.01193,0.01800,0.98200
137.39999,1.01195,0.02138,0.97862
137.52000,1.01193,0.02920,0.97080
137.64000,1.01193,0.02597,0.97403
137.75999,1.01195,0.06021,0.93979
137.88000,1.01193,0.03771,0.96229
138.00000,1.01193,0.04395,0.95605
138.12000,1.01195,0.03223,0.96777
138.24001,1.01193,0.05601,0.94399
138.36000,1.01193,0.01380,0.98620
138.48000,1.01195,0.03056,0.96944
138.60001,1.01193,0.01261,0.98739
138.72000,1.01193,0.01659,0.98341
138.84000,1.01195,0.00816,0.99184
138.96001,1.01193,0.00768,0.99232
139.08000,1.01193,0.00349,0.99651
139.20000,1.01195,0.00252,0.99748
139.32001,1.01193,0.00422,0.99578
139.44000,1.01193,0.00650,0.99350
139.56000,1.01193,0.00855,0.99145
139.67999,1.01195,0.01229,0.98771
139.80000,1.01193,0.00833,0.99167
139.92000,1.01193,0.00818,0.99182
140.03999,1.01195,0.00832,0.99168
140.16000,1.01193,0.01052,0.98948
140.28000,1.01193,0.01125,0.98875
140.39999,1.01195,0.01484,0.98516
140.52000,1.01193,0.02078,0.97922
140.64000,1.01193,0.03777,0.96223
140.75999,1.01195,0.04142,0.95858
140.88000,1.01193,0.04490,0.95510
141.00000,1.01193,0.04031,0.95969
141.12000,1.01195,0.02604,0.97396
141.24001,1.01193,0.02029,0.97971
141.36000,1.01193,0.02687,0.97313
141.48000,1.01195,0.01548,0.98452
141.60001,1.01193,0.03964,0.96036
141.72000,1.01193,0.07875,0.92125
141.84000,1.01195,0.05920,0.94080
141.96001,1.01193,0.11960,0.88040
142.08000,1.01193,0.16213,0.83787
142.20000,1.01195,0.05925,0.94075
142.32001,1.01193,0.03865,0.96135
142.44000,1.01193,0.15330,0.84670
142.56000,1.01193,0.15209,0.84791
142.67999,1.01195,0.13214,0.86786
142.80000,1.01193,0.11711,0.88289
142.92000,1.01193,0.18529,0.81471
143.03999,1.01195,0.19170,0.80830
143.16000,1.01193,0.27732,0.72268
143.28000,1.01193,0.14470,0.85530
143.39999,1.01195,0.12757,0.87243
143.52000,1.01193,0.06211,0.93789
143.64000,1.01193,0.07555,0.92445
143.75999,1.01195,0.05157,0.94843
143.88000,1.01193,0.03964,0.96036
144.00000,1.01193,0.13953,0.86047
144.12000,1.01195,0.35259,0.64741
144.24001,1.01193,0.23102,0.76898
144.36000,1.01193,0.45350,0.54650
144.48000,1.01195,0.28723,0.71277
144.60001,1.01193,0.31204,0.68796
144.72000,1.01193,0.33108,0.66892
144.84000,1.01195,0.33591,0.66409
144.96001,1.01193,0.36152,0.63848
145.08000,1.01193,0.27421,0.72579
145.20000,1.01195,0.19256,0.80744
145.32001,1.01193,0.03162,0.96838
145.44000,1.01193,0.01639,0.98361
145.56000,1.01193,0.01550,0.98450
145.67999,1.01195,0.01554,0.98446
145.80000,1.01193,0.00496,0.99504
145.92000,1.01193,0.01011,0.98989
146.03999,1.01195,0.01085,0.98915
146.16000,1.01193,0.01327,0.98673
146.28000,1.01193,0.01895,0.98105
146.39999,1.01195,0.03314,0.96686
146.52000,1.01193,0.03858,0.96142
146.64000,1.01193,0.04139,0.95861
146.75999,1.01195,0.09804,0.90196
146.88000,1.01193,0.03816,0.96184
147.00000,1.01193,0.03927,0.96073
147.12000,1.01195,0.02207,0.97793
147.24001,1.01193,0.04394,0.95606
147.36000,1.01193,0.09046,0.90954
147.48000,1.01195,0.40689,0.59311
147.60001,1.01193,0.43170,0.56830
147.72000,1.01193,0.61340,0.38660
147.84000,1.01195,0.65926,0.34074
147.96001,1.01193,0.53899,0.46101
148.08000,1.01193,0.67313,0.32687
148.20000,1.01195,0.83600,0.16400
148.32001,1.01193,0.84422,0.15578
148.44000,1.01193,0.78695,0.21305
148.56000,1.01193,0.70930,0.29070
148.67999,1.01195,0.48402,0.51598
148.80000,1.01193,0.30457,0.69543
148.92000,1.01193,0.40282,0.59718
149.03999,1.01195,0.26145,0.73855
149.16000,1.01193,0.16969,0.83031
149.28000,1.01193,0.31919,0.68081
149.39999,1.01195,0.63163,0.36837
149.52000,1.01193,0.75370,0.24630
149.64000,1.01193,0.70696,0.29304
149.75999,1.01195,0.80962,0.19038
149.88000,1.01193,0.72420,0.27580
150.00000,1.01193,0.71013,0.28987
150.12000,1.01195,0.48692,0.51308
150.24001,1.01193,0.44763,0.55237
150.36000,1.01193,0.25831,0.74169
150.48000,1.01195,0.22457,0.77543
150.60001,1.01193,0.13069,0.86931
150.72000,1.01193,0.06412,0.93588
150.84000,1.01195,0.11604,0.88396
150.96001,1.01193,0.16637,0.83363
151.08000,1.01193,0.24434,0.75566
151.20000,1.01195,0.25473,0.74527
151.32001,1.01193,0.20799,0.79201
151.44000,1.01193,0.22066,0.77934
151.56000,1.01193,0.12793,0.87207
151.67999,1.01195,0.15863,0.84137
151.80000,1.01193,0.13304,0.86696
151.92000,1.01193,0.13434,0.86566
152.03999,1.01195,0.13105,0.86895
152.16000,1.01193,0.17054,0.82946
152.28000,1.01193,0.24016,0.75984
152.39999,1.01195,0.42156,0.57844
152.52000,1.01193,0.26548,0.73452
152.64000,1.01193,0.54975,0.45025
152.75999,1.01195,0.22713,0.77287
152.88000,1.01193,0.39521,0.60479
153.00000,1.01193,0.27059,0.72941
153.12000,1.01195,0.08171,0.91829
153.24001,1.01193,0.07435,0.92565
153.36000,1.01193,0.06212,0.93788
153.48000,1.01195,0.05284,0.94716
153.60001,1.01193,0.04977,0.95023
153.72000,1.01193,0.11219,0.88781
153.84000,1.01195,0.09929,0.90071
153.96001,1.01193,0.08180,0.91820
154.08000,1.01193,0.10900,0.89100
154.20000,1.01195,0.07249,0.92751
154.32001,1.01193,0.08112,0.91888
154.44000,1.01193,0.13890,0.86110
154.56000,1.01193,0.07231,0.92769
154.67999,1.01195,0.16893,0.83107
154.80000,1.01193,0.08821,0.91179
154.92000,1.01193,0.24212,0.75788
155.03999,1.01195,0.16631,0.83369
155.16000,1.01193,0.28333,0.71667
155.28000,1.01193,0.26438,0.73562
155.39999,1.01195,0.30647,0.69353
155.52000,1.01193,0.32008,0.67992
155.64000,1.01193,0.29253,0.70747
155.75999,1.01195,0.25863,0.74137
155.88000,1.01193,0.24581,0.75419
156.00000,1.01193,0.11465,0.88535
156.12000,1.01195,0.12530,0.87470
156.24001,1.01193,0.13915,0.86085
156.36000,1.01193,0.10633,0.89367
156.48000,1.01195,0.13570,0.86430
156.60001,1.01193,0.26943,0.73057
156.72000,1.01193,0.24416,0.75584
156.84000,1.01195,0.63950,0.36050
156.96001,1.01193,0.67882,0.32118
157.08000,1.01193,0.77727,0.22273
157.20000,1.01195,0.71591,0.28409
157.32001,1.01193,0.85805,0.14195
157.44000,1.01193,0.75628,0.24372
157.56000,1.01193,0.79286,0.20714
157.67999,1.01195,0.63895,0.36105
157.80000,1.01193,0.66931,0.33069
157.92000,1.01193,0.47857,0.52143
158.03999,1.01195,0.60964,0.39036
158.16000,1.01193,0.54215,0.45785
158.28000,1.01193,0.63949,0.36051
158.39999,1.01195,0.72481,0.27519
158.52000,1.01193,0.59810,0.40190
158.64000,1.01193,0.61777,0.38223
158.75999,1.01195,0.67962,0.32038
158.88000,1.01193,0.57791,0.42209
159.00000,1.01193,0.36235,0.63765
159.12000,1.01195,0.25939,0.74061
159.24001,1.01193,0.13459,0.86541
159.36000,1.01193,0.42169,0.57831
159.48000,1.01195,0.39377,0.60623
159.60001,1.01193,0.46797,0.53203
159.72000,1.01193,0.14379,0.85621
159.84000,1.01195,0.37790,0.62210
159.96001,1.01193,0.48806,0.51194
160.08000,1.01193,0.63568,0.36432
160.20000,1.01195,0.27492,0.72508
160.32001,1.01193,0.66782,0.33218
160.44000,1.01193,0.73233,0.26767
160.56000,1.01193,0.68859,0.31141
160.67999,1.01195,0.77050,0.22950
160.80000,1.01193,0.81146,0.18854
160.92000,1.01193,0.78349,0.21651
161.03999,1.01195,0.75577,0.24423
161.16000,1.01193,0.73405,0.26595
161.28000,1.01193,0.70712,0.29288
161.39999,1.01195,0.70222,0.29778
161.52000,1.01193,0.73376,0.26624
161.64000,1.01193,0.66088,0.33912
161.75999,1.01195,0.40270,0.59730
161.88000,1.01193,0.45539,0.54461
162.00000,1.01193,0.49340,0.50660
162.12000,1.01195,0.51747,0.48253
162.24001,1.01193,0.41868,0.58132
162.36000,1.01193,0.38310,0.61690
162.48000,1.01195,0.66153,0.33847
162.60001,1.01193,0.46282,0.53718
162.72000,1.01193,0.50616,0.49384
162.84000,1.01195,0.40988,0.59012
162.96001,1.01193,0.69882,0.30118
163.08000,1.01193,0.72087,0.27913
163.20000,1.01195,0.80528,0.19472
163.32001,1.01193,0.74179,0.25821
163.44000,1.01193,0.69937,0.30063
163.56000,1.01193,0.65917,0.34083
163.67999,1.01195,0.67471,0.32529
163.80000,1.01193,0.60124,0.39876
163.92000,1.01193,0.71333,0.28667
164.03999,1.01195,0.50120,0.49880
164.16000,1.01193,0.68976,0.31024
164.28000,1.01193,0.44225,0.55775
164.39999,1.01195,0.41724,0.58276
164.52000,1.01193,0.49892,0.50108
164.64000,1.01193,0.56568,0.43432
164.75999,1.01195,0.29699,0.70301
164.88000,1.01193,0.56117,0.43883
165.00000,1.01193,0.42987,0.57013
165.12000,1.01195,0.51482,0.48518
165.24001,1.01193,0.27738,0.72262
165.36000,1.01193,0.44380,0.55620
165.48000,1.01195,0.42073,0.57927
165.60001,1.01193,0.53052,0.46948
165.72000,1.01193,0.48094,0.51906
165.84000,1.01195,0.54811,0.45189
165.96001,1.01193,0.53406,0.46594
166.08000,1.01193,0.62365,0.37635
166.20000,1.01195,0.65356,0.34644
166.32001,1.01193,0.68183,0.31817
166.44000,1.01193,0.57376,0.42624
166.56000,1.01193,0.70020,0.29980
166.67999,1.01195,0.60795,0.39205
166.80000,1.01193,0.67365,0.32635
166.92000,1.01193,0.61931,0.38069
167.03999,1.01195,0.65029,0.34971
167.16000,1.01193,0.68549,0.31451
167.28000,1.01193,0.65608,0.34392
167.39999,1.01195,0.76830,0.23170
167.52000,1.01193,0.86121,0.13879
167.64000,1.01193,0.66781,0.33219
167.75999,1.01195,0.77192,0.22808
167.88000,1.01193,0.65878,0.34122
168.00000,1.01193,0.64990,0.35010
168.12000,1.01195,0.41600,0.58400
168.24001,1.01193,0.62800,0.37200
168.36000,1.01193,0.61750,0.38250
168.48000,1.01195,0.68359,0.31641
168.60001,1.01193,0.64378,0.35622
168.72000,1.01193,0.60507,0.39493
168.84000,1.01195,0.74582,0.25418
168.96001,1.01193,0.67371,0.32629
169.08000,1.01193,0.56400,0.43600
169.20000,1.01195,0.63052,0.36948
169.32001,1.01193,0.45117,0.54883
169.44000,1.01193,0.42563,0.57437
169.56000,1.01193,0.50067,0.49933
169.67999,1.01195,0.62858,0.37142
169.80000,1.01193,0.76978,0.23022
169.92000,1.01193,0.70905,0.29095
170.03999,1.01195,0.72413,0.27587
170.16000,1.01193,0.77630,0.22370
170.28000,1.01193,0.81036,0.18964
170.39999,1.01195,0.83024,0.16976
170.52000,1.01193,0.80136,0.19864
170.64000,1.01193,0.82583,0.17417
170.75999,1.01195,0.79949,0.20051
170.88000,1.01193,0.56989,0.43011
171.00000,1.01193,0.74707,0.25293
171.12000,1.01195,0.60545,0.39455
171.24001,1.01193,0.60646,0.39354
171.36000,1.01193,0.41819,0.58181
171.48000,1.01195,0.79922,0.20078
171.60001,1.01193,0.56819,0.43181
171.72000,1.01193,0.63413,0.36587
171.84000,1.01195,0.65396,0.34604
171.96001,1.01193,0.77154,0.22846
172.08000,1.01193,0.76795,0.23205
172.20000,1.01195,0.72891,0.27109
172.32001,1.01193,0.65562,0.34438
172.44000,1.01193,0.72994,0.27006
172.56000,1.01193,0.67326,0.32674
172.67999,1.01195,0.81399,0.18601
172.80000,1.01193,0.66880,0.33120
172.92000,1.01193,0.74338,0.25662
173.03999,1.01195,0.43109,0.56891
173.16000,1.01193,0.77448,0.22552
173.28000,1.01193,0.34820,0.65180
173.39999,1.01195,0.51477,0.48523
173.52000,1.01193,0.44200,0.55800
173.64000,1.01193,0.77593,0.22407
173.75999,1.01195,0.43238,0.56762
173.88000,1.01193,0.43755,0.56245
174.00000,1.01193,0.39360,0.60640
174.12000,1.01195,0.31866,0.68134
174.24001,1.01193,0.82103,0.17897
174.36000,1.01193,0.51717,0.48283
174.48000,1.01195,0.72465,0.27535
174.60001,1.01193,0.45811,0.54189
174.72000,1.01193,0.77531,0.22469
174.84000,1.01195,0.65906,0.34094
174.96001,1.01193,0.81975,0.18025
175.08000,1.01193,0.87135,0.12865
175.20000,1.01195,0.79687,0.20313
175.32001,1.01193,0.90935,0.09065
175.44000,1.01193,0.72540,0.27460
175.56000,1.01193,0.94195,0.05805
175.67999,1.01195,0.80394,0.19606
175.80000,1.01193,0.87488,0.12512
175.92000,1.01193,0.72365,0.27635
176.03999,1.01195,0.89825,0.10175
176.16000,1.01193,0.86329,0.13671
176.28000,1.01193,0.89389,0.10611
176.39999,1.01195,0.76454,0.23546
176.52000,1.01193,0.79695,0.20305
176.64000,1.01193,0.69098,0.30902
176.75999,1.01195,0.75874,0.24126
176.88000,1.01193,0.75071,0.24929
177.00000,1.01193,0.86169,0.13831
177.12000,1.01195,0.90229,0.09771
177.24001,1.01193,0.96383,0.03617
177.36000,1.01193,0.96110,0.03890
177.48000,1.01195,0.98204,0.01796
177.60001,1.01193,0.97327,0.02673
177.72000,1.01193,0.98413,0.01587
177.84000,1.01195,0.97180,0.02820
177.96001,1.01193,0.98808,0.01192
178.08000,1.01193,0.96672,0.03328
178.20000,1.01195,0.98435,0.01565
178.32001,1.01193,0.94218,0.05782
178.44000,1.01193,0.96029,0.03971
178.56000,1.01193,0.91601,0.08399
178.67999,1.01195,0.93347,0.06653
178.80000,1.01193,0.94088,0.05912
178.92000,1.01193,0.94261,0.05739
179.03999,1.01195,0.96815,0.03185
179.16000,1.01193,0.89879,0.10121
179.28000,1.01193,0.95510,0.04490
179.39999,1.01195,0.96066,0.03934
179.52000,1.01193,0.95554,0.04446
179.64000,1.01193,0.96018,0.03982
179.75999,1.01195,0.95785,0.04215
179.88000,1.01193,0.97378,0.02622
180.00000,1.01193,0.98459,0.01541
180.12000,1.01195,0.96394,0.03606
180.24001,1.01193,0.95883,0.04117
180.36000,1.01193,0.96297,0.03703
180.48000,1.01195,0.95710,0.04290
180.60001,1.01193,0.94858,0.05142
180.72000,1.01193,0.96749,0.03251
180.84000,1.01195,0.97349,0.02651
180.96001,1.01193,0.95352,0.04648
181.08000,1.01193,0.93254,0.06746
181.20000,1.01195,0.95029,0.04971
181.32001,1.01193,0.95345,0.04655
181.44000,1.01193,0.95644,0.04356
181.56000,1.01193,0.94228,0.05772
181.67999,1.01195,0.97174,0.02826
181.80000,1.01193,0.93700,0.06300
181.92000,1.01193,0.96832,0.03168
182.03999,1.01195,0.92725,0.07275
182.16000,1.01193,0.96444,0.03556
182.28000,1.01193,0.94448,0.05552
182.39999,1.01195,0.90985,0.09015
182.52000,1.01193,0.92339,0.07661
182.64000,1.01193,0.95326,0.04674
182.75999,1.01195,0.90430,0.09570
182.88000,1.01193,0.95183,0.04817
183.00000,1.01193,0.88282,0.11718
183.12000,1.01195,0.95774,0.04226
183.24001,1.01193,0.90648,0.09352
183.36000,1.01193,0.93905,0.06095
183.48000,1.01195,0.93149,0.06851
183.60001,1.01193,0.95252,0.04748
183.72000,1.01193,0.96414,0.03586
183.84000,1.01195,0.94696,0.05304
183.96001,1.01193,0.94678,0.05322
184.08000,1.01193,0.94079,0.05921
184.20000,1.01195,0.90119,0.09881
184.32001,1.01193,0.95056,0.04944
184.44000,1.01193,0.83635,0.16365
184.56000,1.01193,0.92871,0.07129
184.67999,1.01195,0.90466,0.09534
184.80000,1.01193,0.92898,0.07102
184.92000,1.01193,0.94378,0.05622
185.03999,1.01195,0.90283,0.09717
185.16000,1.01193,0.93875,0.06125
185.28000,1.01193,0.93218,0.06782
185.39999,1.01195,0.95239,0.04761
185.52000,1.01193,0.95029,0.04971
185.64000,1.01193,0.96009,0.03991
185.75999,1.01195,0.92444,0.07556
185.88000,1.01193,0.97066,0.02934
186.00000,1.01193,0.95652,0.04348
186.12000,1.01195,0.97407,0.02593
186.24001,1.01193,0.96911,0.03089
186.36000,1.01193,0.94838,0.05162
186.48000,1.01195,0.97353,0.02647
186.60001,1.01193,0.93191,0.06809
186.72000,1.01193,0.95376,0.04624
186.84000,1.01195,0.96863,0.03137
186.96001,1.01193,0.96276,0.03724
187.08000,1.01193,0.96449,0.03551
187.20000,1.01195,0.96994,0.03006
187.32001,1.01193,0.96050,0.03950
187.44000,1.01193,0.94729,0.05271
187.56000,1.01193,0.96683,0.03317
187.67999,1.01195,0.96470,0.03530
187.80000,1.01193,0.95594,0.04406
187.92000,1.01193,0.95686,0.04314
188.03999,1.01195,0.93810,0.06190
188.16000,1.01193,0.94102,0.05898
188.28000,1.01193,0.96856,0.03144
188.39999,1.01195,0.93804,0.06196
188.52000,1.01193,0.95401,0.04599
188.64000,1.01193,0.95725,0.04275
188.75999,1.01195,0.95269,0.04731
188.88000,1.01193,0.95729,0.04271
189.00000,1.01193,0.95709,0.04291
189.12000,1.01195,0.96322,0.03678
189.24001,1.01193,0.97884,0.02116
189.36000,1.01193,0.96263,0.03737
189.48000,1.01195,0.97142,0.02858
189.60001,1.01193,0.94830,0.05170
189.72000,1.01193,0.98008,0.01992
189.84000,1.01195,0.96794,0.03206
189.96001,1.01193,0.98614,0.01386
190.08000,1.01193,0.96281,0.03719
190.20000,1.01195,0.98242,0.01758
190.32001,1.01193,0.97903,0.02097
190.44000,1.01193,0.97011,0.02989
190.56000,1.01193,0.97799,0.02201
190.67999,1.01195,0.95762,0.04238
190.80000,1.01193,0.94267,0.05733
190.92000,1.01193,0.92743,0.07257
191.03999,1.01195,0.93856,0.06144
191.16000,1.01193,0.95695,0.04305
191.28000,1.01193,0.95885,0.04115
191.39999,1.01195,0.91088,0.08912
191.52000,1.01193,0.94232,0.05768
191.64000,1.01193,0.92843,0.07157
191.75999,1.01195,0.94213,0.05787
191.88000,1.01193,0.89024,0.10976
192.00000,1.01193,0.95895,0.04105
192.12000,1.01195,0.93313,0.06687
192.24001,1.01193,0.94034,0.05966
192.36000,1.01193,0.94722,0.05278
192.48000,1.01195,0.94631,0.05369
192.60001,1.01193,0.96042,0.03958
192.72000,1.01193,0.92195,0.07805
192.84000,1.01195,0.90997,0.09003
192.96001,1.01193,0.93983,0.06017
193.08000,1.01193,0.93878,0.06122
193.20000,1.01195,0.95232,0.04768
193.32001,1.01193,0.96057,0.03943
193.44000,1.01193,0.97188,0.02812
193.56000,1.01193,0.94103,0.05897
193.67999,1.01195,0.96150,0.03850
193.80000,1.01193,0.95536,0.04464
193.92000,1.01193,0.97150,0.02850
194.03999,1.01195,0.94255,0.05745
194.16000,1.01193,0.97285,0.02715
194.28000,1.01193,0.93909,0.06091
194.39999,1.01195,0.98412,0.01588
194.52000,1.01193,0.95355,0.04645
194.64000,1.01193,0.92922,0.07078
194.75999,1.01195,0.94999,0.05001
194.88000,1.01193,0.93092,0.06908
195.00000,1.01193,0.94509,0.05491
195.12000,1.01195,0.96469,0.03531
195.24001,1.01193,0.96181,0.03819
195.36000,1.01193,0.97871,0.02129
195.48000,1.01195,0.97607,0.02393
195.60001,1.01193,0.96901,0.03099
195.72000,1.01193,0.97362,0.02638
195.84000,1.01195,0.96873,0.03127
195.96001,1.01193,0.96780,0.03220
196.08000,1.01193,0.95501,0.04499
196.20000,1.01195,0.95417,0.04583
196.32001,1.01193,0.93549,0.06451
196.44000,1.01193,0.93857,0.06143
196.56000,1.01193,0.90054,0.09946
196.67999,1.01195,0.95888,0.04112
196.80000,1.01193,0.95076,0.04924
196.92000,1.01193,0.93669,0.06331
197.03999,1.01195,0.94978,0.05022
197.16000,1.01193,0.93870,0.06130
197.28000,1.01193,0.94952,0.05048
197.39999,1.01195,0.96459,0.03541
197.52000,1.01193,0.97140,0.02860
197.64000,1.01193,0.95255,0.04745
197.75999,1.01195,0.97294,0.02706
197.88000,1.01193,0.91641,0.08359
198.00000,1.01193,0.94145,0.05855
198.12000,1.01195,0.95580,0.04420
198.24001,1.01193,0.92051,0.07949
198.36000,1.01193,0.95186,0.04814
198.48000,1.01195,0.90717,0.09283
198.60001,1.01193,0.90125,0.09875
198.72000,1.01193,0.92302,0.07698
198.84000,1.01195,0.80165,0.19835
198.96001,1.01193,0.90649,0.09351
199.08000,1.01193,0.69956,0.30044
199.20000,1.01195,0.86319,0.13681
199.32001,1.01193,0.70012,0.29988
199.44000,1.01193,0.72534,0.27466
199.56000,1.01193,0.67783,0.32217
199.67999,1.01195,0.69983,0.30017
199.80000,1.01193,0.68835,0.31165
199.92000,1.01193,0.50462,0.49538
200.03999,1.01195,0.59276,0.40724
200.16000,1.01193,0.56596,0.43404
200.28000,1.01193,0.57628,0.42372
200.39999,1.01195,0.54945,0.45055
200.52000,1.01193,0.54873,0.45127
200.64000,1.01193,0.54010,0.45990
200.75999,1.01195,0.57765,0.42235
200.88000,1.01193,0.56607,0.43393
201.00000,1.01193,0.59197,0.40803
201.12000,1.01195,0.69293,0.30707
201.24001,1.01193,0.62451,0.37549
201.36000,1.01193,0.63100,0.36900
201.48000,1.01195,0.65729,0.34271
201.60001,1.01193,0.70357,0.29643
201.72000,1.01193,0.65770,0.34230
201.84000,1.01195,0.70870,0.29130
201.96001,1.01193,0.68621,0.31379
202.08000,1.01193,0.74022,0.25978
202.20000,1.01195,0.72325,0.27675
202.32001,1.01193,0.73160,0.26840
202.44000,1.01193,0.57998,0.42002
202.56000,1.01193,0.63709,0.36291
202.67999,1.01195,0.65409,0.34591
202.80000,1.01193,0.62195,0.37805
202.92000,1.01193,0.56609,0.43391
203.03999,1.01195,0.63673,0.36327
203.16000,1.01193,0.68444,0.31556
203.28000,1.01193,0.62420,0.37580
203.39999,1.01195,0.61388,0.38612
203.52000,1.01193,0.74598,0.25402
203.64000,1.01193,0.76126,0.23874
203.75999,1.01195,0.81552,0.18448
203.88000,1.01193,0.85111,0.14889
204.00000,1.01193,0.83256,0.16744
204.12000,1.01195,0.82484,0.17516
204.24001,1.01193,0.81609,0.18391
204.36000,1.01193,0.76161,0.23839
204.48000,1.01195,0.81437,0.18563
204.60001,1.01193,0.66995,0.33005
204.72000,1.01193,0.76666,0.23334
204.84000,1.01195,0.66033,0.33967
204.96001,1.01193,0.76201,0.23799
205.08000,1.01193,0.73994,0.26006
205.20000,1.01195,0.76201,0.23799
205.32001,1.01193,0.75043,0.24957
205.44000,1.01193,0.76694,0.23306
205.56000,1.01193,0.74883,0.25117
205.67999,1.01195,0.78106,0.21894
205.80000,1.01193,0.76197,0.23803
205.92000,1.01193,0.76570,0.23430
206.03999,1.01195,0.77692,0.22308
206.16000,1.01193,0.75845,0.24155
206.28000,1.01193,0.82578,0.17422
206.39999,1.01195,0.73023,0.26977
206.52000,1.01193,0.76099,0.23901
206.64000,1.01193,0.74586,0.25414
206.75999,1.01195,0.87098,0.12902
206.88000,1.01193,0.75228,0.24772
207.00000,1.01193,0.80529,0.19471
207.12000,1.01195,0.79191,0.20809
207.24001,1.01193,0.88497,0.11503
207.36000,1.01193,0.91037,0.08963
207.48000,1.01195,0.93151,0.06849
207.60001,1.01193,0.96833,0.03167
207.72000,1.01193,0.95799,0.04201
207.84000,1.01195,0.97087,0.02913
207.96001,1.01193,0.98401,0.01599
208.08000,1.01193,0.96780,0.03220
208.20000,1.01195,0.96341,0.03659
208.32001,1.01193,0.93520,0.06480
208.44000,1.01193,0.95726,0.04274
208.56000,1.01193,0.95173,0.04827
208.67999,1.01195,0.93988,0.06012
208.80000,1.01193,0.95733,0.04267
208.92000,1.01193,0.93486,0.06514
209.03999,1.01195,0.94982,0.05018
209.16000,1.01193,0.90518,0.09482
209.28000,1.01193,0.95115,0.04885
209.39999,1.01195,0.95076,0.04924
209.52000,1.01193,0.97542,0.02458
209.64000,1.01193,0.96754,0.03246
209.75999,1.01195,0.95969,0.04031
209.88000,1.01193,0.98211,0.01789
210.00000,1.01193,0.97656,0.02344
210.12000,1.01195,0.94898,0.05102
210.24001,1.01193,0.98492,0.01508
210.36000,1.01193,0.94814,0.05186
210.48000,1.01195,0.98669,0.01331
210.60001,1.01193,0.94493,0.05507
210.72000,1.01193,0.96355,0.03645
210.84000,1.01195,0.94626,0.05374
210.96001,1.01193,0.95537,0.04463
211.08000,1.01193,0.90320,0.09680
211.20000,1.01195,0.82475,0.17525
211.32001,1.01193,0.84211,0.15789
211.44000,1.01193,0.80356,0.19644
211.56000,1.01193,0.86750,0.13250
211.67999,1.01195,0.86294,0.13706
211.80000,1.01193,0.89198,0.10802
211.92000,1.01193,0.93126,0.06874
212.03999,1.01195,0.87401,0.12599
212.16000,1.01193,0.90352,0.09648
212.28000,1.01193,0.87649,0.12351
212.39999,1.01195,0.87291,0.12709
212.52000,1.01193,0.86986,0.13014
212.64000,1.01193,0.89822,0.10178
212.75999,1.01195,0.85455,0.14545
212.88000,1.01193,0.91896,0.08104
213.00000,1.01193,0.83331,0.16669
213.12000,1.01195,0.86051,0.13949
213.24001,1.01193,0.89517,0.10483
213.36000,1.01193,0.88880,0.11120
213.48000,1.01195,0.87465,0.12535
213.60001,1.01193,0.87001,0.12999
213.72000,1.01193,0.87556,0.12444
213.84000,1.01195,0.93470,0.06530
213.96001,1.01193,0.87595,0.12405
214.08000,1.01193,0.92231,0.07769
214.20000,1.01195,0.87016,0.12983
214.32001,1.01193,0.91163,0.08837
214.44000,1.01193,0.81884,0.18116
214.56000,1.01193,0.81315,0.18685
214.67999,1.01195,0.86950,0.13050
214.80000,1.01193,0.73838,0.26162
214.92000,1.01193,0.81864,0.18136
215.03999,1.01195,0.67120,0.32880
215.16000,1.01193,0.83346,0.16654
215.28000,1.01193,0.71364,0.28636
215.39999,1.01195,0.88392,0.11608
215.52000,1.01193,0.65862,0.34138
215.64000,1.01193,0.83471,0.16529
215.75999,1.01195,0.74114,0.25886
215.88000,1.01193,0.82913,0.17087
216.00000,1.01193,0.70754,0.29246
216.12000,1.01195,0.87767,0.12233
216.24001,1.01193,0.71294,0.28706
216.36000,1.01193,0.86289,0.13711
216.48000,1.01195,0.75429,0.24571
216.60001,1.01193,0.81419,0.18581
216.72000,1.01193,0.63329,0.36671
216.84000,1.01195,0.54094,0.45906
216.96001,1.01193,0.48438,0.51562
217.08000,1.01193,0.44991,0.55009
217.20000,1.01195,0.52891,0.47109
217.32001,1.01193,0.42740,0.57260
217.44000,1.01193,0.47433,0.52567
217.56000,1.01193,0.49878,0.50122
217.67999,1.01195,0.25786,0.74214
217.80000,1.01193,0.53237,0.46763
217.92000,1.01193,0.27469,0.72531
218.03999,1.01195,0.51380,0.48620
218.16000,1.01193,0.33872,0.66128
218.28000,1.01193,0.49645,0.50355
218.39999,1.01195,0.38518,0.61482
218.52000,1.01193,0.56339,0.43661
218.64000,1.01193,0.51091,0.48909
218.75999,1.01195,0.56863,0.43137
218.88000,1.01193,0.36247,0.63753
219.00000,1.01193,0.28613,0.71387
219.12000,1.01195,0.28889,0.71111
219.24001,1.01193,0.31200,0.68800
219.36000,1.01193,0.28727,0.71273
219.48000,1.01195,0.30557,0.69443
219.60001,1.01193,0.29609,0.70391
219.72000,1.01193,0.28251,0.71749
219.84000,1.01195,0.31336,0.68664
219.96001,1.01193,0.24937,0.75063
220.08000,1.01193,0.24498,0.75502
220.20000,1.01195,0.27358,0.72642
220.32001,1.01193,0.16160,0.83840
220.44000,1.01193,0.35111,0.64889
220.56000,1.01193,0.17529,0.82471
220.67999,1.01195,0.35633,0.64367
220.80000,1.01193,0.25325,0.74675
220.92000,1.01193,0.25208,0.74792
221.03999,1.01195,0.41727,0.58273
221.16000,1.01193,0.32628,0.67372
221.28000,1.01193,0.46466,0.53534
221.39999,1.01195,0.37336,0.62664
221.52000,1.01193,0.42908,0.57092
221.64000,1.01193,0.38490,0.61510
221.75999,1.01195,0.53633,0.46367
221.88000,1.01193,0.56217,0.43783
222.00000,1.01193,0.53849,0.46151
222.12000,1.01195,0.47298,0.52702
222.24001,1.01193,0.53023,0.46977
222.36000,1.01193,0.56699,0.43301
222.48000,1.01195,0.47705,0.52295
222.60001,1.01193,0.58610,0.41390
222.72000,1.01193,0.55834,0.44166
222.84000,1.01195,0.60307,0.39693
222.96001,1.01193,0.56740,0.43260
223.08000,1.01193,0.63589,0.36411
223.20000,1.01195,0.66405,0.33595
223.32001,1.01193,0.65974,0.34026
223.44000,1.01193,0.62574,0.37426
223.56000,1.01193,0.61754,0.38246
223.67999,1.01195,0.43343,0.56657
223.80000,1.01193,0.40405,0.59595
223.92000,1.01193,0.60493,0.39507
224.03999,1.01195,0.50102,0.49898
224.16000,1.01193,0.59320,0.40680
224.28000,1.01193,0.46618,0.53382
224.39999,1.01195,0.39061,0.60939
224.52000,1.01193,0.52824,0.47176
224.64000,1.01193,0.63943,0.36057
224.75999,1.01195,0.64849,0.35151
224.88000,1.01193,0.70818,0.29182
225.00000,1.01193,0.70847,0.29153
225.12000,1.01195,0.70612,0.29388
225.24001,1.01193,0.70269,0.29731
225.36000,1.01193,0.78578,0.21422
225.48000,1.01195,0.72832,0.27168
225.60001,1.01193,0.78031,0.21969
225.72000,1.01193,0.78848,0.21152
225.84000,1.01195,0.76482,0.23518
225.96001,1.01193,0.85836,0.14164
226.08000,1.01193,0.78907,0.21093
226.20000,1.01195,0.86051,0.13949
226.32001,1.01193,0.90649,0.09351
226.44000,1.01193,0.78996,0.21004
226.56000,1.01193,0.83361,0.16639
226.67999,1.01195,0.66318,0.33682
226.80000,1.01193,0.85921,0.14079
226.92000,1.01193,0.79167,0.20833
227.03999,1.01195,0.78920,0.21080
227.16000,1.01193,0.82126,0.17874
227.28000,1.01193,0.81199,0.18801
227.39999,1.01195,0.89170,0.10830
227.52000,1.01193,0.85151,0.14849
227.64000,1.01193,0.88223,0.11777
227.75999,1.01195,0.86026,0.13974
227.88000,1.01193,0.89634,0.10366
228.00000,1.01193,0.79807,0.20193
228.12000,1.01195,0.87076,0.12924
228.24001,1.01193,0.86476,0.13524
228.36000,1.01193,0.85075,0.14925
228.48000,1.01195,0.71518,0.28482
228.60001,1.01193,0.71075,0.28925
228.72000,1.01193,0.81746,0.18254
228.84000,1.01195,0.85602,0.14398
228.96001,1.01193,0.82558,0.17442
229.08000,1.01193,0.87424,0.12576
229.20000,1.01195,0.85232,0.14768
229.32001,1.01193,0.84517,0.15483
229.44000,1.01193,0.81842,0.18158
229.56000,1.01193,0.80890,0.19110
229.67999,1.01195,0.73366,0.26634
229.80000,1.01193,0.71872,0.28128
229.92000,1.01193,0.47662,0.52338
230.03999,1.01195,0.72264,0.27736
230.16000,1.01193,0.47346,0.52654
230.28000,1.01193,0.59224,0.40776
230.39999,1.01195,0.42338,0.57662
230.52000,1.01193,0.43313,0.56687
230.64000,1.01193,0.48828,0.51172
230.75999,1.01195,0.71014,0.28986
230.88000,1.01193,0.49325,0.50675
231.00000,1.01193,0.83070,0.16930
231.12000,1.01195,0.79574,0.20426
231.24001,1.01193,0.90217,0.09783
231.36000,1.01193,0.89874,0.10126
231.48000,1.01195,0.93254,0.06746
231.60001,1.01193,0.90735,0.09265
231.72000,1.01193,0.75589,0.24411
231.84000,1.01195,0.87121,0.12879
231.96001,1.01193,0.52258,0.47742
232.08000,1.01193,0.88632,0.11368
232.20000,1.01195,0.67985,0.32015
232.32001,1.01193,0.90625,0.09375
232.44000,1.01193,0.80946,0.19054
232.56000,1.01193,0.82333,0.17667
232.67999,1.01195,0.88024,0.11976
232.80000,1.01193,0.79797,0.20203
232.92000,1.01193,0.87161,0.12839
233.03999,1.01195,0.85389,0.14611
233.16000,1.01193,0.89775,0.10225
233.28000,1.01193,0.84323,0.15677
233.39999,1.01195,0.89891,0.10109
233.52000,1.01193,0.85722,0.14278
233.64000,1.01193,0.84396,0.15604
233.75999,1.01195,0.87608,0.12392
233.88000,1.01193,0.92756,0.07244
234.00000,1.01193,0.89563,0.10437
234.12000,1.01195,0.92396,0.07604
234.24001,1.01193,0.91350,0.08650
234.36000,1.01193,0.91006,0.08994
234.48000,1.01195,0.91083,0.08917
234.60001,1.01193,0.91216,0.08784
234.72000,1.01193,0.89791,0.10209
234.84000,1.01195,0.92179,0.07821
234.96001,1.01193,0.90003,0.09997
235.08000,1.01193,0.92599,0.07401
235.20000,1.01195,0.92624,0.07376
235.32001,1.01193,0.93125,0.06875
235.44000,1.01193,0.95331,0.04669
235.56000,1.01193,0.93029,0.06971
235.67999,1.01195,0.94279,0.05721
235.80000,1.01193,0.93764,0.06236
235.92000,1.01193,0.94517,0.05483
236.03999,1.01195,0.93691,0.06309
236.16000,1.01193,0.94775,0.05225
236.28000,1.01193,0.93149,0.06851
236.39999,1.01195,0.95307,0.04693
236.52000,1.01193,0.91104,0.08896
236.64000,1.01193,0.92344,0.07656
236.75999,1.01195,0.89378,0.10622
236.88000,1.01193,0.85044,0.14956
237.00000,1.01193,0.89704,0.10296
237.12000,1.01195,0.91377,0.08623
237.24001,1.01193,0.93931,0.06069
237.36000,1.01193,0.93187,0.06813
237.48000,1.01195,0.90181,0.09819
237.60001,1.01193,0.93971,0.06029
237.72000,1.01193,0.89983,0.10017
237.84000,1.01195,0.91951,0.08049
237.96001,1.01193,0.91373,0.08627
238.08000,1.01193,0.92545,0.07455
238.20000,1.01195,0.91187,0.08813
238.32001,1.01193,0.91026,0.08974
238.44000,1.01193,0.93429,0.06571
238.56000,1.01193,0.89524,0.10476
238.67999,1.01195,0.88503,0.11497
238.80000,1.01193,0.86065,0.13935
238.92000,1.01193,0.90913,0.09087
239.03999,1.01195,0.86374,0.13626
239.16000,1.01193,0.85408,0.14592
239.28000,1.01193,0.90906,0.09094
239.39999,1.01195,0.90584,0.09416
239.52000,1.01193,0.91604,0.08396
239.64000,1.01193,0.90771,0.09229
239.75999,1.01195,0.93193,0.06807
239.88000,1.01193,0.85101,0.14899
240.00000,1.01193,0.94230,0.05770
240.12000,1.01195,0.88016,0.11984
240.24001,1.01193,0.92343,0.07657
240.36000,1.01193,0.90837,0.09163
240.48000,1.01195,0.89724,0.10276
240.60001,1.01193,0.81677,0.18323
240.72000,1.01193,0.80081,0.19919
240.84000,1.01195,0.92826,0.07174
240.96001,1.01193,0.85755,0.14245
241.08000,1.01193,0.87733,0.12267
241.20000,1.01195,0.82791,0.17209
241.32001,1.01193,0.84308,0.15692
241.44000,1.01193,0.88326,0.11674
241.56000,1.01193,0.88050,0.11950
241.67999,1.01195,0.90696,0.09304
241.80000,1.01193,0.71749,0.28251
241.92000,1.01193,0.90847,0.09153
242.03999,1.01195,0.78460,0.21540
242.16000,1.01193,0.90706,0.09294
242.28000,1.01193,0.74914,0.25086
242.39999,1.01195,0.90344,0.09656
242.52000,1.01193,0.76843,0.23157
242.64000,1.01193,0.87010,0.12990
242.75999,1.01195,0.93554,0.06446
242.88000,1.01193,0.95383,0.04617
243.00000,1.01193,0.96816,0.03184
243.12000,1.01195,0.97405,0.02595
243.24001,1.01193,0.97863,0.02137
243.36000,1.01193,0.97414,0.02586
243.48000,1.01195,0.95996,0.04004
243.60001,1.01193,0.97593,0.02407
243.72000,1.01193,0.97282,0.02718
243.84000,1.01195,0.97270,0.02730
243.96001,1.01193,0.97483,0.02517
244.08000,1.01193,0.97081,0.02919
244.20000,1.01195,0.98668,0.01332
244.32001,1.01193,0.97366,0.02634
244.44000,1.01193,0.95588,0.04412
244.56000,1.01193,0.96958,0.03042
244.67999,1.01195,0.93126,0.06874
244.80000,1.01193,0.94920,0.05080
244.92000,1.01193,0.91978,0.08022
245.03999,1.01195,0.90956,0.09044
245.16000,1.01193,0.86357,0.13643
245.28000,1.01193,0.94817,0.05183
245.39999,1.01195,0.86761,0.13239
245.52000,1.01193,0.91162,0.08838
245.64000,1.01193,0.84379,0.15621
245.75999,1.01195,0.89318,0.10682
245.88000,1.01193,0.78912,0.21088
246.00000,1.01193,0.84037,0.15963
246.12000,1.01195,0.76756,0.23244
246.24001,1.01193,0.79543,0.20457
246.36000,1.01193,0.75514,0.24486
246.48000,1.01195,0.72792,0.27208
246.60001,1.01193,0.76849,0.23151
246.72000,1.01193,0.74839,0.25161
246.84000,1.01195,0.77581,0.22419
246.96001,1.01193,0.76112,0.23888
247.08000,1.01193,0.78315,0.21685
247.20000,1.01195,0.73333,0.26667
247.32001,1.01193,0.81478,0.18522
247.44000,1.01193,0.81513,0.18487
247.56000,1.01193,0.75225,0.24775
247.67999,1.01195,0.81615,0.18385
247.80000,1.01193,0.88977,0.11023
247.92000,1.01193,0.84551,0.15449
248.03999,1.01195,0.87920,0.12080
248.16000,1.01193,0.75346,0.24654
248.28000,1.01193,0.87864,0.12136
248.39999,1.01195,0.75557,0.24443
248.52000,1.01193,0.87614,0.12386
248.64000,1.01193,0.74438,0.25562
248.75999,1.01195,0.88084,0.11916
248.88000,1.01193,0.84612,0.15388
249.00000,1.01193,0.89485,0.10515
249.12000,1.01195,0.75552,0.24448
249.24001,1.01193,0.83532,0.16468
249.36000,1.01193,0.82768,0.17232
249.48000,1.01195,0.75100,0.24900
249.60001,1.01193,0.65444,0.34556
249.72000,1.01193,0.77277,0.22723
249.84000,1.01195,0.86174,0.13826
249.96001,1.01193,0.84561,0.15439
250.08000,1.01193,0.89571,0.10429
250.20000,1.01195,0.92057,0.07943
250.32001,1.01193,0.82523,0.17477
250.44000,1.01193,0.83355,0.16645
250.56000,1.01193,0.80874,0.19126
250.67999,1.01195,0.75389,0.24611
250.80000,1.01193,0.67882,0.32118
250.92000,1.01193,0.89321,0.10679
251.03999,1.01195,0.81168,0.18832
251.16000,1.01193,0.87130,0.12870
251.28000,1.01193,0.88839,0.11161
251.39999,1.01195,0.93756,0.06244
251.52000,1.01193,0.94641,0.05359
251.64000,1.01193,0.92923,0.07077
251.75999,1.01195,0.92221,0.07779
251.88000,1.01193,0.95805,0.04195
252.00000,1.01193,0.96482,0.03518
252.12000,1.01195,0.96425,0.03575
252.24001,1.01193,0.94075,0.05925
252.36000,1.01193,0.96583,0.03417
252.48000,1.01195,0.96422,0.03578
252.60001,1.01193,0.97017,0.02983
252.72000,1.01193,0.96648,0.03352
252.84000,1.01195,0.98098,0.01902
252.96001,1.01193,0.98541,0.01459
