Time (seconds), Duration (seconds),pred_unlabeled,pred_sirens
0.00000,1.01194,0.10027,0.89973
0.12000,1.01194,0.04144,0.95856
0.24000,1.01194,0.05996,0.94004
0.36000,1.01194,0.02972,0.97028
0.48000,1.01194,0.01852,0.98148
0.60000,1.01194,0.04534,0.95466
0.72000,1.01194,0.00450,0.99550
0.84000,1.01194,0.04445,0.95555
0.96000,1.01194,0.00828,0.99172
1.08000,1.01194,0.02389,0.97611
1.20000,1.01194,0.01383,0.98617
1.32000,1.01194,0.03174,0.96826
1.44000,1.01194,0.01733,0.98267
1.56000,1.01194,0.02488,0.97512
1.68000,1.01194,0.02261,0.97739
1.80000,1.01194,0.03534,0.96466
1.92000,1.01194,0.04051,0.95949
2.04000,1.01194,0.00561,0.99439
2.16000,1.01194,0.05326,0.94674
2.28000,1.01194,0.01557,0.98443
2.40000,1.01194,0.03508,0.96492
2.52000,1.01194,0.01944,0.98056
2.64000,1.01194,0.13527,0.86473
2.76000,1.01194,0.04756,0.95244
2.88000,1.01194,0.09597,0.90403
3.00000,1.01194,0.03191,0.96809
3.12000,1.01194,0.12085,0.87915
3.24000,1.01194,0.02898,0.97102
3.36000,1.01194,0.06316,0.93684
3.48000,1.01194,0.01990,0.98010
3.60000,1.01194,0.09917,0.90083
3.72000,1.01194,0.07236,0.92764
3.84000,1.01194,0.10075,0.89925
3.96000,1.01194,0.12390,0.87610
4.08000,1.01194,0.11041,0.88959
4.20000,1.01194,0.26471,0.73529
4.32000,1.01194,0.09822,0.90178
4.44000,1.01194,0.18688,0.81312
4.56000,1.01194,0.10085,0.89915
4.68000,1.01194,0.15823,0.84177
4.80000,1.01194,0.03553,0.96447
4.92000,1.01194,0.04774,0.95226
5.04000,1.01194,0.05673,0.94327
5.16000,1.01194,0.12621,0.87379
5.28000,1.01194,0.05099,0.94901
5.40000,1.01194,0.18294,0.81706
5.52000,1.01194,0.10469,0.89531
5.64000,1.01194,0.43589,0.56411
5.76000,1.01194,0.14261,0.85739
5.88000,1.01194,0.24540,0.75460
6.00000,1.01194,0.16227,0.83773
6.12000,1.01194,0.14800,0.85200
6.24000,1.01194,0.07757,0.92243
6.36000,1.01194,0.21824,0.78176
6.48000,1.01194,0.08210,0.91790
6.60000,1.01194,0.32008,0.67992
6.72000,1.01194,0.11244,0.88756
6.84000,1.01194,0.37827,0.62173
6.96000,1.01194,0.13119,0.86881
7.08000,1.01194,0.26873,0.73127
7.20000,1.01194,0.08337,0.91663
7.32000,1.01194,0.12016,0.87984
7.44000,1.01194,0.07206,0.92794
7.56000,1.01194,0.03319,0.96681
7.68000,1.01194,0.11001,0.88999
7.80000,1.01194,0.05658,0.94342
7.92000,1.01194,0.11464,0.88536
8.04000,1.01194,0.06179,0.93821
8.16000,1.01194,0.12126,0.87874
8.28000,1.01194,0.22967,0.77033
8.40000,1.01194,0.13840,0.86160
8.52000,1.01194,0.12214,0.87786
8.64000,1.01194,0.11944,0.88056
8.76000,1.01194,0.13128,0.86872
8.88000,1.01194,0.05951,0.94049
9.00000,1.01194,0.30035,0.69965
9.12000,1.01194,0.04721,0.95279
9.24000,1.01194,0.28380,0.71620
9.36000,1.01194,0.09499,0.90501
9.48000,1.01194,0.25763,0.74237
9.60000,1.01194,0.11414,0.88586
9.72000,1.01194,0.09112,0.90888
9.84000,1.01194,0.04711,0.95289
9.96000,1.01194,0.06026,0.93974
10.08000,1.01194,0.14267,0.85733
10.20000,1.01194,0.05396,0.94604
10.32000,1.01194,0.23834,0.76166
10.44000,1.01194,0.04212,0.95788
10.56000,1.01194,0.20996,0.79004
10.68000,1.01194,0.17611,0.82389
10.80000,1.01194,0.12181,0.87819
10.92000,1.01194,0.06599,0.93401
11.04000,1.01194,0.15052,0.84948
11.16000,1.01194,0.08690,0.91310
11.28000,1.01194,0.13433,0.86567
11.40000,1.01194,0.08746,0.91254
11.52000,1.01194,0.21429,0.78571
11.64000,1.01194,0.25280,0.74720
11.76000,1.01194,0.10705,0.89295
11.88000,1.01194,0.08992,0.91008
12.00000,1.01194,0.26257,0.73743
12.12000,1.01194,0.10816,0.89184
12.24000,1.01194,0.28433,0.71567
12.36000,1.01194,0.09409,0.90591
12.48000,1.01194,0.38118,0.61882
12.60000,1.01194,0.04973,0.95027
12.72000,1.01194,0.15687,0.84313
12.84000,1.01194,0.07708,0.92292
12.96000,1.01194,0.14762,0.85238
13.08000,1.01194,0.04731,0.95269
13.20000,1.01194,0.07618,0.92382
13.32000,1.01194,0.02587,0.97413
13.44000,1.01194,0.05974,0.94026
13.56000,1.01194,0.00833,0.99167
13.68000,1.01194,0.04477,0.95523
13.80000,1.01194,0.01488,0.98512
13.92000,1.01194,0.03537,0.96463
14.04000,1.01194,0.02374,0.97626
14.16000,1.01194,0.01174,0.98826
14.28000,1.01194,0.00904,0.99096
14.40000,1.01194,0.00343,0.99657
14.52000,1.01194,0.00740,0.99260
14.64000,1.01194,0.00820,0.99180
14.76000,1.01194,0.00606,0.99394
14.88000,1.01194,0.05193,0.94807
15.00000,1.01194,0.03403,0.96597
15.12000,1.01194,0.14420,0.85580
15.24000,1.01194,0.10341,0.89659
15.36000,1.01194,0.08268,0.91732
15.48000,1.01194,0.10163,0.89837
15.60000,1.01194,0.15890,0.84110
15.72000,1.01194,0.18114,0.81886
15.84000,1.01194,0.41531,0.58469
15.96000,1.01194,0.49706,0.50294
16.08000,1.01194,0.30267,0.69733
16.20000,1.01194,0.50110,0.49890
16.32000,1.01194,0.17426,0.82574
16.44000,1.01194,0.23555,0.76445
16.56000,1.01194,0.25442,0.74558
16.68000,1.01194,0.06583,0.93417
16.80000,1.01194,0.07159,0.92840
16.92000,1.01194,0.04928,0.95072
17.04000,1.01194,0.02018,0.97982
17.16000,1.01194,0.13970,0.86030
17.28000,1.01194,0.00439,0.99561
17.40000,1.01194,0.09516,0.90484
17.52000,1.01194,0.01230,0.98770
17.64000,1.01194,0.01082,0.98918
17.76000,1.01194,0.03637,0.96363
17.88000,1.01194,0.01253,0.98747
18.00000,1.01194,0.02810,0.97190
18.12000,1.01194,0.02096,0.97904
18.24000,1.01194,0.00762,0.99238
18.36000,1.01194,0.01744,0.98256
18.48000,1.01194,0.01942,0.98058
18.60000,1.01194,0.00200,0.99800
18.72000,1.01194,0.01341,0.98659
18.84000,1.01194,0.00471,0.99529
18.96000,1.01194,0.00521,0.99479
19.08000,1.01194,0.00339,0.99661
19.20000,1.01194,0.02463,0.97537
19.32000,1.01194,0.01518,0.98482
19.44000,1.01194,0.05723,0.94277
19.56000,1.01194,0.01402,0.98598
19.68000,1.01194,0.05839,0.94161
19.80000,1.01194,0.03694,0.96306
19.92000,1.01194,0.07720,0.92280
20.04000,1.01194,0.08635,0.91365
20.16000,1.01194,0.03134,0.96866
20.28000,1.01194,0.01070,0.98930
20.40000,1.01194,0.00941,0.99059
20.52000,1.01194,0.01139,0.98861
20.64000,1.01194,0.00414,0.99586
20.76000,1.01194,0.00221,0.99779
20.88000,1.01194,0.00380,0.99620
21.00000,1.01194,0.00716,0.99284
21.12000,1.01194,0.01746,0.98254
21.24000,1.01194,0.02719,0.97281
21.36000,1.01194,0.03527,0.96473
21.48000,1.01194,0.02538,0.97462
21.60000,1.01194,0.11266,0.88734
21.72000,1.01194,0.06874,0.93126
21.84000,1.01194,0.04968,0.95032
21.96000,1.01194,0.07893,0.92107
22.08000,1.01194,0.07978,0.92022
22.20000,1.01194,0.10403,0.89597
22.32000,1.01194,0.15379,0.84621
22.44000,1.01194,0.11608,0.88392
22.56000,1.01194,0.04176,0.95824
22.68000,1.01194,0.07410,0.92590
22.80000,1.01194,0.05425,0.94575
22.92000,1.01194,0.05007,0.94993
23.04000,1.01194,0.02986,0.97014
23.16000,1.01194,0.01968,0.98032
23.28000,1.01194,0.05712,0.94288
23.40000,1.01194,0.09332,0.90668
23.52000,1.01194,0.12144,0.87856
23.64000,1.01194,0.20807,0.79193
23.76000,1.01194,0.30530,0.69470
23.88000,1.01194,0.31182,0.68818
24.00000,1.01194,0.61128,0.38872
24.12000,1.01194,0.81079,0.18921
24.24000,1.01194,0.78563,0.21437
24.36000,1.01194,0.89877,0.10123
24.48000,1.01194,0.82100,0.17900
24.60000,1.01194,0.70431,0.29569
24.72000,1.01194,0.80042,0.19958
24.84000,1.01194,0.75767,0.24233
24.96000,1.01194,0.61537,0.38463
25.08000,1.01194,0.71291,0.28709
25.20000,1.01194,0.83691,0.16309
25.32000,1.01194,0.82375,0.17625
25.44000,1.01194,0.89834,0.10166
25.56000,1.01194,0.90379,0.09621
25.68000,1.01194,0.91145,0.08855
25.80000,1.01194,0.89036,0.10964
25.92000,1.01194,0.74768,0.25232
26.04000,1.01194,0.83002,0.16998
26.16000,1.01194,0.75382,0.24618
26.28000,1.01194,0.85597,0.14403
26.40000,1.01194,0.71832,0.28168
26.52000,1.01194,0.91199,0.08801
26.64000,1.01194,0.89141,0.10859
26.76000,1.01194,0.91226,0.08774
26.88000,1.01194,0.94519,0.05481
27.00000,1.01194,0.85249,0.14751
27.12000,1.01194,0.89327,0.10673
27.24000,1.01194,0.76424,0.23576
27.36000,1.01194,0.85524,0.14476
27.48000,1.01194,0.91803,0.08197
27.60000,1.01194,0.91297,0.08703
27.72000,1.01194,0.96793,0.03207
27.84000,1.01194,0.97111,0.02889
27.96000,1.01194,0.97282,0.02718
28.08000,1.01194,0.97750,0.02250
28.20000,1.01194,0.96894,0.03106
28.32000,1.01194,0.98821,0.01179
28.44000,1.01194,0.98021,0.01979
28.56000,1.01194,0.97486,0.02514
28.68000,1.01194,0.97846,0.02154
28.80000,1.01194,0.97483,0.02517
28.92000,1.01194,0.98598,0.01402
29.04000,1.01194,0.97486,0.02514
29.16000,1.01194,0.97457,0.02543
29.28000,1.01194,0.97882,0.02118
29.40000,1.01194,0.96531,0.03469
29.52000,1.01194,0.97149,0.02851
29.64000,1.01194,0.96560,0.03440
29.76000,1.01194,0.96220,0.03780
29.88000,1.01194,0.95814,0.04186
30.00000,1.01194,0.97919,0.02081
30.12000,1.01194,0.94045,0.05955
30.24000,1.01194,0.96261,0.03739
30.36000,1.01194,0.94134,0.05866
30.48000,1.01194,0.97162,0.02838
30.60000,1.01194,0.94305,0.05695
30.72000,1.01194,0.95972,0.04028
30.84000,1.01194,0.93520,0.06480
30.96000,1.01194,0.95285,0.04715
31.08000,1.01194,0.93196,0.06804
31.20000,1.01194,0.95277,0.04723
31.32000,1.01194,0.91806,0.08194
31.44000,1.01194,0.92285,0.07715
31.56000,1.01194,0.93070,0.06930
31.68000,1.01194,0.90674,0.09326
31.80000,1.01194,0.85606,0.14394
31.92000,1.01194,0.94122,0.05878
32.04000,1.01194,0.90757,0.09243
32.16000,1.01194,0.91873,0.08127
32.28000,1.01194,0.93869,0.06131
32.40000,1.01194,0.95027,0.04973
32.52000,1.01194,0.92874,0.07126
32.64000,1.01194,0.92096,0.07904
32.76000,1.01194,0.91967,0.08033
32.88000,1.01194,0.93268,0.06732
33.00000,1.01194,0.89728,0.10272
33.12000,1.01194,0.92447,0.07553
33.24000,1.01194,0.90481,0.09519
33.36000,1.01194,0.91991,0.08009
33.48000,1.01194,0.91656,0.08344
33.60000,1.01194,0.94533,0.05467
