Time (seconds), Duration (seconds),pred_unlabeled,pred_East,pred_Nord,pred_South,pred_West
0.00000,0.50594,0.94877,0.01600,0.00096,0.02313,0.01113
0.06000,0.50594,0.96066,0.00802,0.00086,0.00909,0.02138
0.12000,0.50594,0.81999,0.01807,0.03142,0.02588,0.10464
0.18000,0.50594,0.90661,0.00963,0.01916,0.03134,0.03327
0.24000,0.50594,0.84230,0.01221,0.04334,0.03864,0.06351
0.30000,0.50594,0.85585,0.01060,0.05080,0.04133,0.04142
0.36000,0.50594,0.79734,0.01035,0.03307,0.02980,0.12943
0.42000,0.50594,0.84710,0.01042,0.02921,0.03350,0.07977
0.48000,0.50594,0.91077,0.01430,0.00523,0.01024,0.05946
0.54000,0.50594,0.88968,0.02704,0.00802,0.01580,0.05946
0.60000,0.50594,0.93581,0.01341,0.00125,0.00385,0.04568
0.66000,0.50594,0.92756,0.02127,0.00312,0.01159,0.03647
0.72000,0.50594,0.93475,0.01282,0.00093,0.00419,0.04731
0.78000,0.50594,0.92622,0.01860,0.00375,0.00967,0.04176
0.84000,0.50594,0.94104,0.01279,0.00285,0.00982,0.03351
0.90000,0.50594,0.92723,0.02799,0.00256,0.00927,0.03294
0.96000,0.50594,0.92296,0.02526,0.00232,0.01716,0.03229
1.02000,0.50594,0.84942,0.07023,0.00802,0.02423,0.04810
1.08000,0.50594,0.85747,0.05249,0.00633,0.02742,0.05630
1.14000,0.50594,0.74156,0.19236,0.00446,0.01621,0.04541
1.20000,0.50594,0.77200,0.15081,0.00278,0.01506,0.05934
1.26000,0.50594,0.38634,0.56339,0.00214,0.00648,0.04164
1.32000,0.50594,0.40172,0.49494,0.00316,0.01608,0.08409
1.38000,0.50594,0.27449,0.65663,0.00422,0.01206,0.05261
1.44000,0.50594,0.35420,0.52164,0.00496,0.02040,0.09881
1.50000,0.50594,0.36183,0.51809,0.00495,0.01535,0.09978
1.56000,0.50594,0.41251,0.42099,0.00588,0.03516,0.12545
1.62000,0.50594,0.37699,0.50070,0.00415,0.02077,0.09739
1.68000,0.50594,0.34721,0.56601,0.00406,0.02267,0.06005
1.74000,0.50594,0.35586,0.55010,0.00546,0.03262,0.05595
1.80000,0.50594,0.28302,0.63835,0.00633,0.02919,0.04310
1.86000,0.50594,0.26150,0.68420,0.00281,0.01737,0.03412
1.92000,0.50594,0.13894,0.83125,0.00204,0.00846,0.01931
1.98000,0.50594,0.13334,0.84355,0.00220,0.01023,0.01069
2.04000,0.50594,0.12154,0.84430,0.00565,0.01601,0.01250
2.10000,0.50594,0.12576,0.83666,0.00569,0.02091,0.01097
2.16000,0.50594,0.15226,0.78574,0.00930,0.03443,0.01826
2.22000,0.50594,0.09755,0.87549,0.00395,0.01448,0.00853
2.28000,0.50594,0.13790,0.82065,0.00683,0.02374,0.01088
2.34000,0.50594,0.11645,0.84398,0.00870,0.02070,0.01017
2.40000,0.50594,0.10767,0.84913,0.00960,0.02566,0.00794
2.46000,0.50594,0.12587,0.81179,0.01300,0.04042,0.00892
2.52000,0.50594,0.12218,0.81394,0.01837,0.03563,0.00987
2.58000,0.50594,0.11179,0.79675,0.03242,0.04973,0.00932
2.64000,0.50594,0.13413,0.72943,0.05474,0.06378,0.01793
2.70000,0.50594,0.12698,0.69665,0.06410,0.09467,0.01760
2.76000,0.50594,0.11164,0.76924,0.04855,0.05731,0.01327
2.82000,0.50594,0.14998,0.72558,0.04302,0.06933,0.01209
2.88000,0.50594,0.11674,0.76797,0.05978,0.04184,0.01366
2.94000,0.50594,0.10949,0.79679,0.04146,0.03822,0.01403
3.00000,0.50594,0.07335,0.90268,0.01078,0.00696,0.00624
3.06000,0.50594,0.08808,0.89083,0.00851,0.00615,0.00644
3.12000,0.50594,0.06613,0.92537,0.00270,0.00213,0.00365
3.18000,0.50594,0.05461,0.92939,0.00655,0.00377,0.00568
3.24000,0.50594,0.04875,0.94224,0.00240,0.00146,0.00515
3.30000,0.50594,0.03018,0.95953,0.00444,0.00155,0.00430
3.36000,0.50594,0.03396,0.95975,0.00224,0.00087,0.00318
3.42000,0.50594,0.03466,0.95826,0.00281,0.00108,0.00319
3.48000,0.50594,0.04008,0.95204,0.00220,0.00089,0.00479
3.54000,0.50594,0.03477,0.95596,0.00283,0.00111,0.00532
3.60000,0.50594,0.03777,0.95794,0.00117,0.00053,0.00259
3.66000,0.50594,0.04431,0.95035,0.00118,0.00044,0.00371
3.72000,0.50594,0.04537,0.94848,0.00153,0.00083,0.00380
3.78000,0.50594,0.04035,0.95463,0.00116,0.00053,0.00332
3.84000,0.50594,0.03182,0.96041,0.00207,0.00066,0.00504
3.90000,0.50594,0.03630,0.95612,0.00170,0.00058,0.00531
3.96000,0.50594,0.02479,0.97025,0.00119,0.00034,0.00342
4.02000,0.50594,0.02687,0.96751,0.00144,0.00036,0.00381
4.08000,0.50594,0.03045,0.96473,0.00113,0.00032,0.00337
4.14000,0.50594,0.02896,0.96472,0.00123,0.00038,0.00471
4.20000,0.50594,0.02753,0.96619,0.00105,0.00041,0.00482
4.26000,0.50594,0.01530,0.97921,0.00189,0.00048,0.00312
4.32000,0.50594,0.01300,0.97963,0.00306,0.00061,0.00370
4.38000,0.50594,0.01245,0.98209,0.00253,0.00085,0.00209
4.44000,0.50594,0.01458,0.97792,0.00369,0.00090,0.00291
4.50000,0.50594,0.01538,0.97900,0.00317,0.00137,0.00108
4.56000,0.50594,0.02579,0.95869,0.00928,0.00294,0.00330
4.62000,0.50594,0.02868,0.95119,0.01255,0.00536,0.00221
4.68000,0.50594,0.04303,0.93542,0.01190,0.00534,0.00430
4.74000,0.50594,0.05762,0.91489,0.01283,0.01181,0.00285
4.80000,0.50594,0.09479,0.83627,0.03350,0.02603,0.00941
4.86000,0.50594,0.15750,0.72594,0.04735,0.04714,0.02208
4.92000,0.50594,0.13802,0.65216,0.11031,0.06033,0.03918
4.98000,0.50594,0.15425,0.62275,0.10716,0.07268,0.04315
5.04000,0.50594,0.18586,0.60157,0.09412,0.07045,0.04799
5.10000,0.50594,0.12711,0.61963,0.13998,0.07505,0.03823
5.16000,0.50594,0.17567,0.48779,0.18595,0.08578,0.06480
5.22000,0.50594,0.15850,0.58063,0.14207,0.07984,0.03896
5.28000,0.50594,0.21744,0.49589,0.12120,0.07934,0.08613
5.34000,0.50594,0.21230,0.64723,0.04922,0.04258,0.04868
5.40000,0.50594,0.22859,0.60996,0.06405,0.04404,0.05336
5.46000,0.50594,0.23636,0.67449,0.02872,0.02685,0.03358
5.52000,0.50594,0.28542,0.58353,0.04564,0.04694,0.03846
5.58000,0.50594,0.33490,0.50451,0.04560,0.04734,0.06765
5.64000,0.50594,0.23463,0.56092,0.08612,0.05253,0.06579
5.70000,0.50594,0.24170,0.53652,0.09473,0.04098,0.08608
5.76000,0.50594,0.16771,0.57440,0.13451,0.07559,0.04779
5.82000,0.50594,0.19054,0.50418,0.15815,0.09564,0.05148
5.88000,0.50594,0.21995,0.51687,0.09114,0.13678,0.03525
5.94000,0.50594,0.13456,0.51026,0.19940,0.10177,0.05402
6.00000,0.50594,0.11516,0.56464,0.14692,0.14297,0.03030
6.06000,0.50594,0.07314,0.78641,0.05851,0.06987,0.01207
6.12000,0.50594,0.08438,0.75900,0.05929,0.08652,0.01082
6.18000,0.50594,0.07256,0.76193,0.05017,0.10399,0.01135
6.24000,0.50594,0.11550,0.75571,0.04932,0.06781,0.01166
6.30000,0.50594,0.07058,0.83319,0.02451,0.06706,0.00466
6.36000,0.50594,0.06137,0.87714,0.03067,0.02421,0.00662
6.42000,0.50594,0.04452,0.90908,0.01307,0.03125,0.00208
6.48000,0.50594,0.05340,0.89237,0.02496,0.01884,0.01042
6.54000,0.50594,0.03600,0.91613,0.01818,0.02563,0.00406
6.60000,0.50594,0.05964,0.89096,0.02068,0.02009,0.00862
6.66000,0.50594,0.06970,0.88438,0.01740,0.02176,0.00676
6.72000,0.50594,0.08337,0.82801,0.04005,0.03156,0.01701
6.78000,0.50594,0.09124,0.85610,0.01456,0.02631,0.01178
6.84000,0.50594,0.12431,0.80462,0.01754,0.04198,0.01155
6.90000,0.50594,0.14798,0.79954,0.00988,0.02731,0.01529
6.96000,0.50594,0.10434,0.78974,0.02429,0.07312,0.00852
7.02000,0.50594,0.08461,0.83806,0.03344,0.02905,0.01484
7.08000,0.50594,0.06412,0.82465,0.03684,0.06645,0.00793
7.14000,0.50594,0.06415,0.86601,0.03523,0.02706,0.00754
7.20000,0.50594,0.07459,0.85771,0.02557,0.03729,0.00484
7.26000,0.50594,0.06735,0.79863,0.06895,0.05608,0.00899
7.32000,0.50594,0.08600,0.83350,0.03038,0.04326,0.00686
7.38000,0.50594,0.08002,0.79623,0.06257,0.05429,0.00690
7.44000,0.50594,0.08640,0.86873,0.01631,0.02465,0.00390
7.50000,0.50594,0.09819,0.83090,0.02181,0.04435,0.00475
7.56000,0.50594,0.09221,0.85973,0.00946,0.03372,0.00488
7.62000,0.50594,0.08012,0.84063,0.01727,0.05691,0.00508
7.68000,0.50594,0.11889,0.82100,0.00866,0.04644,0.00501
7.74000,0.50594,0.12069,0.81671,0.01027,0.04696,0.00538
7.80000,0.50594,0.20157,0.72451,0.00729,0.06024,0.00640
7.86000,0.50594,0.20795,0.71434,0.00654,0.06456,0.00662
7.92000,0.50594,0.22054,0.72023,0.00723,0.04261,0.00939
7.98000,0.50594,0.23244,0.71214,0.00797,0.03834,0.00911
8.04000,0.50594,0.21834,0.76110,0.00281,0.01177,0.00598
8.10000,0.50594,0.30550,0.66756,0.00382,0.01394,0.00917
8.16000,0.50594,0.39686,0.58884,0.00160,0.00755,0.00515
8.22000,0.50594,0.32168,0.65647,0.00427,0.00915,0.00842
8.28000,0.50594,0.44309,0.52748,0.00580,0.01087,0.01276
8.34000,0.50594,0.50445,0.46355,0.00480,0.00898,0.01823
8.40000,0.50594,0.57943,0.37657,0.00704,0.01589,0.02106
8.46000,0.50594,0.61977,0.28699,0.01351,0.02542,0.05432
8.52000,0.50594,0.68868,0.22352,0.01256,0.02894,0.04630
8.58000,0.50594,0.69493,0.19074,0.01327,0.03112,0.06994
8.64000,0.50594,0.73759,0.12701,0.01207,0.04320,0.08014
8.70000,0.50594,0.69507,0.12182,0.02010,0.07229,0.09072
8.76000,0.50594,0.88975,0.03331,0.00301,0.02892,0.04500
8.82000,0.50594,0.75593,0.04014,0.01710,0.09480,0.09203
8.88000,0.50594,0.87724,0.01907,0.00542,0.05145,0.04682
8.94000,0.50594,0.80717,0.02838,0.01959,0.08177,0.06309
9.00000,0.50594,0.90551,0.00973,0.00493,0.02900,0.05084
9.06000,0.50594,0.90009,0.01012,0.00671,0.03044,0.05264
9.12000,0.50594,0.86121,0.01179,0.01541,0.03752,0.07407
9.18000,0.50594,0.88101,0.01564,0.01304,0.03218,0.05814
9.24000,0.50594,0.89608,0.01335,0.01324,0.02914,0.04820
9.30000,0.50594,0.91898,0.00940,0.00889,0.02016,0.04258
9.36000,0.50594,0.87546,0.01960,0.01703,0.02434,0.06358
9.42000,0.50594,0.90041,0.01664,0.01134,0.02144,0.05017
9.48000,0.50594,0.92951,0.01735,0.00444,0.02118,0.02752
9.54000,0.50594,0.87283,0.02892,0.01030,0.01547,0.07247
9.60000,0.50594,0.93533,0.01530,0.00375,0.00846,0.03717
9.66000,0.50594,0.93510,0.02486,0.00439,0.01556,0.02010
9.72000,0.50594,0.86216,0.06302,0.01150,0.02756,0.03577
9.78000,0.50594,0.86124,0.10128,0.00357,0.01584,0.01807
9.84000,0.50594,0.72802,0.22061,0.00694,0.01276,0.03167
9.90000,0.50594,0.66413,0.30486,0.00367,0.01312,0.01422
9.96000,0.50594,0.35944,0.52156,0.04231,0.04154,0.03516
10.02000,0.50594,0.34546,0.60375,0.00896,0.02673,0.01510
10.08000,0.50594,0.25040,0.64687,0.03405,0.05631,0.01238
10.14000,0.50594,0.16372,0.78672,0.02024,0.02306,0.00626
10.20000,0.50594,0.15780,0.69293,0.08872,0.05173,0.00883
10.26000,0.50594,0.15711,0.64503,0.11624,0.07135,0.01027
10.32000,0.50594,0.17314,0.53286,0.18606,0.09766,0.01028
10.38000,0.50594,0.15324,0.61152,0.15301,0.07288,0.00934
10.44000,0.50594,0.23575,0.56335,0.10747,0.08308,0.01035
10.50000,0.50594,0.19344,0.52563,0.16462,0.09806,0.01825
10.56000,0.50594,0.19773,0.52938,0.16296,0.09003,0.01990
10.62000,0.50594,0.19694,0.47658,0.20311,0.08502,0.03834
10.68000,0.50594,0.18610,0.35756,0.23632,0.17222,0.04781
10.74000,0.50594,0.21293,0.36532,0.18491,0.16150,0.07535
10.80000,0.50594,0.19506,0.34269,0.18632,0.23103,0.04490
10.86000,0.50594,0.16441,0.32545,0.21226,0.25668,0.04120
10.92000,0.50594,0.12762,0.37764,0.16665,0.29131,0.03678
10.98000,0.50594,0.13576,0.39459,0.15880,0.24406,0.06678
11.04000,0.50594,0.11901,0.44339,0.14362,0.23814,0.05584
11.10000,0.50594,0.15419,0.50853,0.08784,0.16985,0.07959
11.16000,0.50594,0.13780,0.45239,0.12022,0.20257,0.08701
11.22000,0.50594,0.15533,0.51072,0.07955,0.10273,0.15168
11.28000,0.50594,0.16814,0.39444,0.13525,0.14115,0.16101
11.34000,0.50594,0.22442,0.44527,0.06033,0.09540,0.17458
11.40000,0.50594,0.22835,0.50371,0.05064,0.06650,0.15080
11.46000,0.50594,0.21425,0.59258,0.03000,0.11643,0.04674
11.52000,0.50594,0.31563,0.58038,0.01707,0.04814,0.03879
11.58000,0.50594,0.22741,0.61091,0.02070,0.11068,0.03030
11.64000,0.50594,0.47972,0.42213,0.00727,0.06721,0.02368
11.70000,0.50594,0.37852,0.50210,0.00594,0.10216,0.01129
11.76000,0.50594,0.48216,0.45191,0.00196,0.05963,0.00434
11.82000,0.50594,0.36567,0.52938,0.00527,0.09290,0.00678
11.88000,0.50594,0.33077,0.56632,0.00675,0.08841,0.00775
11.94000,0.50594,0.28852,0.62774,0.00719,0.06744,0.00911
12.00000,0.50594,0.29970,0.53085,0.00976,0.14841,0.01128
12.06000,0.50594,0.18834,0.63344,0.03849,0.12540,0.01432
12.12000,0.50594,0.18633,0.51679,0.08668,0.19008,0.02012
12.18000,0.50594,0.10897,0.61184,0.10877,0.13771,0.03272
12.24000,0.50594,0.10258,0.50990,0.21480,0.13694,0.03577
12.30000,0.50594,0.09644,0.57719,0.18762,0.09519,0.04357
12.36000,0.50594,0.07640,0.34547,0.40063,0.11351,0.06399
12.42000,0.50594,0.06878,0.50354,0.27371,0.09268,0.06129
12.48000,0.50594,0.09576,0.41826,0.29198,0.12584,0.06816
12.54000,0.50594,0.09986,0.65470,0.12993,0.07119,0.04434
12.60000,0.50594,0.11987,0.51867,0.19996,0.11036,0.05114
12.66000,0.50594,0.16780,0.61380,0.08895,0.08680,0.04265
12.72000,0.50594,0.20664,0.45280,0.12690,0.14777,0.06588
12.78000,0.50594,0.25376,0.55021,0.05432,0.08514,0.05657
12.84000,0.50594,0.19592,0.53399,0.07804,0.10268,0.08937
12.90000,0.50594,0.18092,0.64126,0.04554,0.06164,0.07063
12.96000,0.50594,0.17442,0.60720,0.04956,0.08496,0.08385
13.02000,0.50594,0.14880,0.71331,0.03286,0.06119,0.04385
13.08000,0.50594,0.17934,0.73228,0.01531,0.03877,0.03431
13.14000,0.50594,0.11816,0.75601,0.03363,0.04807,0.04414
13.20000,0.50594,0.14305,0.75939,0.01094,0.03503,0.05159
13.26000,0.50594,0.11795,0.80587,0.01464,0.02549,0.03606
13.32000,0.50594,0.18012,0.73384,0.01308,0.02600,0.04697
13.38000,0.50594,0.15162,0.67095,0.04613,0.03834,0.09297
13.44000,0.50594,0.19743,0.63432,0.01351,0.02201,0.13274
13.50000,0.50594,0.14002,0.52533,0.07514,0.05541,0.20409
13.56000,0.50594,0.16416,0.47171,0.05316,0.04394,0.26702
13.62000,0.50594,0.10705,0.37703,0.17476,0.07287,0.26829
13.68000,0.50594,0.15595,0.27625,0.11824,0.06976,0.37979
13.74000,0.50594,0.09372,0.32895,0.19033,0.12382,0.26317
13.80000,0.50594,0.13686,0.22661,0.16271,0.12115,0.35266
13.86000,0.50594,0.14334,0.30494,0.15714,0.28190,0.11269
13.92000,0.50594,0.13445,0.26332,0.21116,0.28119,0.10988
13.98000,0.50594,0.14434,0.26122,0.15840,0.39128,0.04476
14.04000,0.50594,0.12372,0.29951,0.21592,0.31054,0.05031
14.10000,0.50594,0.14939,0.32101,0.11339,0.38815,0.02807
14.16000,0.50594,0.10324,0.25755,0.16562,0.44632,0.02727
14.22000,0.50594,0.12523,0.32751,0.09272,0.43872,0.01582
14.28000,0.50594,0.15807,0.36602,0.13679,0.31717,0.02196
14.34000,0.50594,0.12037,0.35561,0.20342,0.29934,0.02126
14.40000,0.50594,0.13564,0.34150,0.18138,0.30937,0.03212
14.46000,0.50594,0.12466,0.34467,0.20904,0.30220,0.01944
14.52000,0.50594,0.14303,0.38872,0.23209,0.20624,0.02992
14.58000,0.50594,0.12606,0.30620,0.31941,0.22910,0.01924
14.64000,0.50594,0.10428,0.28679,0.32283,0.25906,0.02704
14.70000,0.50594,0.09930,0.16027,0.40740,0.30813,0.02490
14.76000,0.50594,0.09326,0.34262,0.31891,0.20526,0.03994
14.82000,0.50594,0.18735,0.40673,0.12622,0.23431,0.04539
14.88000,0.50594,0.09703,0.67389,0.07977,0.13031,0.01900
14.94000,0.50594,0.15259,0.67888,0.03660,0.11358,0.01834
15.00000,0.50594,0.10148,0.76395,0.03771,0.08865,0.00821
15.06000,0.50594,0.15283,0.73341,0.01980,0.08733,0.00664
15.12000,0.50594,0.09756,0.80065,0.02371,0.07470,0.00338
15.18000,0.50594,0.10269,0.77765,0.02804,0.08860,0.00303
15.24000,0.50594,0.09177,0.74645,0.05654,0.10208,0.00315
15.30000,0.50594,0.08448,0.63689,0.15633,0.11628,0.00602
15.36000,0.50594,0.06842,0.52511,0.22439,0.17503,0.00705
15.42000,0.50594,0.06952,0.50847,0.25698,0.15840,0.00663
15.48000,0.50594,0.08287,0.47502,0.25723,0.16913,0.01575
15.54000,0.50594,0.08702,0.41681,0.31016,0.16649,0.01952
15.60000,0.50594,0.13288,0.53269,0.11974,0.19391,0.02079
15.66000,0.50594,0.12342,0.54170,0.13798,0.17985,0.01705
15.72000,0.50594,0.14302,0.69329,0.04185,0.10432,0.01753
15.78000,0.50594,0.13156,0.66707,0.07566,0.10715,0.01856
15.84000,0.50594,0.16369,0.70464,0.03506,0.07936,0.01725
15.90000,0.50594,0.13622,0.71082,0.04472,0.09057,0.01768
15.96000,0.50594,0.14548,0.73486,0.02655,0.07487,0.01824
16.02000,0.50594,0.12169,0.72934,0.05790,0.06413,0.02694
16.08000,0.50594,0.13850,0.68466,0.06217,0.08364,0.03104
16.14000,0.50594,0.16285,0.69052,0.03788,0.06272,0.04603
16.20000,0.50594,0.12692,0.69578,0.06224,0.07700,0.03807
