Time (seconds), Duration (seconds),pred_unlabeled,pred_sirens
0.00000,1.01194,0.39985,0.60015
0.12000,1.01194,0.54807,0.45193
0.24000,1.01194,0.45472,0.54528
0.36000,1.01194,0.50200,0.49800
0.48000,1.01194,0.35324,0.64676
0.60000,1.01194,0.31075,0.68925
0.72000,1.01194,0.21753,0.78247
0.84000,1.01194,0.15883,0.84117
0.96000,1.01194,0.12451,0.87549
1.08000,1.01194,0.14646,0.85354
1.20000,1.01194,0.03903,0.96097
1.32000,1.01194,0.16654,0.83346
1.44000,1.01194,0.03964,0.96036
1.56000,1.01194,0.30783,0.69217
1.68000,1.01194,0.14374,0.85626
1.80000,1.01194,0.28187,0.71813
1.92000,1.01194,0.09662,0.90338
2.04000,1.01194,0.17994,0.82006
2.16000,1.01194,0.13654,0.86346
2.28000,1.01194,0.06791,0.93209
2.40000,1.01194,0.06792,0.93208
2.52000,1.01194,0.07844,0.92156
2.64000,1.01194,0.05560,0.94440
2.76000,1.01194,0.07618,0.92382
2.88000,1.01194,0.12262,0.87738
3.00000,1.01194,0.09077,0.90923
3.12000,1.01194,0.25111,0.74889
3.24000,1.01194,0.36880,0.63120
3.36000,1.01194,0.47021,0.52979
3.48000,1.01194,0.62061,0.37939
3.60000,1.01194,0.55812,0.44188
3.72000,1.01194,0.46833,0.53168
3.84000,1.01194,0.43243,0.56757
3.96000,1.01194,0.41376,0.58624
4.08000,1.01194,0.18634,0.81366
4.20000,1.01194,0.30024,0.69976
4.32000,1.01194,0.09865,0.90135
4.44000,1.01194,0.15899,0.84101
4.56000,1.01194,0.06267,0.93733
4.68000,1.01194,0.19687,0.80313
4.80000,1.01194,0.08644,0.91356
4.92000,1.01194,0.21784,0.78216
5.04000,1.01194,0.10396,0.89604
5.16000,1.01194,0.26470,0.73530
5.28000,1.01194,0.23004,0.76996
5.40000,1.01194,0.38873,0.61127
5.52000,1.01194,0.25480,0.74520
5.64000,1.01194,0.19556,0.80444
5.76000,1.01194,0.23333,0.76667
5.88000,1.01194,0.19269,0.80731
6.00000,1.01194,0.26992,0.73008
6.12000,1.01194,0.28515,0.71485
6.24000,1.01194,0.31341,0.68659
6.36000,1.01194,0.38150,0.61850
6.48000,1.01194,0.39174,0.60826
6.60000,1.01194,0.46625,0.53375
6.72000,1.01194,0.31183,0.68817
6.84000,1.01194,0.25091,0.74909
6.96000,1.01194,0.28958,0.71042
7.08000,1.01194,0.21739,0.78261
7.20000,1.01194,0.20065,0.79935
7.32000,1.01194,0.25846,0.74154
7.44000,1.01194,0.15591,0.84409
7.56000,1.01194,0.25282,0.74718
7.68000,1.01194,0.16740,0.83260
7.80000,1.01194,0.23445,0.76555
7.92000,1.01194,0.15056,0.84944
8.04000,1.01194,0.23087,0.76913
8.16000,1.01194,0.28024,0.71976
8.28000,1.01194,0.25393,0.74607
8.40000,1.01194,0.32445,0.67555
8.52000,1.01194,0.23101,0.76899
8.64000,1.01194,0.22359,0.77641
8.76000,1.01194,0.09877,0.90123
8.88000,1.01194,0.14203,0.85797
9.00000,1.01194,0.08304,0.91696
9.12000,1.01194,0.06894,0.93106
9.24000,1.01194,0.07311,0.92689
9.36000,1.01194,0.11039,0.88961
9.48000,1.01194,0.11849,0.88151
9.60000,1.01194,0.20264,0.79736
9.72000,1.01194,0.15108,0.84892
9.84000,1.01194,0.17986,0.82014
9.96000,1.01194,0.11096,0.88904
10.08000,1.01194,0.05080,0.94920
10.20000,1.01194,0.04742,0.95258
10.32000,1.01194,0.02677,0.97323
10.44000,1.01194,0.04152,0.95848
10.56000,1.01194,0.04480,0.95520
10.68000,1.01194,0.03692,0.96308
10.80000,1.01194,0.03690,0.96310
10.92000,1.01194,0.03168,0.96832
11.04000,1.01194,0.02424,0.97576
11.16000,1.01194,0.04078,0.95922
11.28000,1.01194,0.02000,0.98000
11.40000,1.01194,0.01895,0.98105
11.52000,1.01194,0.01339,0.98661
11.64000,1.01194,0.01543,0.98457
11.76000,1.01194,0.02563,0.97437
11.88000,1.01194,0.06061,0.93939
12.00000,1.01194,0.04892,0.95108
12.12000,1.01194,0.09526,0.90474
12.24000,1.01194,0.06875,0.93125
12.36000,1.01194,0.15301,0.84699
12.48000,1.01194,0.11164,0.88836
12.60000,1.01194,0.11939,0.88061
12.72000,1.01194,0.10923,0.89077
12.84000,1.01194,0.06676,0.93324
12.96000,1.01194,0.07481,0.92519
13.08000,1.01194,0.02941,0.97059
13.20000,1.01194,0.05080,0.94920
13.32000,1.01194,0.02596,0.97404
13.44000,1.01194,0.01956,0.98044
13.56000,1.01194,0.02720,0.97280
13.68000,1.01194,0.01729,0.98271
13.80000,1.01194,0.03161,0.96839
13.92000,1.01194,0.03294,0.96706
14.04000,1.01194,0.05059,0.94941
14.16000,1.01194,0.05343,0.94657
14.28000,1.01194,0.08877,0.91123
14.40000,1.01194,0.09655,0.90345
14.52000,1.01194,0.16260,0.83740
14.64000,1.01194,0.08518,0.91482
14.76000,1.01194,0.13990,0.86010
14.88000,1.01194,0.07551,0.92449
15.00000,1.01194,0.05416,0.94584
15.12000,1.01194,0.07345,0.92655
15.24000,1.01194,0.04520,0.95480
15.36000,1.01194,0.05944,0.94056
15.48000,1.01194,0.03802,0.96198
15.60000,1.01194,0.03640,0.96360
15.72000,1.01194,0.04154,0.95846
15.84000,1.01194,0.05109,0.94891
15.96000,1.01194,0.06191,0.93809
16.08000,1.01194,0.03350,0.96650
16.20000,1.01194,0.03601,0.96399
16.32000,1.01194,0.03767,0.96233
16.44000,1.01194,0.02026,0.97974
16.56000,1.01194,0.01416,0.98584
16.68000,1.01194,0.01917,0.98083
16.80000,1.01194,0.01360,0.98640
16.92000,1.01194,0.01280,0.98720
17.04000,1.01194,0.00773,0.99227
17.16000,1.01194,0.01755,0.98245
17.28000,1.01194,0.00814,0.99186
17.40000,1.01194,0.00676,0.99324
17.52000,1.01194,0.00403,0.99597
17.64000,1.01194,0.01188,0.98812
17.76000,1.01194,0.00475,0.99525
17.88000,1.01194,0.00983,0.99017
18.00000,1.01194,0.00766,0.99234
18.12000,1.01194,0.00623,0.99377
18.24000,1.01194,0.01000,0.99000
18.36000,1.01194,0.01089,0.98911
18.48000,1.01194,0.01549,0.98451
18.60000,1.01194,0.01229,0.98771
18.72000,1.01194,0.02005,0.97995
18.84000,1.01194,0.06526,0.93474
18.96000,1.01194,0.05832,0.94168
19.08000,1.01194,0.04435,0.95565
19.20000,1.01194,0.02167,0.97833
19.32000,1.01194,0.02569,0.97431
19.44000,1.01194,0.01808,0.98192
19.56000,1.01194,0.02390,0.97610
19.68000,1.01194,0.02084,0.97916
19.80000,1.01194,0.01549,0.98451
19.92000,1.01194,0.03057,0.96943
20.04000,1.01194,0.03108,0.96892
20.16000,1.01194,0.04971,0.95029
20.28000,1.01194,0.04015,0.95985
20.40000,1.01194,0.05360,0.94640
20.52000,1.01194,0.08069,0.91931
20.64000,1.01194,0.04121,0.95879
20.76000,1.01194,0.03234,0.96766
20.88000,1.01194,0.02033,0.97967
21.00000,1.01194,0.01302,0.98698
21.12000,1.01194,0.01886,0.98114
21.24000,1.01194,0.01523,0.98477
21.36000,1.01194,0.01249,0.98751
21.48000,1.01194,0.00467,0.99533
21.60000,1.01194,0.01059,0.98941
21.72000,1.01194,0.00501,0.99499
21.84000,1.01194,0.00700,0.99300
21.96000,1.01194,0.00600,0.99400
22.08000,1.01194,0.00927,0.99073
22.20000,1.01194,0.00621,0.99379
22.32000,1.01194,0.01076,0.98924
22.44000,1.01194,0.01049,0.98951
22.56000,1.01194,0.01230,0.98770
22.68000,1.01194,0.02853,0.97147
22.80000,1.01194,0.01796,0.98204
22.92000,1.01194,0.03027,0.96973
23.04000,1.01194,0.02716,0.97284
23.16000,1.01194,0.01780,0.98220
23.28000,1.01194,0.02282,0.97718
23.40000,1.01194,0.02091,0.97909
23.52000,1.01194,0.08037,0.91963
23.64000,1.01194,0.05597,0.94403
23.76000,1.01194,0.15622,0.84378
23.88000,1.01194,0.07835,0.92165
24.00000,1.01194,0.15129,0.84871
24.12000,1.01194,0.18748,0.81252
24.24000,1.01194,0.36585,0.63415
24.36000,1.01194,0.32651,0.67349
24.48000,1.01194,0.32125,0.67875
24.60000,1.01194,0.39771,0.60229
24.72000,1.01194,0.20897,0.79103
24.84000,1.01194,0.28150,0.71850
24.96000,1.01194,0.08055,0.91945
25.08000,1.01194,0.06533,0.93467
25.20000,1.01194,0.06407,0.93593
25.32000,1.01194,0.05073,0.94927
25.44000,1.01194,0.08834,0.91166
25.56000,1.01194,0.10056,0.89944
25.68000,1.01194,0.19153,0.80847
25.80000,1.01194,0.30959,0.69041
25.92000,1.01194,0.27853,0.72147
26.04000,1.01194,0.30422,0.69578
26.16000,1.01194,0.28228,0.71772
26.28000,1.01194,0.14306,0.85694
26.40000,1.01194,0.05410,0.94590
26.52000,1.01194,0.08490,0.91510
26.64000,1.01194,0.06430,0.93570
26.76000,1.01194,0.10803,0.89197
26.88000,1.01194,0.05477,0.94523
27.00000,1.01194,0.12024,0.87976
27.12000,1.01194,0.05250,0.94750
27.24000,1.01194,0.20569,0.79431
27.36000,1.01194,0.06912,0.93088
27.48000,1.01194,0.09295,0.90705
27.60000,1.01194,0.09235,0.90765
27.72000,1.01194,0.06650,0.93350
27.84000,1.01194,0.09004,0.90996
27.96000,1.01194,0.12008,0.87992
28.08000,1.01194,0.17792,0.82208
28.20000,1.01194,0.18303,0.81697
28.32000,1.01194,0.19126,0.80874
28.44000,1.01194,0.14154,0.85846
28.56000,1.01194,0.15832,0.84168
28.68000,1.01194,0.12230,0.87770
28.80000,1.01194,0.15071,0.84929
28.92000,1.01194,0.13727,0.86273
29.04000,1.01194,0.11209,0.88791
29.16000,1.01194,0.14492,0.85508
29.28000,1.01194,0.09534,0.90466
29.40000,1.01194,0.08714,0.91286
29.52000,1.01194,0.02298,0.97702
29.64000,1.01194,0.02364,0.97636
29.76000,1.01194,0.02230,0.97770
29.88000,1.01194,0.01843,0.98157
30.00000,1.01194,0.02454,0.97546
30.12000,1.01194,0.01574,0.98426
30.24000,1.01194,0.02461,0.97539
30.36000,1.01194,0.02518,0.97482
30.48000,1.01194,0.04354,0.95646
30.60000,1.01194,0.07134,0.92866
30.72000,1.01194,0.03540,0.96460
30.84000,1.01194,0.07525,0.92475
30.96000,1.01194,0.06266,0.93734
31.08000,1.01194,0.05290,0.94710
31.20000,1.01194,0.07736,0.92264
31.32000,1.01194,0.10742,0.89258
31.44000,1.01194,0.05553,0.94447
31.56000,1.01194,0.05090,0.94910
31.68000,1.01194,0.02128,0.97872
31.80000,1.01194,0.02167,0.97833
31.92000,1.01194,0.02439,0.97561
32.04000,1.01194,0.01800,0.98200
32.16000,1.01194,0.04014,0.95986
32.28000,1.01194,0.02810,0.97190
32.40000,1.01194,0.04062,0.95938
32.52000,1.01194,0.03436,0.96564
32.64000,1.01194,0.06589,0.93411
32.76000,1.01194,0.05434,0.94566
32.88000,1.01194,0.04564,0.95436
33.00000,1.01194,0.04826,0.95174
33.12000,1.01194,0.04615,0.95385
33.24000,1.01194,0.04052,0.95948
33.36000,1.01194,0.03702,0.96298
33.48000,1.01194,0.02673,0.97327
33.60000,1.01194,0.02826,0.97174
33.72000,1.01194,0.01773,0.98227
33.84000,1.01194,0.01954,0.98046
33.96000,1.01194,0.01242,0.98758
34.08000,1.01194,0.01377,0.98623
34.20000,1.01194,0.01734,0.98266
34.32000,1.01194,0.01444,0.98556
34.44000,1.01194,0.01871,0.98129
34.56000,1.01194,0.02016,0.97984
34.68000,1.01194,0.02367,0.97633
34.80000,1.01194,0.01630,0.98370
34.92000,1.01194,0.06170,0.93830
35.04000,1.01194,0.01763,0.98237
35.16000,1.01194,0.12585,0.87415
35.28000,1.01194,0.02582,0.97418
35.40000,1.01194,0.06763,0.93237
35.52000,1.01194,0.01451,0.98549
35.64000,1.01194,0.02340,0.97660
35.76000,1.01194,0.02736,0.97264
35.88000,1.01194,0.01428,0.98572
36.00000,1.01194,0.02957,0.97043
36.12000,1.01194,0.02630,0.97370
36.24000,1.01194,0.09302,0.90698
36.36000,1.01194,0.04426,0.95574
36.48000,1.01194,0.09844,0.90156
36.60000,1.01194,0.04386,0.95614
36.72000,1.01194,0.06003,0.93997
36.84000,1.01194,0.03534,0.96466
36.96000,1.01194,0.01956,0.98044
37.08000,1.01194,0.03157,0.96843
37.20000,1.01194,0.03136,0.96864
37.32000,1.01194,0.06593,0.93407
37.44000,1.01194,0.03548,0.96452
37.56000,1.01194,0.04942,0.95058
37.68000,1.01194,0.03725,0.96275
37.80000,1.01194,0.03218,0.96782
37.92000,1.01194,0.02976,0.97024
38.04000,1.01194,0.02638,0.97362
38.16000,1.01194,0.01759,0.98241
38.28000,1.01194,0.01171,0.98829
38.40000,1.01194,0.01918,0.98082
38.52000,1.01194,0.01740,0.98260
38.64000,1.01194,0.01280,0.98720
38.76000,1.01194,0.01412,0.98588
38.88000,1.01194,0.02362,0.97638
39.00000,1.01194,0.02263,0.97737
39.12000,1.01194,0.02172,0.97828
39.24000,1.01194,0.01742,0.98258
39.36000,1.01194,0.02525,0.97475
39.48000,1.01194,0.01277,0.98723
39.60000,1.01194,0.02406,0.97594
39.72000,1.01194,0.01545,0.98455
39.84000,1.01194,0.01895,0.98105
39.96000,1.01194,0.01674,0.98326
40.08000,1.01194,0.01820,0.98180
40.20000,1.01194,0.01310,0.98690
40.32000,1.01194,0.01218,0.98782
40.44000,1.01194,0.01443,0.98557
40.56000,1.01194,0.00928,0.99072
40.68000,1.01194,0.02191,0.97809
40.80000,1.01194,0.02364,0.97636
40.92000,1.01194,0.02856,0.97144
41.04000,1.01194,0.14230,0.85770
41.16000,1.01194,0.07664,0.92336
41.28000,1.01194,0.27262,0.72738
41.40000,1.01194,0.07371,0.92629
41.52000,1.01194,0.13678,0.86322
41.64000,1.01194,0.05218,0.94782
41.76000,1.01194,0.06789,0.93211
41.88000,1.01194,0.04208,0.95792
42.00000,1.01194,0.03034,0.96966
42.12000,1.01194,0.04381,0.95619
42.24000,1.01194,0.02619,0.97381
42.36000,1.01194,0.03776,0.96224
42.48000,1.01194,0.03805,0.96195
42.60000,1.01194,0.02964,0.97036
42.72000,1.01194,0.02902,0.97098
42.84000,1.01194,0.01990,0.98010
42.96000,1.01194,0.02553,0.97447
43.08000,1.01194,0.01143,0.98857
43.20000,1.01194,0.01627,0.98373
43.32000,1.01194,0.01106,0.98894
43.44000,1.01194,0.02211,0.97789
43.56000,1.01194,0.01923,0.98077
43.68000,1.01194,0.03060,0.96940
43.80000,1.01194,0.01930,0.98070
43.92000,1.01194,0.02120,0.97880
44.04000,1.01194,0.02266,0.97734
44.16000,1.01194,0.01822,0.98178
44.28000,1.01194,0.01716,0.98284
44.40000,1.01194,0.01729,0.98271
44.52000,1.01194,0.01960,0.98040
44.64000,1.01194,0.01797,0.98203
44.76000,1.01194,0.02161,0.97839
44.88000,1.01194,0.02474,0.97526
45.00000,1.01194,0.01959,0.98041
45.12000,1.01194,0.02051,0.97949
45.24000,1.01194,0.01687,0.98313
45.36000,1.01194,0.01316,0.98684
45.48000,1.01194,0.01460,0.98540
45.60000,1.01194,0.01193,0.98807
45.72000,1.01194,0.01750,0.98250
45.84000,1.01194,0.02120,0.97880
45.96000,1.01194,0.02367,0.97633
46.08000,1.01194,0.02884,0.97116
46.20000,1.01194,0.01844,0.98156
46.32000,1.01194,0.03261,0.96739
46.44000,1.01194,0.01438,0.98562
46.56000,1.01194,0.02834,0.97166
46.68000,1.01194,0.01788,0.98212
46.80000,1.01194,0.02960,0.97040
46.92000,1.01194,0.02070,0.97930
47.04000,1.01194,0.02706,0.97294
47.16000,1.01194,0.03835,0.96165
47.28000,1.01194,0.02885,0.97115
47.40000,1.01194,0.05358,0.94642
47.52000,1.01194,0.03968,0.96032
47.64000,1.01194,0.01997,0.98003
47.76000,1.01194,0.01995,0.98005
47.88000,1.01194,0.00618,0.99382
48.00000,1.01194,0.01726,0.98274
48.12000,1.01194,0.00986,0.99014
48.24000,1.01194,0.01208,0.98792
48.36000,1.01194,0.00784,0.99216
48.48000,1.01194,0.00912,0.99088
48.60000,1.01194,0.00712,0.99288
48.72000,1.01194,0.01882,0.98118
48.84000,1.01194,0.01291,0.98709
48.96000,1.01194,0.02377,0.97623
49.08000,1.01194,0.01946,0.98054
49.20000,1.01194,0.03195,0.96805
49.32000,1.01194,0.01472,0.98528
49.44000,1.01194,0.02295,0.97705
49.56000,1.01194,0.01812,0.98188
49.68000,1.01194,0.01606,0.98394
49.80000,1.01194,0.01978,0.98022
49.92000,1.01194,0.00910,0.99090
50.04000,1.01194,0.01072,0.98928
50.16000,1.01194,0.01138,0.98862
50.28000,1.01194,0.00689,0.99311
50.40000,1.01194,0.01223,0.98777
50.52000,1.01194,0.01122,0.98878
50.64000,1.01194,0.01016,0.98984
50.76000,1.01194,0.01465,0.98535
50.88000,1.01194,0.02649,0.97351
51.00000,1.01194,0.02641,0.97359
51.12000,1.01194,0.01282,0.98718
51.24000,1.01194,0.02155,0.97845
51.36000,1.01194,0.02316,0.97684
51.48000,1.01194,0.02587,0.97413
51.60000,1.01194,0.02173,0.97827
51.72000,1.01194,0.02217,0.97783
51.84000,1.01194,0.01631,0.98369
51.96000,1.01194,0.01304,0.98696
52.08000,1.01194,0.01448,0.98552
52.20000,1.01194,0.01300,0.98700
52.32000,1.01194,0.01122,0.98878
52.44000,1.01194,0.01148,0.98852
52.56000,1.01194,0.00697,0.99303
52.68000,1.01194,0.00827,0.99173
52.80000,1.01194,0.01324,0.98676
52.92000,1.01194,0.00868,0.99132
53.04000,1.01194,0.01632,0.98368
53.16000,1.01194,0.01660,0.98340
53.28000,1.01194,0.02346,0.97654
53.40000,1.01194,0.01552,0.98448
53.52000,1.01194,0.02245,0.97755
53.64000,1.01194,0.01458,0.98542
53.76000,1.01194,0.01280,0.98720
53.88000,1.01194,0.00766,0.99234
54.00000,1.01194,0.00551,0.99449
54.12000,1.01194,0.00495,0.99505
54.24000,1.01194,0.00282,0.99718
54.36000,1.01194,0.00412,0.99588
54.48000,1.01194,0.00346,0.99654
54.60000,1.01194,0.00556,0.99444
54.72000,1.01194,0.00570,0.99430
54.84000,1.01194,0.00282,0.99718
54.96000,1.01194,0.00500,0.99500
55.08000,1.01194,0.00563,0.99437
55.20000,1.01194,0.00736,0.99264
55.32000,1.01194,0.00491,0.99509
55.44000,1.01194,0.00802,0.99198
55.56000,1.01194,0.01106,0.98894
55.68000,1.01194,0.00957,0.99043
55.80000,1.01194,0.01253,0.98747
55.92000,1.01194,0.00453,0.99547
56.04000,1.01194,0.00523,0.99477
56.16000,1.01194,0.00566,0.99434
56.28000,1.01194,0.00631,0.99369
56.40000,1.01194,0.00652,0.99348
56.52000,1.01194,0.00566,0.99434
56.64000,1.01194,0.00372,0.99628
56.76000,1.01194,0.00420,0.99580
56.88000,1.01194,0.00405,0.99595
57.00000,1.01194,0.00382,0.99618
57.12000,1.01194,0.00562,0.99438
57.24000,1.01194,0.00564,0.99436
57.36000,1.01194,0.00667,0.99334
57.48000,1.01194,0.00588,0.99412
57.60000,1.01194,0.00412,0.99588
57.72000,1.01194,0.00849,0.99151
57.84000,1.01194,0.00424,0.99576
57.96000,1.01194,0.00553,0.99447
58.08000,1.01194,0.00575,0.99425
58.20000,1.01194,0.00943,0.99057
58.32000,1.01194,0.00611,0.99389
58.44000,1.01194,0.00581,0.99419
58.56000,1.01194,0.00812,0.99188
58.68000,1.01194,0.01182,0.98818
58.80000,1.01194,0.00914,0.99086
58.92000,1.01194,0.00805,0.99195
59.04000,1.01194,0.00574,0.99426
59.16000,1.01194,0.00670,0.99330
59.28000,1.01194,0.00866,0.99134
59.40000,1.01194,0.00667,0.99333
59.52000,1.01194,0.01160,0.98840
59.64000,1.01194,0.00682,0.99318
59.76000,1.01194,0.00928,0.99072
59.88000,1.01194,0.00551,0.99449
60.00000,1.01194,0.00725,0.99275
60.12000,1.01194,0.00389,0.99611
60.24000,1.01194,0.00662,0.99338
60.36000,1.01194,0.00383,0.99617
60.48000,1.01194,0.00457,0.99543
60.60000,1.01194,0.00605,0.99395
60.72000,1.01194,0.01058,0.98942
60.84000,1.01194,0.01452,0.98548
60.96000,1.01194,0.01285,0.98715
61.08000,1.01194,0.01517,0.98483
61.20000,1.01194,0.01211,0.98789
61.32000,1.01194,0.01511,0.98489
61.44000,1.01194,0.01409,0.98591
61.56000,1.01194,0.01129,0.98871
61.68000,1.01194,0.01049,0.98951
61.80000,1.01194,0.00896,0.99104
61.92000,1.01194,0.01003,0.98997
62.04000,1.01194,0.00969,0.99031
62.16000,1.01194,0.00695,0.99305
62.28000,1.01194,0.00490,0.99510
62.40000,1.01194,0.01848,0.98152
62.52000,1.01194,0.01085,0.98915
62.64000,1.01194,0.01251,0.98749
62.76000,1.01194,0.00917,0.99083
62.88000,1.01194,0.02191,0.97809
63.00000,1.01194,0.00913,0.99087
63.12000,1.01194,0.02503,0.97497
63.24000,1.01194,0.00770,0.99230
63.36000,1.01194,0.01359,0.98641
63.48000,1.01194,0.00621,0.99379
63.60000,1.01194,0.00714,0.99286
63.72000,1.01194,0.00925,0.99075
63.84000,1.01194,0.00606,0.99394
63.96000,1.01194,0.01261,0.98739
64.08000,1.01193,0.01313,0.98687
64.20000,1.01194,0.03814,0.96186
64.32000,1.01194,0.02492,0.97508
64.44000,1.01193,0.03344,0.96656
64.56000,1.01194,0.01493,0.98507
64.68000,1.01194,0.01591,0.98409
64.80000,1.01193,0.00663,0.99337
64.92000,1.01194,0.00710,0.99290
65.04000,1.01194,0.00444,0.99556
65.16000,1.01193,0.00875,0.99125
65.28000,1.01194,0.00773,0.99227
65.40000,1.01193,0.02285,0.97715
65.52000,1.01194,0.01223,0.98777
65.64000,1.01194,0.02150,0.97850
65.76000,1.01193,0.01481,0.98519
65.88000,1.01194,0.02456,0.97544
66.00000,1.01194,0.01614,0.98386
66.12000,1.01193,0.03911,0.96089
66.24000,1.01194,0.01199,0.98801
66.36000,1.01194,0.02718,0.97282
66.48000,1.01193,0.01632,0.98368
66.60000,1.01194,0.02326,0.97674
66.72000,1.01194,0.01462,0.98538
66.84000,1.01194,0.01611,0.98389
66.96000,1.01194,0.01304,0.98696
67.08000,1.01193,0.00782,0.99218
67.20000,1.01194,0.01697,0.98303
67.32000,1.01194,0.00915,0.99085
67.44000,1.01193,0.01321,0.98679
67.56000,1.01194,0.00851,0.99149
67.68000,1.01194,0.00937,0.99063
67.80000,1.01193,0.01097,0.98903
67.92000,1.01194,0.01547,0.98453
68.04000,1.01194,0.00998,0.99002
68.16000,1.01193,0.01389,0.98611
68.28000,1.01194,0.00965,0.99035
68.40000,1.01193,0.00946,0.99054
68.52000,1.01194,0.01978,0.98022
68.64000,1.01194,0.01053,0.98947
68.76000,1.01193,0.01072,0.98928
68.88000,1.01194,0.00867,0.99133
69.00000,1.01194,0.00563,0.99437
69.12000,1.01193,0.00624,0.99376
69.24000,1.01194,0.00654,0.99346
69.36000,1.01194,0.00537,0.99463
69.48000,1.01193,0.00522,0.99478
69.60000,1.01194,0.00579,0.99421
69.72000,1.01194,0.00483,0.99517
69.84000,1.01194,0.00823,0.99177
69.96000,1.01194,0.01362,0.98638
70.08000,1.01193,0.01980,0.98020
70.20000,1.01194,0.03060,0.96940
70.32000,1.01194,0.04646,0.95354
70.44000,1.01193,0.03269,0.96731
70.56000,1.01194,0.04206,0.95794
70.68000,1.01194,0.05021,0.94979
70.80000,1.01193,0.11406,0.88594
70.92000,1.01194,0.07758,0.92242
71.04000,1.01194,0.15176,0.84824
71.16000,1.01193,0.16400,0.83600
71.28000,1.01194,0.19459,0.80541
71.40000,1.01193,0.26382,0.73618
71.52000,1.01194,0.19668,0.80332
71.64000,1.01194,0.15670,0.84330
71.76000,1.01193,0.05977,0.94023
71.88000,1.01194,0.05987,0.94013
72.00000,1.01194,0.05313,0.94687
72.12000,1.01193,0.08856,0.91144
72.24000,1.01194,0.03424,0.96576
72.36000,1.01194,0.07326,0.92674
72.48000,1.01193,0.02056,0.97944
72.60000,1.01194,0.06478,0.93522
72.72000,1.01194,0.01579,0.98421
72.84000,1.01194,0.02330,0.97670
72.96000,1.01194,0.02458,0.97542
73.08000,1.01193,0.01049,0.98951
73.20000,1.01194,0.00406,0.99594
73.32000,1.01194,0.00982,0.99018
73.44000,1.01193,0.00889,0.99111
73.56000,1.01194,0.00668,0.99332
73.68000,1.01194,0.01018,0.98982
73.80000,1.01193,0.00619,0.99381
73.92000,1.01194,0.00923,0.99077
74.04000,1.01194,0.01075,0.98925
74.16000,1.01193,0.00817,0.99183
74.28000,1.01194,0.00928,0.99072
74.40000,1.01193,0.01024,0.98976
74.52000,1.01194,0.01075,0.98925
74.64000,1.01194,0.02238,0.97762
74.76000,1.01193,0.01044,0.98956
74.88000,1.01194,0.01046,0.98954
75.00000,1.01194,0.02287,0.97713
75.12000,1.01193,0.03867,0.96133
75.24000,1.01194,0.03836,0.96164
75.36000,1.01194,0.06802,0.93198
75.48000,1.01193,0.05680,0.94320
75.60000,1.01194,0.04101,0.95899
75.72000,1.01194,0.01886,0.98114
75.84000,1.01194,0.05401,0.94599
75.96000,1.01194,0.02221,0.97779
76.08000,1.01193,0.01782,0.98218
76.20000,1.01194,0.01190,0.98810
76.32000,1.01194,0.01746,0.98254
76.44000,1.01193,0.01414,0.98586
76.56000,1.01194,0.01403,0.98597
76.68000,1.01194,0.01003,0.98997
76.80000,1.01193,0.01368,0.98632
76.92000,1.01194,0.01802,0.98198
77.04000,1.01194,0.03168,0.96832
77.16000,1.01193,0.01822,0.98178
77.28000,1.01194,0.03225,0.96775
77.40000,1.01193,0.01784,0.98216
77.52000,1.01194,0.01350,0.98650
77.64000,1.01194,0.01337,0.98663
77.76000,1.01193,0.01714,0.98286
77.88000,1.01194,0.02775,0.97225
78.00000,1.01194,0.02291,0.97709
78.12000,1.01193,0.04148,0.95852
78.24000,1.01194,0.05765,0.94235
78.36000,1.01194,0.05905,0.94095
78.48000,1.01193,0.04790,0.95210
78.60000,1.01194,0.06803,0.93197
78.72000,1.01194,0.03728,0.96272
78.84000,1.01194,0.06815,0.93185
78.96000,1.01194,0.09847,0.90153
79.08000,1.01193,0.12474,0.87526
79.20000,1.01194,0.06526,0.93474
79.32000,1.01194,0.20422,0.79578
79.44000,1.01193,0.05677,0.94323
79.56000,1.01194,0.21494,0.78506
79.68000,1.01194,0.07395,0.92605
79.80000,1.01193,0.08532,0.91468
79.92000,1.01194,0.13675,0.86325
80.04000,1.01194,0.05664,0.94336
80.16000,1.01193,0.08876,0.91124
80.28000,1.01194,0.12099,0.87901
80.40000,1.01193,0.21224,0.78776
80.52000,1.01194,0.09212,0.90788
80.64000,1.01194,0.11110,0.88890
80.76000,1.01193,0.10906,0.89094
80.88000,1.01194,0.10461,0.89539
81.00000,1.01194,0.12125,0.87875
81.12000,1.01193,0.05345,0.94655
81.24000,1.01194,0.06578,0.93422
81.36000,1.01194,0.06161,0.93839
81.48000,1.01193,0.07364,0.92636
81.60000,1.01194,0.07091,0.92909
81.72000,1.01194,0.03367,0.96633
81.84000,1.01194,0.01933,0.98067
81.96000,1.01194,0.02403,0.97597
82.08000,1.01193,0.03327,0.96673
82.20000,1.01194,0.02509,0.97491
82.32000,1.01194,0.04043,0.95957
82.44000,1.01193,0.00888,0.99112
82.56000,1.01194,0.01744,0.98256
82.68000,1.01194,0.02366,0.97634
82.80000,1.01193,0.02181,0.97819
82.92000,1.01194,0.02642,0.97358
83.04000,1.01194,0.03807,0.96193
83.16000,1.01193,0.04344,0.95656
83.28000,1.01194,0.11878,0.88122
83.40000,1.01193,0.09043,0.90957
83.52000,1.01194,0.12354,0.87646
83.64000,1.01194,0.06568,0.93432
83.76000,1.01193,0.05863,0.94137
83.88000,1.01194,0.08142,0.91858
84.00000,1.01194,0.06167,0.93833
84.12000,1.01193,0.10195,0.89805
84.24000,1.01194,0.04872,0.95128
84.36000,1.01194,0.10502,0.89498
84.48000,1.01193,0.07274,0.92726
84.60000,1.01194,0.17749,0.82251
84.72000,1.01194,0.09112,0.90888
84.84000,1.01194,0.29148,0.70852
84.96000,1.01194,0.10044,0.89956
85.08000,1.01193,0.21502,0.78498
85.20000,1.01194,0.13375,0.86625
85.32000,1.01194,0.23572,0.76428
85.44000,1.01193,0.21694,0.78306
85.56000,1.01194,0.14741,0.85259
85.68000,1.01194,0.09413,0.90587
85.80000,1.01193,0.07453,0.92547
85.92000,1.01194,0.14905,0.85095
86.04000,1.01194,0.09865,0.90135
86.16000,1.01193,0.10431,0.89569
86.28000,1.01194,0.09226,0.90774
86.40000,1.01193,0.05251,0.94749
86.52000,1.01194,0.07014,0.92986
86.64000,1.01194,0.09442,0.90558
86.76000,1.01193,0.06843,0.93157
86.88000,1.01194,0.12486,0.87514
87.00000,1.01194,0.07854,0.92146
87.12000,1.01193,0.08493,0.91507
87.24000,1.01194,0.07692,0.92308
87.36000,1.01194,0.15327,0.84673
87.48000,1.01193,0.26738,0.73262
87.60000,1.01194,0.11879,0.88121
87.72000,1.01194,0.24821,0.75179
87.84000,1.01194,0.19395,0.80605
87.96000,1.01194,0.23151,0.76849
88.08000,1.01193,0.38584,0.61416
88.20000,1.01194,0.49414,0.50586
88.32000,1.01194,0.26886,0.73114
88.44000,1.01193,0.08470,0.91530
88.56000,1.01194,0.11136,0.88864
88.68000,1.01194,0.03212,0.96788
88.80000,1.01193,0.06738,0.93262
88.92000,1.01194,0.07086,0.92914
89.04000,1.01194,0.07750,0.92250
89.16000,1.01193,0.11534,0.88466
89.28000,1.01194,0.21341,0.78659
89.40000,1.01193,0.14596,0.85404
89.52000,1.01194,0.17041,0.82959
89.64000,1.01194,0.19086,0.80914
89.76000,1.01193,0.08765,0.91235
89.88000,1.01194,0.19546,0.80454
90.00000,1.01194,0.07248,0.92752
90.12000,1.01193,0.04371,0.95629
90.24000,1.01194,0.05012,0.94988
90.36000,1.01194,0.07318,0.92682
90.48000,1.01193,0.08216,0.91784
90.60000,1.01194,0.08642,0.91358
90.72000,1.01194,0.06928,0.93072
90.84000,1.01194,0.04402,0.95598
90.96000,1.01194,0.06661,0.93339
91.08000,1.01193,0.03920,0.96080
91.20000,1.01194,0.05272,0.94728
91.32000,1.01194,0.07523,0.92477
91.44000,1.01193,0.04829,0.95171
91.56000,1.01194,0.08411,0.91589
91.68000,1.01194,0.12675,0.87325
91.80000,1.01193,0.18300,0.81700
91.92000,1.01194,0.29082,0.70918
92.04000,1.01194,0.27724,0.72276
92.16000,1.01193,0.44652,0.55348
92.28000,1.01194,0.33053,0.66947
92.40000,1.01193,0.26669,0.73331
92.52000,1.01194,0.21401,0.78599
92.64000,1.01194,0.10162,0.89838
92.76000,1.01193,0.14422,0.85578
92.88000,1.01194,0.06773,0.93227
93.00000,1.01194,0.15624,0.84376
93.12000,1.01193,0.04593,0.95407
93.24000,1.01194,0.02797,0.97203
93.36000,1.01194,0.02213,0.97787
93.48000,1.01193,0.02679,0.97321
93.60000,1.01194,0.01616,0.98384
93.72000,1.01194,0.03957,0.96043
93.84000,1.01194,0.03072,0.96928
93.96000,1.01194,0.03184,0.96816
94.08000,1.01193,0.02910,0.97090
94.20000,1.01194,0.03492,0.96508
94.32000,1.01194,0.07107,0.92893
94.44000,1.01193,0.06007,0.93993
94.56000,1.01194,0.05683,0.94317
94.68000,1.01194,0.04038,0.95962
94.80000,1.01193,0.02389,0.97611
94.92000,1.01194,0.06027,0.93973
95.04000,1.01194,0.07259,0.92741
95.16000,1.01193,0.03876,0.96124
95.28000,1.01194,0.04740,0.95260
95.40000,1.01193,0.10964,0.89037
95.52000,1.01194,0.05257,0.94743
95.64000,1.01194,0.11145,0.88855
95.76000,1.01193,0.06748,0.93252
95.88000,1.01194,0.07637,0.92363
96.00000,1.01194,0.05692,0.94308
96.12000,1.01193,0.05981,0.94019
96.24000,1.01194,0.04833,0.95167
96.36000,1.01194,0.04592,0.95408
96.48000,1.01193,0.04841,0.95159
96.60000,1.01194,0.05539,0.94461
96.72000,1.01194,0.04914,0.95086
96.84000,1.01194,0.08711,0.91289
96.96000,1.01194,0.10077,0.89923
97.08000,1.01193,0.07819,0.92181
97.20000,1.01194,0.16565,0.83435
97.32000,1.01194,0.07622,0.92378
97.44000,1.01193,0.21609,0.78391
97.56000,1.01194,0.12920,0.87080
97.68000,1.01194,0.24750,0.75250
97.80000,1.01193,0.20257,0.79743
97.92000,1.01194,0.47065,0.52935
98.04000,1.01194,0.23866,0.76134
98.16000,1.01193,0.51291,0.48709
98.28000,1.01194,0.27640,0.72360
98.40000,1.01193,0.44605,0.55395
98.52000,1.01194,0.36034,0.63966
98.64000,1.01194,0.56555,0.43445
98.76000,1.01193,0.48447,0.51553
98.88000,1.01194,0.40560,0.59440
99.00000,1.01194,0.47119,0.52881
99.12000,1.01193,0.22991,0.77009
99.24000,1.01194,0.32144,0.67856
99.36000,1.01194,0.17307,0.82693
99.48000,1.01193,0.10869,0.89131
99.60000,1.01194,0.04394,0.95606
99.72000,1.01194,0.10815,0.89185
99.84000,1.01194,0.08884,0.91116
99.96000,1.01194,0.06914,0.93086
100.08000,1.01193,0.11767,0.88233
100.20000,1.01194,0.04649,0.95351
100.32000,1.01194,0.17793,0.82207
100.44000,1.01193,0.10938,0.89062
100.56000,1.01194,0.16965,0.83035
100.68000,1.01194,0.08844,0.91156
100.80000,1.01193,0.12209,0.87791
100.92000,1.01194,0.20664,0.79336
101.04000,1.01194,0.20127,0.79873
101.16000,1.01193,0.10563,0.89437
101.28000,1.01194,0.08543,0.91457
101.40000,1.01193,0.11994,0.88006
101.52000,1.01194,0.08653,0.91347
101.64000,1.01194,0.04581,0.95419
101.76000,1.01193,0.03429,0.96571
101.88000,1.01194,0.02009,0.97991
102.00000,1.01194,0.04607,0.95393
102.12000,1.01193,0.04581,0.95419
102.24000,1.01194,0.05168,0.94832
102.36000,1.01194,0.02610,0.97390
102.48000,1.01193,0.02513,0.97487
102.60000,1.01194,0.04316,0.95684
102.72000,1.01194,0.04300,0.95700
102.84000,1.01194,0.05291,0.94709
102.96000,1.01194,0.04003,0.95997
103.08000,1.01193,0.03697,0.96303
103.20000,1.01194,0.03374,0.96626
103.32000,1.01194,0.05178,0.94822
103.44000,1.01193,0.12078,0.87922
103.56000,1.01194,0.14235,0.85765
103.68000,1.01194,0.23277,0.76723
103.80000,1.01193,0.30107,0.69893
103.92000,1.01194,0.14234,0.85766
104.04000,1.01194,0.46655,0.53345
104.16000,1.01193,0.32964,0.67036
104.28000,1.01194,0.10650,0.89350
104.40000,1.01193,0.23239,0.76761
104.52000,1.01194,0.30828,0.69172
104.64000,1.01194,0.14604,0.85396
104.76000,1.01193,0.40329,0.59671
104.88000,1.01194,0.32050,0.67950
105.00000,1.01194,0.25946,0.74054
105.12000,1.01193,0.10780,0.89220
105.24000,1.01194,0.32909,0.67091
105.36000,1.01194,0.08425,0.91575
105.48000,1.01193,0.09610,0.90390
105.60000,1.01194,0.06971,0.93029
105.72000,1.01194,0.09107,0.90893
105.84000,1.01194,0.08963,0.91037
105.96000,1.01194,0.17208,0.82792
106.08000,1.01193,0.06828,0.93172
106.20000,1.01194,0.15492,0.84508
106.32000,1.01194,0.14156,0.85844
106.44000,1.01193,0.23622,0.76378
106.56000,1.01194,0.11270,0.88730
106.68000,1.01194,0.16332,0.83668
106.80000,1.01193,0.22133,0.77867
106.92000,1.01194,0.18248,0.81752
107.04000,1.01194,0.38704,0.61296
107.16000,1.01193,0.28963,0.71037
107.28000,1.01194,0.36521,0.63479
107.40000,1.01193,0.27891,0.72109
107.52000,1.01194,0.24928,0.75072
107.64000,1.01194,0.29777,0.70223
107.76000,1.01193,0.21579,0.78421
107.88000,1.01194,0.09857,0.90143
108.00000,1.01194,0.19684,0.80316
108.12000,1.01193,0.17584,0.82416
108.24000,1.01194,0.21518,0.78482
108.36000,1.01194,0.09170,0.90830
108.48000,1.01193,0.39531,0.60469
108.60000,1.01194,0.21878,0.78122
108.72000,1.01194,0.40526,0.59474
108.84000,1.01194,0.18628,0.81372
108.96000,1.01194,0.25181,0.74819
109.08000,1.01193,0.18264,0.81736
109.20000,1.01194,0.35312,0.64688
109.32000,1.01194,0.09860,0.90140
109.44000,1.01193,0.24096,0.75904
109.56000,1.01194,0.08895,0.91105
109.68000,1.01194,0.15400,0.84600
109.80000,1.01193,0.07771,0.92229
109.92000,1.01194,0.14812,0.85188
110.04000,1.01194,0.11438,0.88562
110.16000,1.01193,0.11454,0.88546
110.28000,1.01194,0.07000,0.93000
110.40000,1.01193,0.03420,0.96580
110.52000,1.01194,0.02511,0.97489
110.64000,1.01194,0.03559,0.96441
110.76000,1.01193,0.02924,0.97076
110.88000,1.01194,0.02292,0.97708
111.00000,1.01194,0.02188,0.97812
111.12000,1.01193,0.01719,0.98281
111.24000,1.01194,0.01501,0.98499
111.36000,1.01194,0.01652,0.98348
111.48000,1.01193,0.08625,0.91375
111.60000,1.01194,0.02262,0.97738
111.72000,1.01194,0.00842,0.99158
111.84000,1.01194,0.00693,0.99307
111.96000,1.01194,0.00907,0.99093
112.08000,1.01193,0.00539,0.99461
112.20000,1.01194,0.00358,0.99642
112.32000,1.01194,0.00419,0.99581
112.44000,1.01193,0.00292,0.99708
112.56000,1.01194,0.00725,0.99275
112.68000,1.01194,0.00567,0.99433
112.80000,1.01193,0.00460,0.99540
112.92000,1.01194,0.00822,0.99178
113.04000,1.01194,0.00395,0.99605
113.16000,1.01193,0.01794,0.98207
113.28000,1.01194,0.02489,0.97511
113.40000,1.01193,0.01464,0.98536
113.52000,1.01194,0.04072,0.95928
113.64000,1.01194,0.00776,0.99224
113.76000,1.01193,0.00756,0.99244
113.88000,1.01194,0.00421,0.99579
114.00000,1.01194,0.00513,0.99487
114.12000,1.01193,0.00756,0.99244
114.24000,1.01194,0.00650,0.99350
114.36000,1.01194,0.00634,0.99366
114.48000,1.01193,0.00400,0.99600
114.60000,1.01194,0.00275,0.99725
114.72000,1.01194,0.00465,0.99535
114.84000,1.01194,0.00775,0.99225
114.96000,1.01194,0.00909,0.99091
115.08000,1.01193,0.00709,0.99291
115.20000,1.01194,0.00661,0.99339
115.32000,1.01194,0.00752,0.99248
115.44000,1.01193,0.03313,0.96687
115.56000,1.01194,0.02195,0.97805
115.68000,1.01194,0.01216,0.98784
115.80000,1.01193,0.02073,0.97927
115.92000,1.01194,0.04349,0.95651
116.04000,1.01194,0.06693,0.93307
116.16000,1.01193,0.04821,0.95179
116.28000,1.01194,0.03707,0.96293
116.40000,1.01193,0.03511,0.96489
116.52000,1.01194,0.13784,0.86216
116.64000,1.01194,0.07113,0.92887
116.76000,1.01193,0.10646,0.89354
116.88000,1.01194,0.16490,0.83510
117.00000,1.01194,0.18456,0.81544
117.12000,1.01193,0.11825,0.88175
117.24000,1.01194,0.16102,0.83898
117.36000,1.01194,0.10952,0.89048
117.48000,1.01193,0.13937,0.86063
117.60000,1.01194,0.07450,0.92550
117.72000,1.01194,0.08867,0.91133
117.84000,1.01194,0.03169,0.96831
117.96000,1.01194,0.04699,0.95301
118.08000,1.01193,0.09030,0.90970
118.20000,1.01194,0.11133,0.88867
118.32000,1.01194,0.10365,0.89635
118.44000,1.01193,0.15907,0.84093
118.56000,1.01194,0.15727,0.84273
118.68000,1.01194,0.20097,0.79903
118.80000,1.01193,0.10127,0.89873
118.92000,1.01194,0.10464,0.89536
119.04000,1.01194,0.07778,0.92222
119.16000,1.01193,0.18551,0.81449
119.28000,1.01194,0.08764,0.91236
119.40000,1.01193,0.07423,0.92577
