Time (seconds), Duration (seconds),pred_unlabeled,pred_sirens
0.00000,1.01194,0.97473,0.02527
0.12000,1.01194,0.97488,0.02512
0.24000,1.01194,0.98713,0.01287
0.36000,1.01194,0.98494,0.01506
0.48000,1.01194,0.99314,0.00686
0.60000,1.01194,0.98976,0.01024
0.72000,1.01194,0.99050,0.00950
0.84000,1.01194,0.99296,0.00704
0.96000,1.01194,0.99080,0.00920
1.08000,1.01194,0.99187,0.00813
1.20000,1.01194,0.99033,0.00967
1.32000,1.01194,0.98217,0.01783
1.44000,1.01194,0.98612,0.01388
1.56000,1.01194,0.94879,0.05121
1.68000,1.01194,0.97197,0.02803
1.80000,1.01194,0.93682,0.06318
1.92000,1.01194,0.95178,0.04822
2.04000,1.01194,0.90370,0.09630
2.16000,1.01194,0.94995,0.05005
2.28000,1.01194,0.88352,0.11648
2.40000,1.01194,0.90439,0.09561
2.52000,1.01194,0.80949,0.19051
2.64000,1.01194,0.93800,0.06200
2.76000,1.01194,0.91063,0.08937
2.88000,1.01194,0.89624,0.10376
3.00000,1.01194,0.92647,0.07353
3.12000,1.01194,0.94934,0.05066
3.24000,1.01194,0.95923,0.04077
3.36000,1.01194,0.92973,0.07027
3.48000,1.01194,0.95266,0.04734
3.60000,1.01194,0.95810,0.04190
3.72000,1.01194,0.95464,0.04536
3.84000,1.01194,0.93442,0.06558
3.96000,1.01194,0.96248,0.03752
4.08000,1.01194,0.96907,0.03093
4.20000,1.01194,0.94270,0.05730
4.32000,1.01194,0.96299,0.03701
4.44000,1.01194,0.95217,0.04783
4.56000,1.01194,0.96766,0.03234
4.68000,1.01194,0.95485,0.04515
4.80000,1.01194,0.94741,0.05259
4.92000,1.01194,0.95364,0.04636
5.04000,1.01194,0.96449,0.03551
5.16000,1.01194,0.92335,0.07665
5.28000,1.01194,0.95246,0.04754
5.40000,1.01194,0.92394,0.07606
5.52000,1.01194,0.94115,0.05885
5.64000,1.01194,0.91128,0.08872
5.76000,1.01194,0.89157,0.10843
5.88000,1.01194,0.91920,0.08080
6.00000,1.01194,0.89563,0.10437
6.12000,1.01194,0.93509,0.06491
6.24000,1.01194,0.89615,0.10385
6.36000,1.01194,0.96105,0.03895
6.48000,1.01194,0.93432,0.06568
6.60000,1.01194,0.97250,0.02750
6.72000,1.01194,0.97543,0.02457
6.84000,1.01194,0.96103,0.03897
6.96000,1.01194,0.97708,0.02292
7.08000,1.01194,0.96923,0.03077
7.20000,1.01194,0.96106,0.03894
7.32000,1.01194,0.95722,0.04278
7.44000,1.01194,0.95626,0.04374
7.56000,1.01194,0.95486,0.04514
7.68000,1.01194,0.94422,0.05578
7.80000,1.01194,0.95967,0.04033
7.92000,1.01194,0.95497,0.04503
8.04000,1.01194,0.95597,0.04403
8.16000,1.01194,0.96973,0.03027
8.28000,1.01194,0.98239,0.01761
8.40000,1.01194,0.96984,0.03016
8.52000,1.01194,0.98147,0.01853
8.64000,1.01194,0.98160,0.01840
8.76000,1.01194,0.97322,0.02678
8.88000,1.01194,0.96704,0.03296
9.00000,1.01194,0.96969,0.03031
9.12000,1.01194,0.94672,0.05328
9.24000,1.01194,0.95435,0.04565
9.36000,1.01194,0.94984,0.05016
9.48000,1.01194,0.93933,0.06067
9.60000,1.01194,0.95349,0.04651
9.72000,1.01194,0.96899,0.03101
9.84000,1.01194,0.94684,0.05316
9.96000,1.01194,0.97692,0.02308
10.08000,1.01194,0.93984,0.06016
10.20000,1.01194,0.96679,0.03321
10.32000,1.01194,0.96374,0.03626
10.44000,1.01194,0.96940,0.03060
10.56000,1.01194,0.97442,0.02558
10.68000,1.01194,0.97401,0.02599
10.80000,1.01194,0.97812,0.02188
10.92000,1.01194,0.96006,0.03994
11.04000,1.01194,0.97328,0.02672
11.16000,1.01194,0.95641,0.04359
11.28000,1.01194,0.96220,0.03780
11.40000,1.01194,0.95627,0.04373
11.52000,1.01194,0.98207,0.01793
11.64000,1.01194,0.96138,0.03862
11.76000,1.01194,0.98632,0.01368
11.88000,1.01194,0.97019,0.02981
12.00000,1.01194,0.97643,0.02357
12.12000,1.01194,0.96072,0.03928
12.24000,1.01194,0.95565,0.04435
12.36000,1.01194,0.89819,0.10181
12.48000,1.01194,0.94936,0.05064
12.60000,1.01194,0.91878,0.08122
12.72000,1.01194,0.95017,0.04984
12.84000,1.01194,0.95351,0.04649
12.96000,1.01194,0.97319,0.02681
13.08000,1.01194,0.98650,0.01350
13.20000,1.01194,0.96707,0.03293
13.32000,1.01194,0.98046,0.01954
13.44000,1.01194,0.94007,0.05993
13.56000,1.01194,0.96911,0.03089
13.68000,1.01194,0.93100,0.06900
13.80000,1.01194,0.97020,0.02980
13.92000,1.01194,0.93258,0.06742
14.04000,1.01194,0.96544,0.03456
14.16000,1.01194,0.93403,0.06597
14.28000,1.01194,0.96784,0.03216
14.40000,1.01194,0.96243,0.03757
14.52000,1.01194,0.97863,0.02137
14.64000,1.01194,0.96473,0.03527
14.76000,1.01194,0.98326,0.01674
14.88000,1.01194,0.97021,0.02979
15.00000,1.01194,0.98192,0.01808
15.12000,1.01194,0.97490,0.02510
15.24000,1.01194,0.97682,0.02318
15.36000,1.01194,0.96918,0.03082
15.48000,1.01194,0.97122,0.02878
15.60000,1.01194,0.94902,0.05098
15.72000,1.01194,0.97442,0.02558
15.84000,1.01194,0.93896,0.06104
15.96000,1.01194,0.97702,0.02298
16.08000,1.01194,0.94059,0.05941
16.20000,1.01194,0.97179,0.02821
16.32000,1.01194,0.96617,0.03383
16.44000,1.01194,0.96811,0.03189
16.56000,1.01194,0.96282,0.03718
16.68000,1.01194,0.96315,0.03685
16.80000,1.01194,0.96239,0.03761
16.92000,1.01194,0.96675,0.03325
17.04000,1.01194,0.98074,0.01926
17.16000,1.01194,0.98619,0.01381
17.28000,1.01194,0.99054,0.00946
17.40000,1.01194,0.98058,0.01942
17.52000,1.01194,0.98780,0.01220
17.64000,1.01194,0.97038,0.02962
17.76000,1.01194,0.98779,0.01221
17.88000,1.01194,0.95971,0.04029
18.00000,1.01194,0.97703,0.02297
18.12000,1.01194,0.94405,0.05595
18.24000,1.01194,0.96868,0.03132
18.36000,1.01194,0.93143,0.06857
18.48000,1.01194,0.96578,0.03422
18.60000,1.01194,0.92773,0.07227
18.72000,1.01194,0.94476,0.05524
18.84000,1.01194,0.95755,0.04245
18.96000,1.01194,0.97406,0.02594
19.08000,1.01194,0.94515,0.05485
19.20000,1.01194,0.97919,0.02081
19.32000,1.01194,0.96961,0.03039
19.44000,1.01194,0.97216,0.02784
19.56000,1.01194,0.95904,0.04096
19.68000,1.01194,0.95449,0.04551
19.80000,1.01194,0.97688,0.02312
19.92000,1.01194,0.92921,0.07079
20.04000,1.01194,0.97229,0.02771
20.16000,1.01194,0.93826,0.06174
20.28000,1.01194,0.96136,0.03864
20.40000,1.01194,0.94363,0.05637
20.52000,1.01194,0.95290,0.04710
20.64000,1.01194,0.94435,0.05565
20.76000,1.01194,0.94011,0.05989
20.88000,1.01194,0.94652,0.05348
21.00000,1.01194,0.91231,0.08769
21.12000,1.01194,0.93934,0.06066
21.24000,1.01194,0.89755,0.10245
21.36000,1.01194,0.96120,0.03880
21.48000,1.01194,0.91395,0.08605
21.60000,1.01194,0.96377,0.03623
21.72000,1.01194,0.94271,0.05729
21.84000,1.01194,0.97682,0.02318
21.96000,1.01194,0.95368,0.04632
22.08000,1.01194,0.97471,0.02529
22.20000,1.01194,0.94651,0.05349
22.32000,1.01194,0.97335,0.02665
22.44000,1.01194,0.94710,0.05290
22.56000,1.01194,0.97036,0.02964
22.68000,1.01194,0.95600,0.04400
22.80000,1.01194,0.97551,0.02449
22.92000,1.01194,0.96642,0.03358
23.04000,1.01194,0.96968,0.03032
23.16000,1.01194,0.97017,0.02983
23.28000,1.01194,0.96907,0.03093
23.40000,1.01194,0.97531,0.02469
23.52000,1.01194,0.97800,0.02200
23.64000,1.01194,0.96899,0.03101
23.76000,1.01194,0.94323,0.05677
23.88000,1.01194,0.95190,0.04810
24.00000,1.01194,0.92173,0.07827
24.12000,1.01194,0.95072,0.04928
24.24000,1.01194,0.89244,0.10756
24.36000,1.01194,0.94672,0.05328
24.48000,1.01194,0.91607,0.08393
24.60000,1.01194,0.95530,0.04470
24.72000,1.01194,0.95583,0.04417
24.84000,1.01194,0.96598,0.03402
24.96000,1.01194,0.97459,0.02541
25.08000,1.01194,0.94877,0.05123
25.20000,1.01194,0.96322,0.03678
25.32000,1.01194,0.92300,0.07700
25.44000,1.01194,0.96658,0.03342
25.56000,1.01194,0.94555,0.05445
25.68000,1.01194,0.95140,0.04860
25.80000,1.01194,0.93391,0.06609
25.92000,1.01194,0.94445,0.05555
26.04000,1.01194,0.93179,0.06821
26.16000,1.01194,0.93397,0.06603
26.28000,1.01194,0.92694,0.07306
26.40000,1.01194,0.92198,0.07802
26.52000,1.01194,0.91337,0.08663
26.64000,1.01194,0.88975,0.11025
26.76000,1.01194,0.90089,0.09911
26.88000,1.01194,0.90432,0.09568
27.00000,1.01194,0.88597,0.11403
27.12000,1.01194,0.90592,0.09408
27.24000,1.01194,0.90657,0.09343
27.36000,1.01194,0.94334,0.05666
27.48000,1.01194,0.91753,0.08247
27.60000,1.01194,0.93349,0.06651
27.72000,1.01194,0.93639,0.06361
27.84000,1.01194,0.93145,0.06855
27.96000,1.01194,0.93499,0.06501
28.08000,1.01194,0.92151,0.07849
28.20000,1.01194,0.91478,0.08522
28.32000,1.01194,0.95143,0.04857
28.44000,1.01194,0.92197,0.07803
28.56000,1.01194,0.94089,0.05911
28.68000,1.01194,0.89691,0.10309
28.80000,1.01194,0.93795,0.06205
28.92000,1.01194,0.92949,0.07051
29.04000,1.01194,0.96235,0.03765
29.16000,1.01194,0.91705,0.08295
29.28000,1.01194,0.94439,0.05561
29.40000,1.01194,0.95369,0.04631
29.52000,1.01194,0.94825,0.05175
29.64000,1.01194,0.95419,0.04581
29.76000,1.01194,0.92114,0.07886
29.88000,1.01194,0.93985,0.06015
30.00000,1.01194,0.85126,0.14874
30.12000,1.01194,0.94948,0.05052
30.24000,1.01194,0.80969,0.19031
30.36000,1.01194,0.95507,0.04493
30.48000,1.01194,0.87033,0.12967
30.60000,1.01194,0.95001,0.04999
30.72000,1.01194,0.93523,0.06477
30.84000,1.01194,0.94794,0.05206
30.96000,1.01194,0.93233,0.06768
31.08000,1.01194,0.94246,0.05754
31.20000,1.01194,0.96304,0.03696
31.32000,1.01194,0.96304,0.03696
31.44000,1.01194,0.93661,0.06339
31.56000,1.01194,0.96626,0.03374
31.68000,1.01194,0.96456,0.03544
31.80000,1.01194,0.96169,0.03831
31.92000,1.01194,0.96781,0.03219
32.04000,1.01194,0.95253,0.04747
32.16000,1.01194,0.96914,0.03086
32.28000,1.01194,0.96577,0.03423
32.40000,1.01194,0.96554,0.03446
32.52000,1.01194,0.94188,0.05812
32.64000,1.01194,0.91420,0.08580
32.76000,1.01194,0.92083,0.07917
32.88000,1.01194,0.89152,0.10848
33.00000,1.01194,0.84664,0.15336
33.12000,1.01194,0.86815,0.13185
33.24000,1.01194,0.84078,0.15922
33.36000,1.01194,0.89127,0.10873
33.48000,1.01194,0.88720,0.11280
33.60000,1.01194,0.95511,0.04489
33.72000,1.01194,0.87196,0.12804
33.84000,1.01194,0.92704,0.07296
33.96000,1.01194,0.87842,0.12158
34.08000,1.01194,0.90873,0.09127
34.20000,1.01194,0.92576,0.07424
34.32000,1.01194,0.93118,0.06882
34.44000,1.01194,0.95926,0.04074
34.56000,1.01194,0.93924,0.06076
34.68000,1.01194,0.96442,0.03558
34.80000,1.01194,0.95117,0.04882
34.92000,1.01194,0.94306,0.05694
35.04000,1.01194,0.96336,0.03664
35.16000,1.01194,0.88844,0.11156
35.28000,1.01194,0.95097,0.04903
35.40000,1.01194,0.90495,0.09505
35.52000,1.01194,0.95299,0.04701
35.64000,1.01194,0.94851,0.05149
35.76000,1.01194,0.95674,0.04326
35.88000,1.01194,0.96052,0.03948
36.00000,1.01194,0.96603,0.03397
36.12000,1.01194,0.96388,0.03612
36.24000,1.01194,0.96592,0.03408
36.36000,1.01194,0.93920,0.06080
36.48000,1.01194,0.95378,0.04622
36.60000,1.01194,0.93286,0.06714
36.72000,1.01194,0.96288,0.03712
36.84000,1.01194,0.93626,0.06374
36.96000,1.01194,0.96555,0.03445
37.08000,1.01194,0.96079,0.03921
37.20000,1.01194,0.97617,0.02383
37.32000,1.01194,0.97332,0.02668
37.44000,1.01194,0.97289,0.02711
37.56000,1.01194,0.97765,0.02235
37.68000,1.01194,0.95764,0.04236
37.80000,1.01194,0.97037,0.02963
37.92000,1.01194,0.96416,0.03584
38.04000,1.01194,0.96175,0.03825
38.16000,1.01194,0.93707,0.06293
38.28000,1.01194,0.95648,0.04352
38.40000,1.01194,0.95431,0.04569
38.52000,1.01194,0.94623,0.05377
38.64000,1.01194,0.95084,0.04916
38.76000,1.01194,0.95180,0.04820
38.88000,1.01194,0.95031,0.04969
39.00000,1.01194,0.95108,0.04892
39.12000,1.01194,0.95468,0.04532
39.24000,1.01194,0.94313,0.05687
39.36000,1.01194,0.95617,0.04383
39.48000,1.01194,0.89162,0.10838
39.60000,1.01194,0.93395,0.06605
39.72000,1.01194,0.87541,0.12459
39.84000,1.01194,0.91309,0.08691
39.96000,1.01194,0.88115,0.11885
40.08000,1.01194,0.90909,0.09091
40.20000,1.01194,0.92466,0.07534
40.32000,1.01194,0.92004,0.07996
40.44000,1.01194,0.96159,0.03841
40.56000,1.01194,0.93845,0.06155
40.68000,1.01194,0.96328,0.03672
40.80000,1.01194,0.97438,0.02562
40.92000,1.01194,0.96608,0.03392
41.04000,1.01194,0.97382,0.02618
41.16000,1.01194,0.93203,0.06797
41.28000,1.01194,0.96897,0.03103
41.40000,1.01194,0.96577,0.03423
41.52000,1.01194,0.95560,0.04440
41.64000,1.01194,0.96523,0.03477
41.76000,1.01194,0.97491,0.02509
41.88000,1.01194,0.97719,0.02281
42.00000,1.01194,0.97512,0.02488
42.12000,1.01194,0.97451,0.02549
42.24000,1.01194,0.96402,0.03598
42.36000,1.01194,0.98223,0.01777
42.48000,1.01194,0.97388,0.02612
42.60000,1.01194,0.97662,0.02338
42.72000,1.01194,0.96817,0.03183
42.84000,1.01194,0.96615,0.03385
42.96000,1.01194,0.97067,0.02933
43.08000,1.01194,0.96207,0.03793
43.20000,1.01194,0.96350,0.03650
43.32000,1.01194,0.96573,0.03427
43.44000,1.01194,0.97276,0.02724
43.56000,1.01194,0.96079,0.03921
43.68000,1.01194,0.98137,0.01863
43.80000,1.01194,0.93401,0.06599
43.92000,1.01194,0.97322,0.02678
44.04000,1.01194,0.94435,0.05565
44.16000,1.01194,0.96380,0.03620
44.28000,1.01194,0.95811,0.04189
44.40000,1.01194,0.94910,0.05090
44.52000,1.01194,0.97234,0.02766
44.64000,1.01194,0.96661,0.03339
44.76000,1.01194,0.96353,0.03647
44.88000,1.01194,0.95461,0.04539
45.00000,1.01194,0.93695,0.06305
45.12000,1.01194,0.95217,0.04783
45.24000,1.01194,0.91008,0.08992
45.36000,1.01194,0.94911,0.05089
45.48000,1.01194,0.91403,0.08597
45.60000,1.01194,0.94443,0.05557
45.72000,1.01194,0.95061,0.04939
45.84000,1.01194,0.94128,0.05872
45.96000,1.01194,0.95923,0.04077
46.08000,1.01194,0.95741,0.04259
46.20000,1.01194,0.96269,0.03731
46.32000,1.01194,0.95511,0.04489
46.44000,1.01194,0.96002,0.03998
46.56000,1.01194,0.97637,0.02363
46.68000,1.01194,0.94924,0.05076
46.80000,1.01194,0.97465,0.02535
46.92000,1.01194,0.94483,0.05517
47.04000,1.01194,0.96598,0.03402
47.16000,1.01194,0.96024,0.03976
47.28000,1.01194,0.96501,0.03499
47.40000,1.01194,0.94653,0.05347
47.52000,1.01194,0.92513,0.07487
47.64000,1.01194,0.87255,0.12745
47.76000,1.01194,0.87585,0.12415
47.88000,1.01194,0.80841,0.19159
48.00000,1.01194,0.83439,0.16561
48.12000,1.01194,0.72302,0.27698
48.24000,1.01194,0.77393,0.22607
48.36000,1.01194,0.80619,0.19381
48.48000,1.01194,0.85100,0.14900
48.60000,1.01194,0.84335,0.15665
48.72000,1.01194,0.73611,0.26389
48.84000,1.01194,0.79537,0.20463
48.96000,1.01194,0.82033,0.17967
49.08000,1.01194,0.81877,0.18123
49.20000,1.01194,0.83555,0.16445
49.32000,1.01194,0.80228,0.19772
49.44000,1.01194,0.86283,0.13717
49.56000,1.01194,0.83074,0.16926
49.68000,1.01194,0.84088,0.15912
49.80000,1.01194,0.85321,0.14679
49.92000,1.01194,0.89306,0.10694
50.04000,1.01194,0.88606,0.11394
50.16000,1.01194,0.90991,0.09009
50.28000,1.01194,0.89722,0.10278
50.40000,1.01194,0.91538,0.08462
50.52000,1.01194,0.91659,0.08341
50.64000,1.01194,0.88880,0.11120
50.76000,1.01194,0.91786,0.08214
50.88000,1.01194,0.88283,0.11717
51.00000,1.01194,0.89041,0.10959
51.12000,1.01194,0.92588,0.07412
51.24000,1.01194,0.93656,0.06344
51.36000,1.01194,0.93778,0.06222
51.48000,1.01194,0.94014,0.05986
51.60000,1.01194,0.93935,0.06065
51.72000,1.01194,0.92668,0.07332
51.84000,1.01194,0.95060,0.04940
51.96000,1.01194,0.93494,0.06506
52.08000,1.01194,0.96746,0.03254
52.20000,1.01194,0.93894,0.06106
52.32000,1.01194,0.97294,0.02706
52.44000,1.01194,0.91111,0.08889
52.56000,1.01194,0.96379,0.03621
52.68000,1.01194,0.89961,0.10039
52.80000,1.01194,0.94361,0.05639
52.92000,1.01194,0.86283,0.13717
53.04000,1.01194,0.93584,0.06416
53.16000,1.01194,0.86529,0.13471
53.28000,1.01194,0.93344,0.06656
53.40000,1.01194,0.88706,0.11294
53.52000,1.01194,0.95111,0.04889
53.64000,1.01194,0.94071,0.05929
53.76000,1.01194,0.95012,0.04988
53.88000,1.01194,0.96656,0.03344
54.00000,1.01194,0.94163,0.05837
54.12000,1.01194,0.96611,0.03389
54.24000,1.01194,0.92450,0.07550
54.36000,1.01194,0.95558,0.04442
54.48000,1.01194,0.91561,0.08439
54.60000,1.01194,0.91918,0.08082
54.72000,1.01194,0.91979,0.08021
54.84000,1.01194,0.92195,0.07805
54.96000,1.01194,0.93287,0.06713
55.08000,1.01194,0.97103,0.02897
55.20000,1.01194,0.93022,0.06978
55.32000,1.01194,0.95973,0.04027
55.44000,1.01194,0.91568,0.08432
55.56000,1.01194,0.97012,0.02988
55.68000,1.01194,0.91196,0.08804
55.80000,1.01194,0.95501,0.04499
55.92000,1.01194,0.94643,0.05357
56.04000,1.01194,0.96477,0.03523
56.16000,1.01194,0.92018,0.07982
56.28000,1.01194,0.96913,0.03087
56.40000,1.01194,0.96969,0.03031
56.52000,1.01194,0.95171,0.04829
56.64000,1.01194,0.95679,0.04321
56.76000,1.01194,0.93893,0.06107
56.88000,1.01194,0.95529,0.04471
57.00000,1.01194,0.94238,0.05762
57.12000,1.01194,0.94572,0.05428
57.24000,1.01194,0.95274,0.04726
57.36000,1.01194,0.94210,0.05790
57.48000,1.01194,0.94386,0.05614
57.60000,1.01194,0.96754,0.03246
57.72000,1.01194,0.94834,0.05166
57.84000,1.01194,0.97555,0.02445
57.96000,1.01194,0.95801,0.04199
58.08000,1.01194,0.96724,0.03276
58.20000,1.01194,0.95413,0.04587
58.32000,1.01194,0.95647,0.04353
58.44000,1.01194,0.97044,0.02956
58.56000,1.01194,0.94419,0.05581
58.68000,1.01194,0.96647,0.03353
58.80000,1.01194,0.93351,0.06649
58.92000,1.01194,0.97453,0.02547
59.04000,1.01194,0.88641,0.11359
59.16000,1.01194,0.96793,0.03207
59.28000,1.01194,0.94606,0.05394
59.40000,1.01194,0.94843,0.05157
59.52000,1.01194,0.92497,0.07503
59.64000,1.01194,0.93244,0.06756
59.76000,1.01194,0.89561,0.10439
59.88000,1.01194,0.85415,0.14585
60.00000,1.01194,0.89173,0.10827
60.12000,1.01194,0.93397,0.06603
60.24000,1.01194,0.91593,0.08407
60.36000,1.01194,0.94615,0.05385
60.48000,1.01194,0.95645,0.04355
60.60000,1.01194,0.93810,0.06190
60.72000,1.01194,0.95705,0.04295
60.84000,1.01194,0.92579,0.07421
60.96000,1.01194,0.94667,0.05333
61.08000,1.01194,0.93716,0.06284
61.20000,1.01194,0.94891,0.05109
61.32000,1.01194,0.94550,0.05450
61.44000,1.01194,0.96980,0.03020
61.56000,1.01194,0.96040,0.03960
61.68000,1.01194,0.97081,0.02919
61.80000,1.01194,0.97146,0.02854
61.92000,1.01194,0.95168,0.04832
62.04000,1.01194,0.95701,0.04299
62.16000,1.01194,0.92387,0.07613
62.28000,1.01194,0.94430,0.05570
62.40000,1.01194,0.88518,0.11482
62.52000,1.01194,0.97045,0.02955
62.64000,1.01194,0.92855,0.07145
62.76000,1.01194,0.98325,0.01675
62.88000,1.01194,0.94607,0.05393
63.00000,1.01194,0.96226,0.03774
63.12000,1.01194,0.95584,0.04416
63.24000,1.01194,0.95979,0.04021
63.36000,1.01194,0.96112,0.03888
63.48000,1.01194,0.95682,0.04318
63.60000,1.01194,0.94705,0.05295
63.72000,1.01194,0.94596,0.05404
63.84000,1.01194,0.94685,0.05315
63.96000,1.01194,0.94261,0.05739
64.08000,1.01193,0.94509,0.05491
64.20000,1.01194,0.94777,0.05223
64.32000,1.01194,0.94507,0.05493
64.44000,1.01193,0.95017,0.04983
64.56000,1.01194,0.95255,0.04745
64.68000,1.01194,0.93697,0.06303
64.80000,1.01193,0.97328,0.02672
64.92000,1.01194,0.91542,0.08458
65.04000,1.01194,0.93335,0.06665
65.16000,1.01193,0.88012,0.11988
65.28000,1.01194,0.86917,0.13083
65.40000,1.01193,0.84875,0.15125
65.52000,1.01194,0.87461,0.12539
65.64000,1.01194,0.90598,0.09402
65.76000,1.01193,0.92842,0.07158
65.88000,1.01194,0.86082,0.13918
66.00000,1.01194,0.92620,0.07380
66.12000,1.01193,0.88014,0.11986
66.24000,1.01194,0.89630,0.10370
66.36000,1.01194,0.88382,0.11618
66.48000,1.01193,0.85141,0.14859
66.60000,1.01194,0.81620,0.18380
66.72000,1.01194,0.83445,0.16555
66.84000,1.01194,0.81227,0.18773
66.96000,1.01194,0.77634,0.22366
67.08000,1.01193,0.77969,0.22031
67.20000,1.01194,0.83408,0.16592
67.32000,1.01194,0.86001,0.13999
67.44000,1.01193,0.80398,0.19602
67.56000,1.01194,0.79551,0.20449
67.68000,1.01194,0.75573,0.24427
67.80000,1.01193,0.86336,0.13664
67.92000,1.01194,0.79731,0.20269
68.04000,1.01194,0.79612,0.20388
68.16000,1.01193,0.84549,0.15451
68.28000,1.01194,0.86957,0.13043
68.40000,1.01193,0.87326,0.12674
68.52000,1.01194,0.83272,0.16728
68.64000,1.01194,0.85221,0.14779
68.76000,1.01193,0.89137,0.10863
68.88000,1.01194,0.86597,0.13403
69.00000,1.01194,0.86351,0.13649
69.12000,1.01193,0.89134,0.10866
69.24000,1.01194,0.87776,0.12224
69.36000,1.01194,0.83414,0.16586
69.48000,1.01193,0.88260,0.11740
69.60000,1.01194,0.82401,0.17599
69.72000,1.01194,0.90812,0.09188
69.84000,1.01194,0.84732,0.15268
69.96000,1.01194,0.81456,0.18544
70.08000,1.01193,0.85324,0.14676
70.20000,1.01194,0.84060,0.15940
70.32000,1.01194,0.74907,0.25093
70.44000,1.01193,0.90518,0.09482
70.56000,1.01194,0.83601,0.16399
70.68000,1.01194,0.87943,0.12057
70.80000,1.01193,0.88418,0.11582
70.92000,1.01194,0.81610,0.18390
71.04000,1.01194,0.91731,0.08269
71.16000,1.01193,0.84860,0.15140
71.28000,1.01194,0.92587,0.07413
71.40000,1.01193,0.78564,0.21436
71.52000,1.01194,0.91613,0.08387
71.64000,1.01194,0.89036,0.10964
71.76000,1.01193,0.91211,0.08789
71.88000,1.01194,0.89782,0.10218
72.00000,1.01194,0.94286,0.05714
72.12000,1.01193,0.87350,0.12650
72.24000,1.01194,0.94762,0.05238
72.36000,1.01194,0.92146,0.07854
72.48000,1.01193,0.92043,0.07957
72.60000,1.01194,0.87855,0.12145
72.72000,1.01194,0.84732,0.15268
72.84000,1.01194,0.84651,0.15349
72.96000,1.01194,0.80352,0.19648
73.08000,1.01193,0.82056,0.17944
73.20000,1.01194,0.80069,0.19931
73.32000,1.01194,0.76383,0.23617
73.44000,1.01193,0.83180,0.16820
73.56000,1.01194,0.80571,0.19429
73.68000,1.01194,0.80764,0.19236
73.80000,1.01193,0.85992,0.14008
73.92000,1.01194,0.86845,0.13155
74.04000,1.01194,0.88142,0.11858
74.16000,1.01193,0.80603,0.19397
74.28000,1.01194,0.88582,0.11418
74.40000,1.01193,0.84515,0.15485
74.52000,1.01194,0.87404,0.12596
74.64000,1.01194,0.78454,0.21546
74.76000,1.01193,0.80294,0.19706
74.88000,1.01194,0.69806,0.30194
75.00000,1.01194,0.87757,0.12243
75.12000,1.01193,0.71837,0.28163
75.24000,1.01194,0.76506,0.23494
75.36000,1.01194,0.74020,0.25980
75.48000,1.01193,0.73471,0.26529
75.60000,1.01194,0.59171,0.40829
75.72000,1.01194,0.70353,0.29647
75.84000,1.01194,0.68963,0.31037
75.96000,1.01194,0.56341,0.43659
76.08000,1.01193,0.57483,0.42517
76.20000,1.01194,0.58193,0.41807
76.32000,1.01194,0.71435,0.28565
76.44000,1.01193,0.64183,0.35817
76.56000,1.01194,0.75526,0.24474
76.68000,1.01194,0.59597,0.40403
76.80000,1.01193,0.77122,0.22878
76.92000,1.01194,0.47480,0.52520
77.04000,1.01194,0.81292,0.18708
77.16000,1.01193,0.73107,0.26893
77.28000,1.01194,0.82456,0.17544
77.40000,1.01193,0.66132,0.33868
77.52000,1.01194,0.82925,0.17075
77.64000,1.01194,0.67358,0.32642
77.76000,1.01193,0.90574,0.09426
77.88000,1.01194,0.81224,0.18776
78.00000,1.01194,0.92918,0.07082
78.12000,1.01193,0.72836,0.27164
78.24000,1.01194,0.79576,0.20424
78.36000,1.01194,0.82836,0.17164
78.48000,1.01193,0.79561,0.20439
78.60000,1.01194,0.79833,0.20167
78.72000,1.01194,0.78546,0.21454
78.84000,1.01194,0.84207,0.15793
78.96000,1.01194,0.74709,0.25291
79.08000,1.01193,0.82887,0.17113
79.20000,1.01194,0.71741,0.28259
79.32000,1.01194,0.84999,0.15001
79.44000,1.01193,0.64578,0.35422
79.56000,1.01194,0.84344,0.15656
79.68000,1.01194,0.61592,0.38408
79.80000,1.01193,0.80270,0.19730
79.92000,1.01194,0.77795,0.22205
80.04000,1.01194,0.84948,0.15052
80.16000,1.01193,0.63720,0.36280
80.28000,1.01194,0.84227,0.15773
80.40000,1.01193,0.79730,0.20270
80.52000,1.01194,0.93429,0.06571
80.64000,1.01194,0.91518,0.08482
80.76000,1.01193,0.94354,0.05646
80.88000,1.01194,0.91393,0.08607
81.00000,1.01194,0.94288,0.05712
81.12000,1.01193,0.92096,0.07904
81.24000,1.01194,0.92305,0.07695
81.36000,1.01194,0.91596,0.08404
81.48000,1.01193,0.91930,0.08070
81.60000,1.01194,0.90979,0.09021
81.72000,1.01194,0.88386,0.11614
81.84000,1.01194,0.87426,0.12574
81.96000,1.01194,0.86314,0.13686
82.08000,1.01193,0.82904,0.17096
82.20000,1.01194,0.79603,0.20397
82.32000,1.01194,0.85907,0.14093
82.44000,1.01193,0.86948,0.13052
82.56000,1.01194,0.86184,0.13816
82.68000,1.01194,0.87614,0.12386
82.80000,1.01193,0.89802,0.10198
82.92000,1.01194,0.92095,0.07905
83.04000,1.01194,0.81473,0.18527
83.16000,1.01193,0.91374,0.08626
83.28000,1.01194,0.88039,0.11961
83.40000,1.01193,0.93762,0.06238
83.52000,1.01194,0.89047,0.10953
83.64000,1.01194,0.91814,0.08186
83.76000,1.01193,0.77357,0.22643
83.88000,1.01194,0.93623,0.06377
84.00000,1.01194,0.82057,0.17943
84.12000,1.01193,0.95516,0.04484
84.24000,1.01194,0.91260,0.08740
84.36000,1.01194,0.95630,0.04370
84.48000,1.01193,0.91002,0.08998
84.60000,1.01194,0.96745,0.03255
84.72000,1.01194,0.90122,0.09878
84.84000,1.01194,0.96797,0.03203
84.96000,1.01194,0.95043,0.04957
85.08000,1.01193,0.96924,0.03076
85.20000,1.01194,0.95416,0.04584
85.32000,1.01194,0.96618,0.03382
85.44000,1.01193,0.94500,0.05500
85.56000,1.01194,0.95903,0.04097
85.68000,1.01194,0.87606,0.12394
85.80000,1.01193,0.94727,0.05273
85.92000,1.01194,0.90017,0.09983
86.04000,1.01194,0.90626,0.09374
86.16000,1.01193,0.88334,0.11666
86.28000,1.01194,0.92847,0.07153
86.40000,1.01193,0.88446,0.11554
86.52000,1.01194,0.88634,0.11366
86.64000,1.01194,0.92615,0.07385
86.76000,1.01193,0.92791,0.07209
86.88000,1.01194,0.94760,0.05240
87.00000,1.01194,0.93590,0.06410
87.12000,1.01193,0.95954,0.04046
87.24000,1.01194,0.96935,0.03065
87.36000,1.01194,0.94651,0.05350
87.48000,1.01193,0.97602,0.02398
87.60000,1.01194,0.96311,0.03689
87.72000,1.01194,0.97070,0.02930
87.84000,1.01194,0.92841,0.07159
87.96000,1.01194,0.95803,0.04197
88.08000,1.01193,0.95556,0.04444
88.20000,1.01194,0.88896,0.11104
88.32000,1.01194,0.95956,0.04044
88.44000,1.01193,0.92002,0.07998
88.56000,1.01194,0.97581,0.02419
88.68000,1.01194,0.92878,0.07122
88.80000,1.01193,0.97792,0.02208
88.92000,1.01194,0.95173,0.04827
89.04000,1.01194,0.96573,0.03427
89.16000,1.01193,0.96516,0.03484
89.28000,1.01194,0.96897,0.03103
89.40000,1.01193,0.98387,0.01613
89.52000,1.01194,0.97977,0.02023
89.64000,1.01194,0.98287,0.01713
89.76000,1.01193,0.97898,0.02102
89.88000,1.01194,0.98481,0.01519
90.00000,1.01194,0.97325,0.02675
90.12000,1.01193,0.98132,0.01868
90.24000,1.01194,0.95395,0.04605
90.36000,1.01194,0.96823,0.03177
90.48000,1.01193,0.94194,0.05806
90.60000,1.01194,0.94064,0.05936
90.72000,1.01194,0.87780,0.12220
90.84000,1.01194,0.93003,0.06996
90.96000,1.01194,0.92585,0.07415
91.08000,1.01193,0.93659,0.06341
91.20000,1.01194,0.93976,0.06024
91.32000,1.01194,0.94885,0.05115
91.44000,1.01193,0.95119,0.04881
91.56000,1.01194,0.92845,0.07155
91.68000,1.01194,0.94463,0.05537
91.80000,1.01193,0.92980,0.07020
91.92000,1.01194,0.92846,0.07154
92.04000,1.01194,0.92197,0.07803
92.16000,1.01193,0.93200,0.06800
92.28000,1.01194,0.92854,0.07146
92.40000,1.01193,0.94571,0.05429
92.52000,1.01194,0.94613,0.05387
92.64000,1.01194,0.94855,0.05145
92.76000,1.01193,0.95553,0.04447
92.88000,1.01194,0.97093,0.02907
93.00000,1.01194,0.94976,0.05024
93.12000,1.01193,0.97026,0.02974
93.24000,1.01194,0.95749,0.04251
93.36000,1.01194,0.96201,0.03799
93.48000,1.01193,0.91784,0.08216
93.60000,1.01194,0.92331,0.07669
93.72000,1.01194,0.90360,0.09640
93.84000,1.01194,0.94393,0.05607
93.96000,1.01194,0.80135,0.19865
94.08000,1.01193,0.93476,0.06524
94.20000,1.01194,0.83167,0.16833
94.32000,1.01194,0.91668,0.08332
94.44000,1.01193,0.85708,0.14292
94.56000,1.01194,0.95666,0.04334
94.68000,1.01194,0.91885,0.08115
94.80000,1.01193,0.96071,0.03929
94.92000,1.01194,0.93536,0.06464
95.04000,1.01194,0.93899,0.06101
95.16000,1.01193,0.89476,0.10524
95.28000,1.01194,0.95940,0.04060
95.40000,1.01193,0.90342,0.09658
95.52000,1.01194,0.94399,0.05601
95.64000,1.01194,0.89816,0.10184
95.76000,1.01193,0.88872,0.11128
95.88000,1.01194,0.91271,0.08729
96.00000,1.01194,0.80425,0.19575
96.12000,1.01193,0.95571,0.04429
96.24000,1.01194,0.79745,0.20255
96.36000,1.01194,0.92286,0.07714
96.48000,1.01193,0.83035,0.16965
96.60000,1.01194,0.92594,0.07406
96.72000,1.01194,0.86850,0.13150
96.84000,1.01194,0.94196,0.05804
96.96000,1.01194,0.88892,0.11108
97.08000,1.01193,0.93806,0.06194
97.20000,1.01194,0.92057,0.07943
97.32000,1.01194,0.91277,0.08723
97.44000,1.01193,0.91770,0.08230
97.56000,1.01194,0.82762,0.17238
97.68000,1.01194,0.95372,0.04628
97.80000,1.01193,0.82291,0.17709
97.92000,1.01194,0.95798,0.04202
98.04000,1.01194,0.88173,0.11827
98.16000,1.01193,0.97354,0.02646
98.28000,1.01194,0.87144,0.12856
98.40000,1.01193,0.95878,0.04122
98.52000,1.01194,0.90493,0.09507
98.64000,1.01194,0.95963,0.04037
98.76000,1.01193,0.96138,0.03862
98.88000,1.01194,0.97949,0.02051
99.00000,1.01194,0.98502,0.01498
99.12000,1.01193,0.98919,0.01081
99.24000,1.01194,0.98525,0.01475
99.36000,1.01194,0.98801,0.01199
99.48000,1.01193,0.98042,0.01958
99.60000,1.01194,0.99043,0.00957
99.72000,1.01194,0.98074,0.01926
99.84000,1.01194,0.97618,0.02382
99.96000,1.01194,0.95059,0.04941
100.08000,1.01193,0.93841,0.06159
