Time (seconds), Duration (seconds),pred_unlabeled,pred_sirens
0.00000,1.01194,0.68065,0.31935
0.12000,1.01194,0.68039,0.31961
0.24000,1.01194,0.72313,0.27687
0.36000,1.01194,0.69632,0.30368
0.48000,1.01194,0.72905,0.27095
0.60000,1.01194,0.69965,0.30035
0.72000,1.01194,0.68685,0.31315
0.84000,1.01194,0.71373,0.28627
0.96000,1.01194,0.73530,0.26470
1.08000,1.01194,0.72769,0.27231
1.20000,1.01194,0.72029,0.27971
1.32000,1.01194,0.68906,0.31094
1.44000,1.01194,0.71096,0.28904
1.56000,1.01194,0.66301,0.33699
1.68000,1.01194,0.65398,0.34602
1.80000,1.01194,0.58040,0.41960
1.92000,1.01194,0.57902,0.42098
2.04000,1.01194,0.63790,0.36210
2.16000,1.01194,0.68282,0.31718
2.28000,1.01194,0.65554,0.34446
2.40000,1.01194,0.61168,0.38832
2.52000,1.01194,0.60562,0.39438
2.64000,1.01194,0.63026,0.36974
2.76000,1.01194,0.69324,0.30676
2.88000,1.01194,0.67604,0.32396
3.00000,1.01194,0.62535,0.37465
3.12000,1.01194,0.62189,0.37811
3.24000,1.01194,0.50043,0.49957
3.36000,1.01194,0.58165,0.41835
3.48000,1.01194,0.54248,0.45752
3.60000,1.01194,0.61237,0.38763
3.72000,1.01194,0.55646,0.44354
3.84000,1.01194,0.67195,0.32805
3.96000,1.01194,0.58188,0.41812
4.08000,1.01194,0.71257,0.28743
4.20000,1.01194,0.51689,0.48311
4.32000,1.01194,0.63443,0.36557
4.44000,1.01194,0.52602,0.47398
4.56000,1.01194,0.62717,0.37283
4.68000,1.01194,0.57247,0.42753
4.80000,1.01194,0.57347,0.42653
4.92000,1.01194,0.54035,0.45965
5.04000,1.01194,0.57367,0.42633
5.16000,1.01194,0.60971,0.39029
5.28000,1.01194,0.59208,0.40792
5.40000,1.01194,0.57939,0.42061
5.52000,1.01194,0.50976,0.49024
5.64000,1.01194,0.57425,0.42575
5.76000,1.01194,0.56311,0.43689
5.88000,1.01194,0.65013,0.34987
6.00000,1.01194,0.54686,0.45314
6.12000,1.01194,0.65296,0.34704
6.24000,1.01194,0.50597,0.49403
6.36000,1.01194,0.66498,0.33502
6.48000,1.01194,0.52225,0.47775
6.60000,1.01194,0.67824,0.32176
6.72000,1.01194,0.47599,0.52401
6.84000,1.01194,0.62206,0.37794
6.96000,1.01194,0.39199,0.60801
7.08000,1.01194,0.50361,0.49639
7.20000,1.01194,0.43848,0.56152
7.32000,1.01194,0.52349,0.47651
7.44000,1.01194,0.60865,0.39135
7.56000,1.01194,0.51057,0.48943
7.68000,1.01194,0.62912,0.37088
7.80000,1.01194,0.47308,0.52692
7.92000,1.01194,0.69871,0.30129
8.04000,1.01194,0.61138,0.38862
8.16000,1.01194,0.65418,0.34582
8.28000,1.01194,0.62365,0.37635
8.40000,1.01194,0.65416,0.34584
8.52000,1.01194,0.62562,0.37438
8.64000,1.01194,0.58815,0.41185
8.76000,1.01194,0.60206,0.39794
8.88000,1.01194,0.55242,0.44758
9.00000,1.01194,0.59004,0.40996
9.12000,1.01194,0.56764,0.43236
9.24000,1.01194,0.58142,0.41858
9.36000,1.01194,0.55863,0.44137
9.48000,1.01194,0.57732,0.42268
9.60000,1.01194,0.59376,0.40624
9.72000,1.01194,0.48742,0.51258
9.84000,1.01194,0.49760,0.50240
9.96000,1.01194,0.50587,0.49413
10.08000,1.01194,0.41197,0.58803
10.20000,1.01194,0.53089,0.46911
10.32000,1.01194,0.47317,0.52683
10.44000,1.01194,0.71305,0.28695
10.56000,1.01194,0.53174,0.46826
10.68000,1.01194,0.63432,0.36568
10.80000,1.01194,0.68041,0.31959
10.92000,1.01194,0.68378,0.31622
11.04000,1.01194,0.71980,0.28020
11.16000,1.01194,0.64142,0.35858
11.28000,1.01194,0.70468,0.29532
11.40000,1.01194,0.71308,0.28692
11.52000,1.01194,0.81635,0.18365
11.64000,1.01194,0.66102,0.33898
11.76000,1.01194,0.78393,0.21607
11.88000,1.01194,0.62353,0.37647
12.00000,1.01194,0.81195,0.18805
12.12000,1.01194,0.72863,0.27137
12.24000,1.01194,0.83142,0.16858
12.36000,1.01194,0.77574,0.22426
12.48000,1.01194,0.77263,0.22737
12.60000,1.01194,0.92393,0.07607
12.72000,1.01194,0.83317,0.16683
12.84000,1.01194,0.94383,0.05617
12.96000,1.01194,0.87145,0.12855
13.08000,1.01194,0.95990,0.04010
13.20000,1.01194,0.87860,0.12140
13.32000,1.01194,0.94338,0.05662
13.44000,1.01194,0.85077,0.14923
13.56000,1.01194,0.92579,0.07421
13.68000,1.01194,0.84627,0.15373
13.80000,1.01194,0.90436,0.09564
13.92000,1.01194,0.88901,0.11099
14.04000,1.01194,0.90720,0.09280
14.16000,1.01194,0.84873,0.15127
14.28000,1.01194,0.93970,0.06030
14.40000,1.01194,0.83679,0.16321
14.52000,1.01194,0.89585,0.10415
14.64000,1.01194,0.86920,0.13080
14.76000,1.01194,0.90876,0.09124
14.88000,1.01194,0.86082,0.13918
15.00000,1.01194,0.89997,0.10003
15.12000,1.01194,0.89594,0.10406
15.24000,1.01194,0.92567,0.07433
15.36000,1.01194,0.89765,0.10235
15.48000,1.01194,0.90801,0.09199
15.60000,1.01194,0.94684,0.05316
15.72000,1.01194,0.96812,0.03188
15.84000,1.01194,0.96152,0.03848
15.96000,1.01194,0.94119,0.05881
16.08000,1.01194,0.96847,0.03153
16.20000,1.01194,0.95263,0.04737
16.32000,1.01194,0.96728,0.03272
16.44000,1.01194,0.97867,0.02133
16.56000,1.01194,0.95790,0.04210
16.68000,1.01194,0.97859,0.02141
16.80000,1.01194,0.96857,0.03143
16.92000,1.01194,0.98400,0.01600
17.04000,1.01194,0.97668,0.02332
17.16000,1.01194,0.98419,0.01581
17.28000,1.01194,0.97288,0.02712
17.40000,1.01194,0.98275,0.01725
17.52000,1.01194,0.97653,0.02347
17.64000,1.01194,0.97264,0.02736
17.76000,1.01194,0.97266,0.02734
17.88000,1.01194,0.93650,0.06350
18.00000,1.01194,0.96850,0.03150
18.12000,1.01194,0.95927,0.04073
18.24000,1.01194,0.96990,0.03010
18.36000,1.01194,0.96376,0.03624
18.48000,1.01194,0.95019,0.04981
18.60000,1.01194,0.97019,0.02981
18.72000,1.01194,0.92831,0.07169
18.84000,1.01194,0.96377,0.03623
18.96000,1.01194,0.92888,0.07112
19.08000,1.01194,0.94327,0.05673
19.20000,1.01194,0.93673,0.06327
19.32000,1.01194,0.93727,0.06273
19.44000,1.01194,0.93509,0.06491
19.56000,1.01194,0.87161,0.12839
19.68000,1.01194,0.92762,0.07238
19.80000,1.01194,0.90651,0.09349
19.92000,1.01194,0.93640,0.06360
20.04000,1.01194,0.91067,0.08933
20.16000,1.01194,0.93972,0.06028
20.28000,1.01194,0.94085,0.05915
20.40000,1.01194,0.95620,0.04380
20.52000,1.01194,0.94765,0.05235
20.64000,1.01194,0.98086,0.01914
20.76000,1.01194,0.97453,0.02547
20.88000,1.01194,0.98342,0.01658
21.00000,1.01194,0.97856,0.02144
21.12000,1.01194,0.97182,0.02818
21.24000,1.01194,0.98062,0.01938
21.36000,1.01194,0.97200,0.02800
21.48000,1.01194,0.96683,0.03317
21.60000,1.01194,0.96139,0.03861
21.72000,1.01194,0.96772,0.03228
21.84000,1.01194,0.96231,0.03769
21.96000,1.01194,0.96619,0.03381
22.08000,1.01194,0.97749,0.02251
22.20000,1.01194,0.96976,0.03024
22.32000,1.01194,0.98568,0.01432
22.44000,1.01194,0.98157,0.01843
22.56000,1.01194,0.98283,0.01717
22.68000,1.01194,0.97984,0.02016
22.80000,1.01194,0.98020,0.01980
22.92000,1.01194,0.97571,0.02429
23.04000,1.01194,0.96614,0.03386
23.16000,1.01194,0.97730,0.02270
23.28000,1.01194,0.96169,0.03831
23.40000,1.01194,0.96638,0.03362
23.52000,1.01194,0.98291,0.01709
23.64000,1.01194,0.96501,0.03499
23.76000,1.01194,0.98048,0.01952
23.88000,1.01194,0.97948,0.02052
24.00000,1.01194,0.98308,0.01692
24.12000,1.01194,0.98952,0.01048
24.24000,1.01194,0.97721,0.02279
24.36000,1.01194,0.98062,0.01938
24.48000,1.01194,0.98639,0.01361
24.60000,1.01194,0.97790,0.02210
24.72000,1.01194,0.99066,0.00934
24.84000,1.01194,0.98298,0.01702
24.96000,1.01194,0.98561,0.01439
25.08000,1.01194,0.98476,0.01524
25.20000,1.01194,0.98174,0.01826
25.32000,1.01194,0.99042,0.00958
25.44000,1.01194,0.96756,0.03244
25.56000,1.01194,0.98358,0.01642
25.68000,1.01194,0.96541,0.03459
25.80000,1.01194,0.97988,0.02012
25.92000,1.01194,0.94915,0.05085
26.04000,1.01194,0.97955,0.02045
26.16000,1.01194,0.98232,0.01768
26.28000,1.01194,0.96249,0.03751
26.40000,1.01194,0.97279,0.02721
26.52000,1.01194,0.96874,0.03126
26.64000,1.01194,0.98808,0.01192
26.76000,1.01194,0.96679,0.03321
26.88000,1.01194,0.98073,0.01927
27.00000,1.01194,0.97278,0.02722
27.12000,1.01194,0.90193,0.09807
27.24000,1.01194,0.96409,0.03591
27.36000,1.01194,0.84446,0.15554
27.48000,1.01194,0.96048,0.03952
27.60000,1.01194,0.78945,0.21055
27.72000,1.01194,0.95689,0.04311
27.84000,1.01194,0.72575,0.27425
27.96000,1.01194,0.89735,0.10265
28.08000,1.01194,0.83669,0.16331
28.20000,1.01194,0.82687,0.17313
28.32000,1.01194,0.83104,0.16896
28.44000,1.01194,0.89474,0.10526
28.56000,1.01194,0.72340,0.27660
28.68000,1.01194,0.74623,0.25377
28.80000,1.01194,0.50255,0.49745
28.92000,1.01194,0.68418,0.31582
29.04000,1.01194,0.61337,0.38663
29.16000,1.01194,0.66327,0.33673
29.28000,1.01194,0.81650,0.18350
29.40000,1.01194,0.95646,0.04354
29.52000,1.01194,0.95895,0.04105
29.64000,1.01194,0.97204,0.02796
29.76000,1.01194,0.97401,0.02599
29.88000,1.01194,0.98075,0.01925
30.00000,1.01194,0.98171,0.01829
30.12000,1.01194,0.98237,0.01763
30.24000,1.01194,0.99427,0.00573
30.36000,1.01194,0.99570,0.00430
30.48000,1.01194,0.99658,0.00342
30.60000,1.01194,0.99430,0.00570
30.72000,1.01194,0.99307,0.00693
30.84000,1.01194,0.99075,0.00925
30.96000,1.01194,0.99303,0.00697
31.08000,1.01194,0.99012,0.00988
31.20000,1.01194,0.99490,0.00510
31.32000,1.01194,0.99321,0.00679
31.44000,1.01194,0.99488,0.00512
31.56000,1.01194,0.99537,0.00463
31.68000,1.01194,0.99111,0.00889
31.80000,1.01194,0.99516,0.00484
31.92000,1.01194,0.99097,0.00903
32.04000,1.01194,0.99146,0.00854
32.16000,1.01194,0.98748,0.01252
32.28000,1.01194,0.98780,0.01220
32.40000,1.01194,0.99475,0.00525
32.52000,1.01194,0.98836,0.01164
32.64000,1.01194,0.99511,0.00489
32.76000,1.01194,0.99227,0.00773
32.88000,1.01194,0.99506,0.00494
33.00000,1.01194,0.99178,0.00822
33.12000,1.01194,0.99723,0.00277
33.24000,1.01194,0.98726,0.01274
33.36000,1.01194,0.98972,0.01028
33.48000,1.01194,0.98767,0.01233
33.60000,1.01194,0.97478,0.02522
33.72000,1.01194,0.98157,0.01843
33.84000,1.01194,0.97344,0.02656
33.96000,1.01194,0.97918,0.02082
34.08000,1.01194,0.94472,0.05528
34.20000,1.01194,0.95517,0.04483
34.32000,1.01194,0.96724,0.03276
34.44000,1.01194,0.95077,0.04923
34.56000,1.01194,0.94033,0.05967
34.68000,1.01194,0.95013,0.04987
34.80000,1.01194,0.94658,0.05342
34.92000,1.01194,0.95604,0.04396
35.04000,1.01194,0.94131,0.05869
35.16000,1.01194,0.94998,0.05002
35.28000,1.01194,0.92240,0.07760
35.40000,1.01194,0.95484,0.04516
35.52000,1.01194,0.95567,0.04433
35.64000,1.01194,0.94988,0.05012
35.76000,1.01194,0.96282,0.03718
35.88000,1.01194,0.97008,0.02992
36.00000,1.01194,0.95916,0.04084
36.12000,1.01194,0.98173,0.01827
36.24000,1.01194,0.96072,0.03928
36.36000,1.01194,0.97507,0.02493
36.48000,1.01194,0.96199,0.03801
36.60000,1.01194,0.97451,0.02549
36.72000,1.01194,0.96440,0.03560
36.84000,1.01194,0.97291,0.02709
36.96000,1.01194,0.97100,0.02900
37.08000,1.01194,0.97742,0.02258
37.20000,1.01194,0.95477,0.04523
37.32000,1.01194,0.97154,0.02846
37.44000,1.01194,0.94717,0.05283
37.56000,1.01194,0.96598,0.03402
37.68000,1.01194,0.97225,0.02775
37.80000,1.01194,0.96720,0.03280
37.92000,1.01194,0.97913,0.02087
38.04000,1.01194,0.94886,0.05114
38.16000,1.01194,0.98344,0.01656
38.28000,1.01194,0.95035,0.04965
38.40000,1.01194,0.98607,0.01393
38.52000,1.01194,0.98087,0.01913
38.64000,1.01194,0.98098,0.01902
38.76000,1.01194,0.96571,0.03429
38.88000,1.01194,0.96091,0.03909
39.00000,1.01194,0.97204,0.02796
39.12000,1.01194,0.95246,0.04754
39.24000,1.01194,0.96227,0.03773
39.36000,1.01194,0.94528,0.05472
39.48000,1.01194,0.98140,0.01860
39.60000,1.01194,0.93592,0.06408
39.72000,1.01194,0.97615,0.02385
39.84000,1.01194,0.95757,0.04243
39.96000,1.01194,0.97958,0.02042
40.08000,1.01194,0.95719,0.04281
40.20000,1.01194,0.97880,0.02120
40.32000,1.01194,0.96035,0.03965
40.44000,1.01194,0.97856,0.02144
40.56000,1.01194,0.96540,0.03460
40.68000,1.01194,0.98986,0.01014
40.80000,1.01194,0.97355,0.02645
40.92000,1.01194,0.98189,0.01811
41.04000,1.01194,0.97264,0.02736
41.16000,1.01194,0.98339,0.01661
41.28000,1.01194,0.97782,0.02218
41.40000,1.01194,0.97307,0.02693
41.52000,1.01194,0.96282,0.03718
41.64000,1.01194,0.98225,0.01775
41.76000,1.01194,0.97008,0.02992
41.88000,1.01194,0.97895,0.02105
42.00000,1.01194,0.98464,0.01536
42.12000,1.01194,0.99081,0.00919
42.24000,1.01194,0.97782,0.02218
42.36000,1.01194,0.98028,0.01972
42.48000,1.01194,0.96172,0.03828
42.60000,1.01194,0.97239,0.02761
42.72000,1.01194,0.97065,0.02935
42.84000,1.01194,0.96234,0.03766
42.96000,1.01194,0.95917,0.04083
43.08000,1.01194,0.97054,0.02946
43.20000,1.01194,0.96547,0.03453
43.32000,1.01194,0.98150,0.01850
43.44000,1.01194,0.95401,0.04599
43.56000,1.01194,0.98097,0.01903
43.68000,1.01194,0.95676,0.04324
43.80000,1.01194,0.98386,0.01614
43.92000,1.01194,0.98710,0.01290
44.04000,1.01194,0.98086,0.01914
44.16000,1.01194,0.98664,0.01336
44.28000,1.01194,0.98641,0.01359
44.40000,1.01194,0.99023,0.00977
44.52000,1.01194,0.99409,0.00591
44.64000,1.01194,0.99508,0.00492
44.76000,1.01194,0.99723,0.00277
44.88000,1.01194,0.99744,0.00256
45.00000,1.01194,0.99630,0.00370
45.12000,1.01194,0.99775,0.00225
45.24000,1.01194,0.99689,0.00311
45.36000,1.01194,0.99708,0.00292
45.48000,1.01194,0.99515,0.00485
45.60000,1.01194,0.99583,0.00417
45.72000,1.01194,0.99704,0.00296
45.84000,1.01194,0.99712,0.00288
45.96000,1.01194,0.99604,0.00396
46.08000,1.01194,0.99462,0.00538
46.20000,1.01194,0.99015,0.00985
46.32000,1.01194,0.99271,0.00729
46.44000,1.01194,0.99723,0.00277
46.56000,1.01194,0.99496,0.00504
46.68000,1.01194,0.99572,0.00428
46.80000,1.01194,0.99448,0.00552
46.92000,1.01194,0.99607,0.00393
47.04000,1.01194,0.99262,0.00738
47.16000,1.01194,0.99455,0.00545
47.28000,1.01194,0.99206,0.00794
47.40000,1.01194,0.99020,0.00980
47.52000,1.01194,0.99037,0.00963
47.64000,1.01194,0.99379,0.00621
47.76000,1.01194,0.99387,0.00613
47.88000,1.01194,0.99563,0.00437
48.00000,1.01194,0.99624,0.00376
48.12000,1.01194,0.99368,0.00632
48.24000,1.01194,0.99615,0.00385
48.36000,1.01194,0.99252,0.00748
48.48000,1.01194,0.99328,0.00672
48.60000,1.01194,0.98922,0.01078
48.72000,1.01194,0.99133,0.00867
48.84000,1.01194,0.98440,0.01560
48.96000,1.01194,0.98954,0.01046
49.08000,1.01194,0.98959,0.01041
49.20000,1.01194,0.98887,0.01113
49.32000,1.01194,0.99379,0.00621
49.44000,1.01194,0.97787,0.02213
49.56000,1.01194,0.99286,0.00714
49.68000,1.01194,0.98842,0.01158
49.80000,1.01194,0.99144,0.00856
49.92000,1.01194,0.98754,0.01246
50.04000,1.01194,0.98766,0.01234
50.16000,1.01194,0.98056,0.01944
50.28000,1.01194,0.99027,0.00973
50.40000,1.01194,0.99412,0.00588
50.52000,1.01194,0.98951,0.01049
50.64000,1.01194,0.99425,0.00575
50.76000,1.01194,0.99196,0.00804
50.88000,1.01194,0.99122,0.00878
51.00000,1.01194,0.99513,0.00487
51.12000,1.01194,0.99246,0.00754
51.24000,1.01194,0.99685,0.00315
51.36000,1.01194,0.99203,0.00797
51.48000,1.01194,0.99303,0.00697
51.60000,1.01194,0.98810,0.01190
51.72000,1.01194,0.99415,0.00585
51.84000,1.01194,0.99117,0.00883
51.96000,1.01194,0.99336,0.00664
52.08000,1.01194,0.99177,0.00823
52.20000,1.01194,0.99395,0.00605
52.32000,1.01194,0.99545,0.00455
52.44000,1.01194,0.99468,0.00532
52.56000,1.01194,0.99272,0.00728
52.68000,1.01194,0.99238,0.00762
52.80000,1.01194,0.98669,0.01331
52.92000,1.01194,0.98775,0.01225
53.04000,1.01194,0.99210,0.00790
53.16000,1.01194,0.99215,0.00785
53.28000,1.01194,0.99671,0.00329
53.40000,1.01194,0.99213,0.00787
53.52000,1.01194,0.99716,0.00284
53.64000,1.01194,0.99162,0.00838
53.76000,1.01194,0.99508,0.00492
53.88000,1.01194,0.99463,0.00537
54.00000,1.01194,0.98596,0.01404
54.12000,1.01194,0.99546,0.00454
54.24000,1.01194,0.98712,0.01288
54.36000,1.01194,0.99014,0.00986
54.48000,1.01194,0.98033,0.01967
54.60000,1.01194,0.97784,0.02216
54.72000,1.01194,0.99133,0.00867
54.84000,1.01194,0.99237,0.00763
54.96000,1.01194,0.99597,0.00403
55.08000,1.01194,0.99701,0.00299
55.20000,1.01194,0.99720,0.00280
55.32000,1.01194,0.99887,0.00113
55.44000,1.01194,0.99592,0.00408
55.56000,1.01194,0.99763,0.00237
55.68000,1.01194,0.99710,0.00290
55.80000,1.01194,0.99734,0.00266
55.92000,1.01194,0.99826,0.00174
56.04000,1.01194,0.99831,0.00169
56.16000,1.01194,0.99876,0.00124
56.28000,1.01194,0.99794,0.00206
56.40000,1.01194,0.99808,0.00192
56.52000,1.01194,0.99883,0.00117
56.64000,1.01194,0.99649,0.00351
56.76000,1.01194,0.99757,0.00243
56.88000,1.01194,0.99684,0.00316
57.00000,1.01194,0.99821,0.00179
57.12000,1.01194,0.99607,0.00393
57.24000,1.01194,0.99915,0.00085
57.36000,1.01194,0.99781,0.00219
57.48000,1.01194,0.99841,0.00159
57.60000,1.01194,0.99768,0.00232
57.72000,1.01194,0.99830,0.00170
57.84000,1.01194,0.99560,0.00440
57.96000,1.01194,0.99640,0.00360
58.08000,1.01194,0.99386,0.00614
58.20000,1.01194,0.99452,0.00548
58.32000,1.01194,0.98949,0.01051
58.44000,1.01194,0.98963,0.01037
58.56000,1.01194,0.99403,0.00597
58.68000,1.01194,0.99060,0.00940
58.80000,1.01194,0.99702,0.00298
58.92000,1.01194,0.99546,0.00454
59.04000,1.01194,0.99717,0.00283
59.16000,1.01194,0.99630,0.00370
59.28000,1.01194,0.99665,0.00335
59.40000,1.01194,0.99713,0.00287
59.52000,1.01194,0.99711,0.00289
59.64000,1.01194,0.99603,0.00397
59.76000,1.01194,0.99769,0.00231
59.88000,1.01194,0.99674,0.00326
60.00000,1.01194,0.99807,0.00193
60.12000,1.01194,0.99762,0.00238
60.24000,1.01194,0.99818,0.00182
60.36000,1.01194,0.99608,0.00392
60.48000,1.01194,0.99807,0.00193
60.60000,1.01194,0.99737,0.00263
60.72000,1.01194,0.99616,0.00384
60.84000,1.01194,0.99721,0.00279
60.96000,1.01194,0.99487,0.00513
61.08000,1.01194,0.99663,0.00337
61.20000,1.01194,0.99097,0.00903
61.32000,1.01194,0.99236,0.00764
61.44000,1.01194,0.98229,0.01771
61.56000,1.01194,0.98831,0.01169
61.68000,1.01194,0.98435,0.01565
61.80000,1.01194,0.98733,0.01267
61.92000,1.01194,0.99355,0.00645
62.04000,1.01194,0.99055,0.00945
62.16000,1.01194,0.99669,0.00331
62.28000,1.01194,0.99563,0.00437
62.40000,1.01194,0.99773,0.00227
62.52000,1.01194,0.99790,0.00210
62.64000,1.01194,0.99653,0.00347
62.76000,1.01194,0.99450,0.00550
62.88000,1.01194,0.99500,0.00500
63.00000,1.01194,0.99461,0.00539
63.12000,1.01194,0.98843,0.01157
63.24000,1.01194,0.99438,0.00562
63.36000,1.01194,0.98974,0.01026
63.48000,1.01194,0.99718,0.00282
63.60000,1.01194,0.99686,0.00314
63.72000,1.01194,0.99873,0.00127
63.84000,1.01194,0.99664,0.00336
63.96000,1.01194,0.99816,0.00184
64.08000,1.01193,0.99829,0.00171
64.20000,1.01194,0.99747,0.00253
64.32000,1.01194,0.99895,0.00105
64.44000,1.01193,0.99849,0.00151
64.56000,1.01194,0.99909,0.00091
64.68000,1.01194,0.99896,0.00104
64.80000,1.01193,0.99906,0.00094
64.92000,1.01194,0.99813,0.00187
65.04000,1.01194,0.99871,0.00129
65.16000,1.01193,0.99775,0.00225
65.28000,1.01194,0.99746,0.00254
65.40000,1.01193,0.99133,0.00867
65.52000,1.01194,0.99818,0.00182
65.64000,1.01194,0.99438,0.00562
65.76000,1.01193,0.99635,0.00365
65.88000,1.01194,0.98032,0.01968
66.00000,1.01194,0.99455,0.00545
66.12000,1.01193,0.98435,0.01565
66.24000,1.01194,0.99203,0.00797
66.36000,1.01194,0.98867,0.01133
66.48000,1.01193,0.99587,0.00413
66.60000,1.01194,0.99518,0.00482
66.72000,1.01194,0.99768,0.00232
66.84000,1.01194,0.99468,0.00532
66.96000,1.01194,0.99792,0.00208
67.08000,1.01193,0.99537,0.00463
67.20000,1.01194,0.99713,0.00287
67.32000,1.01194,0.98938,0.01062
67.44000,1.01193,0.99252,0.00748
67.56000,1.01194,0.98896,0.01104
67.68000,1.01194,0.98861,0.01139
67.80000,1.01193,0.98556,0.01444
67.92000,1.01194,0.98035,0.01965
68.04000,1.01194,0.96281,0.03719
68.16000,1.01193,0.96192,0.03808
68.28000,1.01194,0.95667,0.04333
68.40000,1.01193,0.93158,0.06842
68.52000,1.01194,0.91338,0.08662
68.64000,1.01194,0.93348,0.06652
68.76000,1.01193,0.91519,0.08481
68.88000,1.01194,0.86023,0.13977
69.00000,1.01194,0.86182,0.13818
69.12000,1.01193,0.75671,0.24329
69.24000,1.01194,0.68201,0.31799
69.36000,1.01194,0.65931,0.34069
69.48000,1.01193,0.66600,0.33400
69.60000,1.01194,0.67454,0.32546
69.72000,1.01194,0.72903,0.27097
69.84000,1.01194,0.64430,0.35570
69.96000,1.01194,0.75621,0.24379
70.08000,1.01193,0.61470,0.38530
70.20000,1.01194,0.66633,0.33367
70.32000,1.01194,0.72233,0.27767
70.44000,1.01193,0.68463,0.31537
70.56000,1.01194,0.80387,0.19613
70.68000,1.01194,0.78516,0.21484
70.80000,1.01193,0.76089,0.23911
70.92000,1.01194,0.75560,0.24440
71.04000,1.01194,0.77652,0.22348
71.16000,1.01193,0.70265,0.29735
71.28000,1.01194,0.69256,0.30744
71.40000,1.01193,0.77318,0.22682
71.52000,1.01194,0.75656,0.24344
71.64000,1.01194,0.76211,0.23789
71.76000,1.01193,0.77772,0.22228
71.88000,1.01194,0.73252,0.26748
72.00000,1.01194,0.76550,0.23450
72.12000,1.01193,0.68032,0.31968
72.24000,1.01194,0.84899,0.15101
72.36000,1.01194,0.72380,0.27620
72.48000,1.01193,0.83396,0.16604
72.60000,1.01194,0.71332,0.28668
72.72000,1.01194,0.82144,0.17856
72.84000,1.01194,0.72538,0.27462
72.96000,1.01194,0.72664,0.27336
73.08000,1.01193,0.72468,0.27532
73.20000,1.01194,0.69206,0.30794
73.32000,1.01194,0.73676,0.26324
73.44000,1.01193,0.69579,0.30421
73.56000,1.01194,0.83729,0.16271
73.68000,1.01194,0.82536,0.17464
73.80000,1.01193,0.79924,0.20076
73.92000,1.01194,0.72436,0.27564
74.04000,1.01194,0.70397,0.29603
74.16000,1.01193,0.89792,0.10208
74.28000,1.01194,0.92125,0.07875
74.40000,1.01193,0.95397,0.04603
74.52000,1.01194,0.97452,0.02548
74.64000,1.01194,0.99229,0.00771
74.76000,1.01193,0.99123,0.00877
74.88000,1.01194,0.99530,0.00470
75.00000,1.01194,0.99438,0.00562
75.12000,1.01193,0.99740,0.00260
75.24000,1.01194,0.99453,0.00547
75.36000,1.01194,0.99694,0.00306
75.48000,1.01193,0.99697,0.00303
75.60000,1.01194,0.99578,0.00422
75.72000,1.01194,0.99746,0.00254
75.84000,1.01194,0.99479,0.00521
75.96000,1.01194,0.99625,0.00375
76.08000,1.01193,0.99549,0.00451
76.20000,1.01194,0.99463,0.00537
76.32000,1.01194,0.99545,0.00455
76.44000,1.01193,0.99457,0.00543
76.56000,1.01194,0.99134,0.00866
76.68000,1.01194,0.99537,0.00463
76.80000,1.01193,0.99572,0.00428
76.92000,1.01194,0.99509,0.00491
77.04000,1.01194,0.99134,0.00866
77.16000,1.01193,0.99781,0.00219
77.28000,1.01194,0.99585,0.00415
77.40000,1.01193,0.99843,0.00157
77.52000,1.01194,0.99395,0.00605
77.64000,1.01194,0.99788,0.00212
77.76000,1.01193,0.99677,0.00323
77.88000,1.01194,0.99761,0.00239
78.00000,1.01194,0.99741,0.00259
78.12000,1.01193,0.99714,0.00286
78.24000,1.01194,0.99111,0.00889
78.36000,1.01194,0.99700,0.00300
78.48000,1.01193,0.99432,0.00568
78.60000,1.01194,0.99524,0.00476
78.72000,1.01194,0.99454,0.00546
78.84000,1.01194,0.99783,0.00217
78.96000,1.01194,0.99679,0.00321
79.08000,1.01193,0.99811,0.00189
79.20000,1.01194,0.99592,0.00408
79.32000,1.01194,0.99518,0.00482
79.44000,1.01193,0.99416,0.00584
79.56000,1.01194,0.99072,0.00928
79.68000,1.01194,0.99053,0.00947
79.80000,1.01193,0.98159,0.01841
79.92000,1.01194,0.97992,0.02008
80.04000,1.01194,0.98882,0.01118
80.16000,1.01193,0.98521,0.01479
80.28000,1.01194,0.98819,0.01181
80.40000,1.01193,0.99119,0.00881
80.52000,1.01194,0.98967,0.01033
80.64000,1.01194,0.99141,0.00859
80.76000,1.01193,0.98034,0.01966
80.88000,1.01194,0.99095,0.00905
81.00000,1.01194,0.98449,0.01551
81.12000,1.01193,0.98914,0.01086
81.24000,1.01194,0.98793,0.01207
81.36000,1.01194,0.98343,0.01657
81.48000,1.01193,0.99198,0.00802
81.60000,1.01194,0.98574,0.01426
81.72000,1.01194,0.98129,0.01871
81.84000,1.01194,0.98854,0.01146
81.96000,1.01194,0.98285,0.01715
82.08000,1.01193,0.98409,0.01591
82.20000,1.01194,0.97624,0.02376
82.32000,1.01194,0.98816,0.01184
82.44000,1.01193,0.98956,0.01044
82.56000,1.01194,0.98280,0.01720
82.68000,1.01194,0.99146,0.00854
82.80000,1.01193,0.99022,0.00978
82.92000,1.01194,0.99108,0.00892
83.04000,1.01194,0.98791,0.01209
83.16000,1.01193,0.99253,0.00747
83.28000,1.01194,0.98681,0.01319
83.40000,1.01193,0.99038,0.00962
83.52000,1.01194,0.98579,0.01421
83.64000,1.01194,0.98894,0.01106
83.76000,1.01193,0.97742,0.02258
83.88000,1.01194,0.98846,0.01154
84.00000,1.01194,0.99061,0.00939
84.12000,1.01193,0.98401,0.01599
84.24000,1.01194,0.99282,0.00718
84.36000,1.01194,0.98385,0.01615
84.48000,1.01193,0.99203,0.00797
84.60000,1.01194,0.98504,0.01496
84.72000,1.01194,0.99002,0.00998
84.84000,1.01194,0.98141,0.01859
84.96000,1.01194,0.97767,0.02233
85.08000,1.01193,0.98402,0.01598
85.20000,1.01194,0.96579,0.03421
85.32000,1.01194,0.97099,0.02901
85.44000,1.01193,0.97970,0.02030
85.56000,1.01194,0.97642,0.02358
85.68000,1.01194,0.97936,0.02064
85.80000,1.01193,0.98943,0.01057
85.92000,1.01194,0.98616,0.01384
86.04000,1.01194,0.99327,0.00673
86.16000,1.01193,0.99189,0.00811
86.28000,1.01194,0.99404,0.00596
86.40000,1.01193,0.99255,0.00745
86.52000,1.01194,0.98810,0.01190
86.64000,1.01194,0.98991,0.01009
86.76000,1.01193,0.98555,0.01445
86.88000,1.01194,0.98597,0.01403
87.00000,1.01194,0.98079,0.01921
87.12000,1.01193,0.98418,0.01582
87.24000,1.01194,0.98143,0.01857
87.36000,1.01194,0.99018,0.00982
87.48000,1.01193,0.97734,0.02266
87.60000,1.01194,0.98133,0.01867
87.72000,1.01194,0.97800,0.02200
87.84000,1.01194,0.98365,0.01635
87.96000,1.01194,0.98313,0.01687
88.08000,1.01193,0.97679,0.02321
88.20000,1.01194,0.95816,0.04184
88.32000,1.01194,0.94935,0.05065
88.44000,1.01193,0.95067,0.04933
88.56000,1.01194,0.94563,0.05437
88.68000,1.01194,0.94203,0.05797
88.80000,1.01193,0.93647,0.06353
88.92000,1.01194,0.93286,0.06714
89.04000,1.01194,0.93701,0.06299
89.16000,1.01193,0.95774,0.04226
89.28000,1.01194,0.96606,0.03394
89.40000,1.01193,0.97478,0.02522
89.52000,1.01194,0.97146,0.02854
89.64000,1.01194,0.98122,0.01878
89.76000,1.01193,0.98796,0.01204
89.88000,1.01194,0.99210,0.00790
90.00000,1.01194,0.98461,0.01539
90.12000,1.01193,0.98568,0.01432
90.24000,1.01194,0.98359,0.01641
90.36000,1.01194,0.98346,0.01654
90.48000,1.01193,0.97998,0.02002
90.60000,1.01194,0.97061,0.02939
90.72000,1.01194,0.97861,0.02139
90.84000,1.01194,0.97501,0.02499
90.96000,1.01194,0.95113,0.04887
91.08000,1.01193,0.97715,0.02285
91.20000,1.01194,0.97450,0.02550
91.32000,1.01194,0.98097,0.01903
91.44000,1.01193,0.98789,0.01211
91.56000,1.01194,0.97661,0.02339
91.68000,1.01194,0.99166,0.00834
91.80000,1.01193,0.98986,0.01014
91.92000,1.01194,0.98760,0.01240
92.04000,1.01194,0.98390,0.01610
92.16000,1.01193,0.97673,0.02327
92.28000,1.01194,0.99185,0.00815
92.40000,1.01193,0.98502,0.01498
92.52000,1.01194,0.99174,0.00826
92.64000,1.01194,0.98154,0.01846
92.76000,1.01193,0.98346,0.01654
92.88000,1.01194,0.97647,0.02353
93.00000,1.01194,0.98130,0.01870
93.12000,1.01193,0.97589,0.02411
93.24000,1.01194,0.97084,0.02916
93.36000,1.01194,0.96408,0.03592
93.48000,1.01193,0.97321,0.02679
93.60000,1.01194,0.96975,0.03025
93.72000,1.01194,0.95303,0.04697
93.84000,1.01194,0.92944,0.07056
93.96000,1.01194,0.95091,0.04909
94.08000,1.01193,0.94052,0.05948
94.20000,1.01194,0.96307,0.03693
94.32000,1.01194,0.94116,0.05884
94.44000,1.01193,0.97515,0.02485
94.56000,1.01194,0.96695,0.03305
94.68000,1.01194,0.98275,0.01725
94.80000,1.01193,0.94915,0.05085
94.92000,1.01194,0.97258,0.02742
95.04000,1.01194,0.94910,0.05090
95.16000,1.01193,0.96673,0.03327
95.28000,1.01194,0.95180,0.04820
95.40000,1.01193,0.95899,0.04101
95.52000,1.01194,0.97102,0.02898
95.64000,1.01194,0.96694,0.03306
95.76000,1.01193,0.96053,0.03947
95.88000,1.01194,0.96468,0.03532
96.00000,1.01194,0.95821,0.04179
96.12000,1.01193,0.95878,0.04122
96.24000,1.01194,0.95892,0.04108
96.36000,1.01194,0.95539,0.04461
96.48000,1.01193,0.96861,0.03139
96.60000,1.01194,0.96738,0.03262
96.72000,1.01194,0.96562,0.03438
96.84000,1.01194,0.98110,0.01890
96.96000,1.01194,0.97189,0.02811
97.08000,1.01193,0.98255,0.01745
97.20000,1.01194,0.98242,0.01758
97.32000,1.01194,0.97775,0.02225
97.44000,1.01193,0.98090,0.01910
97.56000,1.01194,0.97835,0.02165
97.68000,1.01194,0.98305,0.01695
97.80000,1.01193,0.97300,0.02700
97.92000,1.01194,0.98204,0.01796
98.04000,1.01194,0.97733,0.02267
98.16000,1.01193,0.97113,0.02887
98.28000,1.01194,0.98242,0.01758
98.40000,1.01193,0.96306,0.03694
98.52000,1.01194,0.97363,0.02637
98.64000,1.01194,0.95361,0.04639
98.76000,1.01193,0.97191,0.02809
98.88000,1.01194,0.95769,0.04231
99.00000,1.01194,0.94034,0.05965
99.12000,1.01193,0.95502,0.04498
99.24000,1.01194,0.92716,0.07284
99.36000,1.01194,0.93523,0.06477
99.48000,1.01193,0.94473,0.05527
99.60000,1.01194,0.95331,0.04669
99.72000,1.01194,0.89527,0.10473
99.84000,1.01194,0.96138,0.03862
99.96000,1.01194,0.96700,0.03300
100.08000,1.01193,0.97165,0.02835
100.20000,1.01194,0.95828,0.04172
100.32000,1.01194,0.96710,0.03290
100.44000,1.01193,0.93031,0.06969
100.56000,1.01194,0.95641,0.04359
100.68000,1.01194,0.97162,0.02838
100.80000,1.01193,0.93657,0.06343
100.92000,1.01194,0.97518,0.02482
101.04000,1.01194,0.94995,0.05005
101.16000,1.01193,0.97013,0.02987
101.28000,1.01194,0.85378,0.14622
101.40000,1.01193,0.96610,0.03390
101.52000,1.01194,0.82785,0.17215
101.64000,1.01194,0.85679,0.14321
101.76000,1.01193,0.75987,0.24013
101.88000,1.01194,0.97382,0.02618
102.00000,1.01194,0.93095,0.06905
102.12000,1.01193,0.98691,0.01309
102.24000,1.01194,0.96600,0.03400
102.36000,1.01194,0.98939,0.01061
102.48000,1.01193,0.97729,0.02271
102.60000,1.01194,0.99212,0.00788
102.72000,1.01194,0.98263,0.01737
102.84000,1.01194,0.99168,0.00832
102.96000,1.01194,0.97931,0.02069
103.08000,1.01193,0.99017,0.00983
103.20000,1.01194,0.97458,0.02542
103.32000,1.01194,0.99075,0.00925
103.44000,1.01193,0.98306,0.01694
103.56000,1.01194,0.99059,0.00941
103.68000,1.01194,0.98802,0.01198
103.80000,1.01193,0.99185,0.00815
103.92000,1.01194,0.98770,0.01230
104.04000,1.01194,0.99502,0.00497
104.16000,1.01193,0.98799,0.01201
104.28000,1.01194,0.99366,0.00634
104.40000,1.01193,0.98859,0.01141
104.52000,1.01194,0.99089,0.00911
104.64000,1.01194,0.98903,0.01097
104.76000,1.01193,0.98187,0.01813
104.88000,1.01194,0.98840,0.01160
105.00000,1.01194,0.98729,0.01271
105.12000,1.01193,0.97245,0.02755
105.24000,1.01194,0.98043,0.01957
105.36000,1.01194,0.97235,0.02765
105.48000,1.01193,0.97659,0.02341
105.60000,1.01194,0.98356,0.01644
105.72000,1.01194,0.98377,0.01623
105.84000,1.01194,0.97666,0.02334
105.96000,1.01194,0.98778,0.01222
106.08000,1.01193,0.97532,0.02468
106.20000,1.01194,0.97248,0.02752
106.32000,1.01194,0.97239,0.02761
106.44000,1.01193,0.96932,0.03068
106.56000,1.01194,0.96533,0.03467
106.68000,1.01194,0.92012,0.07988
106.80000,1.01193,0.96306,0.03694
106.92000,1.01194,0.95404,0.04596
107.04000,1.01194,0.96542,0.03458
107.16000,1.01193,0.98792,0.01208
107.28000,1.01194,0.97369,0.02631
107.40000,1.01193,0.99559,0.00441
107.52000,1.01194,0.99401,0.00599
107.64000,1.01194,0.99648,0.00352
107.76000,1.01193,0.99393,0.00607
107.88000,1.01194,0.98819,0.01181
108.00000,1.01194,0.99071,0.00929
108.12000,1.01193,0.98165,0.01835
108.24000,1.01194,0.98992,0.01008
108.36000,1.01194,0.98896,0.01104
108.48000,1.01193,0.99504,0.00496
108.60000,1.01194,0.98819,0.01181
108.72000,1.01194,0.99636,0.00364
108.84000,1.01194,0.99300,0.00700
108.96000,1.01194,0.99497,0.00503
109.08000,1.01193,0.99236,0.00764
109.20000,1.01194,0.99469,0.00531
109.32000,1.01194,0.98699,0.01301
109.44000,1.01193,0.99235,0.00765
109.56000,1.01194,0.99254,0.00746
109.68000,1.01194,0.99203,0.00797
109.80000,1.01193,0.99129,0.00871
109.92000,1.01194,0.99320,0.00680
110.04000,1.01194,0.99074,0.00925
110.16000,1.01193,0.99532,0.00468
110.28000,1.01194,0.99469,0.00531
110.40000,1.01193,0.99648,0.00352
110.52000,1.01194,0.99592,0.00408
110.64000,1.01194,0.99665,0.00335
110.76000,1.01193,0.99726,0.00274
110.88000,1.01194,0.99621,0.00379
111.00000,1.01194,0.99767,0.00233
111.12000,1.01193,0.99548,0.00452
111.24000,1.01194,0.99135,0.00865
111.36000,1.01194,0.99351,0.00649
111.48000,1.01193,0.98758,0.01242
111.60000,1.01194,0.99217,0.00783
111.72000,1.01194,0.98983,0.01017
111.84000,1.01194,0.99340,0.00660
111.96000,1.01194,0.99323,0.00677
112.08000,1.01193,0.99593,0.00407
112.20000,1.01194,0.99549,0.00451
112.32000,1.01194,0.99323,0.00677
112.44000,1.01193,0.99707,0.00293
112.56000,1.01194,0.99177,0.00823
112.68000,1.01194,0.99664,0.00336
112.80000,1.01193,0.99185,0.00815
112.92000,1.01194,0.99457,0.00543
113.04000,1.01194,0.99227,0.00773
113.16000,1.01193,0.98935,0.01065
113.28000,1.01194,0.99053,0.00947
113.40000,1.01193,0.98310,0.01690
113.52000,1.01194,0.98618,0.01382
113.64000,1.01194,0.98379,0.01621
113.76000,1.01193,0.98144,0.01856
113.88000,1.01194,0.98740,0.01260
114.00000,1.01194,0.97930,0.02070
114.12000,1.01193,0.98230,0.01770
114.24000,1.01194,0.98924,0.01076
114.36000,1.01194,0.99237,0.00763
114.48000,1.01193,0.98615,0.01385
114.60000,1.01194,0.98489,0.01511
114.72000,1.01194,0.98855,0.01145
114.84000,1.01194,0.98627,0.01373
114.96000,1.01194,0.99240,0.00760
115.08000,1.01193,0.98065,0.01935
115.20000,1.01194,0.99612,0.00388
115.32000,1.01194,0.98898,0.01102
115.44000,1.01193,0.98871,0.01129
115.56000,1.01194,0.98531,0.01469
115.68000,1.01194,0.99455,0.00545
115.80000,1.01193,0.99370,0.00630
115.92000,1.01194,0.98979,0.01021
116.04000,1.01194,0.98678,0.01322
116.16000,1.01193,0.98877,0.01123
116.28000,1.01194,0.99166,0.00834
116.40000,1.01193,0.99302,0.00698
116.52000,1.01194,0.98880,0.01120
116.64000,1.01194,0.98950,0.01050
116.76000,1.01193,0.98935,0.01065
116.88000,1.01194,0.98714,0.01286
117.00000,1.01194,0.99110,0.00890
117.12000,1.01193,0.99136,0.00864
117.24000,1.01194,0.97872,0.02128
117.36000,1.01194,0.97100,0.02900
117.48000,1.01193,0.97848,0.02152
117.60000,1.01194,0.97228,0.02772
117.72000,1.01194,0.97387,0.02613
117.84000,1.01194,0.98696,0.01304
117.96000,1.01194,0.97881,0.02119
118.08000,1.01193,0.98012,0.01988
118.20000,1.01194,0.97207,0.02793
118.32000,1.01194,0.98426,0.01574
118.44000,1.01193,0.96945,0.03055
118.56000,1.01194,0.98330,0.01670
118.68000,1.01194,0.96342,0.03658
118.80000,1.01193,0.98089,0.01911
118.92000,1.01194,0.97359,0.02641
119.04000,1.01194,0.98691,0.01309
119.16000,1.01193,0.95728,0.04272
119.28000,1.01194,0.99093,0.00907
119.40000,1.01193,0.96340,0.03660
119.52000,1.01194,0.99138,0.00862
119.64000,1.01194,0.95777,0.04223
119.76000,1.01193,0.99283,0.00717
119.88000,1.01194,0.97480,0.02520
120.00000,1.01194,0.99479,0.00521
120.12000,1.01193,0.96334,0.03666
120.24000,1.01194,0.99248,0.00752
120.36000,1.01194,0.98664,0.01336
120.48000,1.01193,0.98206,0.01794
120.60000,1.01194,0.97502,0.02498
120.72000,1.01194,0.98349,0.01651
120.84000,1.01194,0.99000,0.01000
120.96000,1.01194,0.97803,0.02197
121.08000,1.01193,0.98250,0.01750
121.20000,1.01194,0.97789,0.02211
121.32000,1.01194,0.98180,0.01820
121.44000,1.01193,0.97632,0.02368
121.56000,1.01194,0.96829,0.03171
121.68000,1.01194,0.94198,0.05802
121.80000,1.01193,0.98077,0.01923
121.92000,1.01194,0.97874,0.02126
122.04000,1.01194,0.98992,0.01008
122.16000,1.01193,0.96140,0.03860
122.28000,1.01194,0.98274,0.01726
122.40000,1.01193,0.98630,0.01370
122.52000,1.01194,0.99291,0.00709
122.64000,1.01194,0.97742,0.02258
122.76000,1.01193,0.99398,0.00602
122.88000,1.01194,0.98107,0.01893
123.00000,1.01194,0.98828,0.01172
123.12000,1.01193,0.98596,0.01404
123.24000,1.01194,0.98484,0.01516
123.36000,1.01194,0.98427,0.01573
123.48000,1.01193,0.98029,0.01971
123.60000,1.01194,0.98379,0.01621
123.72000,1.01194,0.98428,0.01572
123.84000,1.01194,0.97691,0.02309
123.96000,1.01194,0.98918,0.01082
124.08000,1.01193,0.98685,0.01315
124.20000,1.01194,0.99295,0.00705
124.32000,1.01194,0.98217,0.01783
124.44000,1.01193,0.98536,0.01464
124.56000,1.01194,0.98570,0.01430
124.68000,1.01194,0.98607,0.01393
124.80000,1.01193,0.98583,0.01417
124.92000,1.01194,0.98853,0.01147
125.04000,1.01194,0.98980,0.01020
125.16000,1.01193,0.98008,0.01992
125.28000,1.01194,0.98799,0.01201
125.40000,1.01193,0.98533,0.01467
125.52000,1.01194,0.98502,0.01498
125.64000,1.01194,0.98745,0.01255
125.76000,1.01193,0.98070,0.01930
125.88000,1.01194,0.98403,0.01597
126.00000,1.01194,0.97578,0.02422
126.12000,1.01193,0.97405,0.02595
126.24000,1.01194,0.98275,0.01725
126.36000,1.01194,0.97146,0.02854
126.48000,1.01193,0.96557,0.03443
126.60000,1.01194,0.96291,0.03709
126.72000,1.01194,0.97077,0.02923
126.84000,1.01194,0.98464,0.01536
126.96000,1.01194,0.97760,0.02240
127.08000,1.01193,0.98655,0.01345
127.20000,1.01195,0.96991,0.03009
127.32000,1.01194,0.98595,0.01405
127.44000,1.01193,0.98423,0.01577
127.56000,1.01193,0.98947,0.01053
127.68000,1.01194,0.98463,0.01537
127.80000,1.01193,0.99285,0.00715
127.92000,1.01193,0.98934,0.01066
128.03999,1.01195,0.99672,0.00328
128.16000,1.01193,0.99487,0.00513
128.28000,1.01193,0.99741,0.00259
128.39999,1.01195,0.99091,0.00909
128.52000,1.01193,0.99364,0.00636
128.64000,1.01193,0.99119,0.00881
128.75999,1.01195,0.99424,0.00576
128.88000,1.01193,0.99009,0.00991
129.00000,1.01193,0.99416,0.00584
129.12000,1.01195,0.99411,0.00589
129.24001,1.01193,0.99441,0.00559
129.36000,1.01193,0.99466,0.00534
129.48000,1.01195,0.99223,0.00777
129.60001,1.01193,0.99193,0.00807
129.72000,1.01193,0.98036,0.01964
129.84000,1.01195,0.99487,0.00513
129.96001,1.01193,0.99288,0.00712
130.08000,1.01193,0.99538,0.00462
130.20000,1.01195,0.99147,0.00853
130.32001,1.01193,0.99569,0.00431
130.44000,1.01193,0.99439,0.00561
130.56000,1.01193,0.99545,0.00455
130.67999,1.01195,0.98822,0.01178
130.80000,1.01193,0.99146,0.00854
130.92000,1.01193,0.98628,0.01372
131.03999,1.01195,0.99241,0.00759
131.16000,1.01193,0.99108,0.00892
131.28000,1.01193,0.98512,0.01488
131.39999,1.01195,0.99211,0.00789
131.52000,1.01193,0.98753,0.01247
131.64000,1.01193,0.98975,0.01025
131.75999,1.01195,0.97746,0.02254
131.88000,1.01193,0.96760,0.03240
132.00000,1.01193,0.97725,0.02275
132.12000,1.01195,0.97093,0.02907
132.24001,1.01193,0.97968,0.02032
132.36000,1.01193,0.98053,0.01947
132.48000,1.01195,0.98770,0.01230
132.60001,1.01193,0.99104,0.00896
132.72000,1.01193,0.98877,0.01123
132.84000,1.01195,0.99020,0.00980
132.96001,1.01193,0.98505,0.01495
133.08000,1.01193,0.98984,0.01016
133.20000,1.01195,0.99417,0.00583
