Time (seconds), Duration (seconds),pred_unlabeled,pred_sirens
0.00000,1.01194,0.90392,0.09608
0.12000,1.01194,0.92581,0.07419
0.24000,1.01194,0.91082,0.08918
0.36000,1.01194,0.85407,0.14593
0.48000,1.01194,0.83760,0.16240
0.60000,1.01194,0.61912,0.38088
0.72000,1.01194,0.05541,0.94459
0.84000,1.01194,0.01972,0.98028
0.96000,1.01194,0.05078,0.94922
1.08000,1.01194,0.00588,0.99412
1.20000,1.01194,0.00240,0.99760
1.32000,1.01194,0.04523,0.95477
1.44000,1.01194,0.04115,0.95885
1.56000,1.01194,0.00436,0.99564
1.68000,1.01194,0.01131,0.98869
1.80000,1.01194,0.05269,0.94731
1.92000,1.01194,0.01967,0.98033
2.04000,1.01194,0.05905,0.94095
2.16000,1.01194,0.04659,0.95341
2.28000,1.01194,0.09594,0.90406
2.40000,1.01194,0.22028,0.77972
2.52000,1.01194,0.35799,0.64201
2.64000,1.01194,0.08950,0.91050
2.76000,1.01194,0.00983,0.99017
2.88000,1.01194,0.02317,0.97683
3.00000,1.01194,0.02075,0.97925
3.12000,1.01194,0.01914,0.98086
3.24000,1.01194,0.03201,0.96799
3.36000,1.01194,0.07858,0.92142
3.48000,1.01194,0.08474,0.91526
3.60000,1.01194,0.07696,0.92304
3.72000,1.01194,0.19113,0.80887
3.84000,1.01194,0.05801,0.94199
3.96000,1.01194,0.10666,0.89334
4.08000,1.01194,0.04082,0.95918
4.20000,1.01194,0.03545,0.96455
4.32000,1.01194,0.00779,0.99221
4.44000,1.01194,0.02866,0.97134
4.56000,1.01194,0.03112,0.96888
4.68000,1.01194,0.03685,0.96315
4.80000,1.01194,0.06877,0.93123
4.92000,1.01194,0.01082,0.98918
5.04000,1.01194,0.02607,0.97393
5.16000,1.01194,0.03372,0.96628
5.28000,1.01194,0.13836,0.86164
5.40000,1.01194,0.00991,0.99009
5.52000,1.01194,0.00207,0.99793
5.64000,1.01194,0.00381,0.99619
5.76000,1.01194,0.00856,0.99144
5.88000,1.01194,0.00218,0.99782
6.00000,1.01194,0.01139,0.98861
6.12000,1.01194,0.00576,0.99424
6.24000,1.01194,0.00187,0.99813
6.36000,1.01194,0.00119,0.99881
6.48000,1.01194,0.01500,0.98500
6.60000,1.01194,0.00823,0.99177
6.72000,1.01194,0.00332,0.99668
6.84000,1.01194,0.00419,0.99581
6.96000,1.01194,0.00591,0.99409
7.08000,1.01194,0.02304,0.97696
7.20000,1.01194,0.11958,0.88042
7.32000,1.01194,0.12487,0.87513
7.44000,1.01194,0.04894,0.95106
7.56000,1.01194,0.01452,0.98548
7.68000,1.01194,0.00138,0.99862
7.80000,1.01194,0.00701,0.99299
7.92000,1.01194,0.00558,0.99442
8.04000,1.01194,0.00641,0.99359
8.16000,1.01194,0.00378,0.99622
8.28000,1.01194,0.00603,0.99397
8.40000,1.01194,0.00917,0.99083
8.52000,1.01194,0.00597,0.99403
8.64000,1.01194,0.01353,0.98647
8.76000,1.01194,0.00562,0.99438
8.88000,1.01194,0.00427,0.99573
9.00000,1.01194,0.00254,0.99746
9.12000,1.01194,0.00568,0.99432
9.24000,1.01194,0.00610,0.99390
9.36000,1.01194,0.00520,0.99480
9.48000,1.01194,0.00241,0.99759
9.60000,1.01194,0.00253,0.99747
9.72000,1.01194,0.00729,0.99271
9.84000,1.01194,0.01808,0.98192
9.96000,1.01194,0.01997,0.98003
10.08000,1.01194,0.00400,0.99600
10.20000,1.01194,0.00177,0.99823
10.32000,1.01194,0.00542,0.99458
10.44000,1.01194,0.00577,0.99423
10.56000,1.01194,0.00422,0.99578
10.68000,1.01194,0.06281,0.93719
10.80000,1.01194,0.01345,0.98655
10.92000,1.01194,0.00124,0.99876
11.04000,1.01194,0.01791,0.98209
11.16000,1.01194,0.03224,0.96776
11.28000,1.01194,0.03816,0.96184
11.40000,1.01194,0.02226,0.97774
11.52000,1.01194,0.12331,0.87669
11.64000,1.01194,0.14520,0.85480
11.76000,1.01194,0.62473,0.37527
11.88000,1.01194,0.58290,0.41710
12.00000,1.01194,0.59153,0.40847
12.12000,1.01194,0.22869,0.77131
12.24000,1.01194,0.02435,0.97565
12.36000,1.01194,0.01267,0.98733
12.48000,1.01194,0.01365,0.98635
12.60000,1.01194,0.01466,0.98534
12.72000,1.01194,0.00674,0.99326
12.84000,1.01194,0.00386,0.99614
12.96000,1.01194,0.00186,0.99814
13.08000,1.01194,0.00144,0.99856
13.20000,1.01194,0.00191,0.99809
13.32000,1.01194,0.00106,0.99894
13.44000,1.01194,0.00255,0.99745
13.56000,1.01194,0.00234,0.99766
13.68000,1.01194,0.00153,0.99847
13.80000,1.01194,0.00117,0.99883
13.92000,1.01194,0.00242,0.99758
14.04000,1.01194,0.01468,0.98532
14.16000,1.01194,0.00795,0.99205
14.28000,1.01194,0.01174,0.98826
14.40000,1.01194,0.03008,0.96992
14.52000,1.01194,0.04786,0.95214
14.64000,1.01194,0.05498,0.94502
14.76000,1.01194,0.01433,0.98567
14.88000,1.01194,0.01882,0.98118
15.00000,1.01194,0.00733,0.99267
15.12000,1.01194,0.01472,0.98528
15.24000,1.01194,0.01620,0.98380
15.36000,1.01194,0.01474,0.98526
15.48000,1.01194,0.00096,0.99904
15.60000,1.01194,0.00377,0.99623
15.72000,1.01194,0.03390,0.96610
15.84000,1.01194,0.03661,0.96339
15.96000,1.01194,0.06321,0.93679
16.08000,1.01194,0.04580,0.95420
16.20000,1.01194,0.05221,0.94779
16.32000,1.01194,0.09867,0.90133
16.44000,1.01194,0.17406,0.82594
16.56000,1.01194,0.07807,0.92193
16.68000,1.01194,0.01983,0.98017
16.80000,1.01194,0.00401,0.99599
16.92000,1.01194,0.00340,0.99660
17.04000,1.01194,0.01003,0.98997
17.16000,1.01194,0.01692,0.98308
17.28000,1.01194,0.00862,0.99138
17.40000,1.01194,0.00615,0.99385
17.52000,1.01194,0.00363,0.99637
17.64000,1.01194,0.00188,0.99812
17.76000,1.01194,0.00534,0.99466
17.88000,1.01194,0.00257,0.99743
18.00000,1.01194,0.00349,0.99651
18.12000,1.01194,0.00110,0.99890
18.24000,1.01194,0.00570,0.99430
18.36000,1.01194,0.00776,0.99224
18.48000,1.01194,0.01314,0.98686
18.60000,1.01194,0.00677,0.99323
18.72000,1.01194,0.00516,0.99484
18.84000,1.01194,0.00401,0.99599
18.96000,1.01194,0.00340,0.99660
19.08000,1.01194,0.00293,0.99707
19.20000,1.01194,0.00206,0.99794
19.32000,1.01194,0.00160,0.99840
19.44000,1.01194,0.00210,0.99790
19.56000,1.01194,0.01037,0.98963
19.68000,1.01194,0.00297,0.99703
19.80000,1.01194,0.03456,0.96544
19.92000,1.01194,0.00746,0.99254
20.04000,1.01194,0.00978,0.99022
20.16000,1.01194,0.04340,0.95660
20.28000,1.01194,0.08621,0.91379
20.40000,1.01194,0.04953,0.95047
20.52000,1.01194,0.33693,0.66307
20.64000,1.01194,0.19000,0.81000
20.76000,1.01194,0.67570,0.32430
20.88000,1.01194,0.53897,0.46103
21.00000,1.01194,0.56100,0.43900
21.12000,1.01194,0.30198,0.69802
21.24000,1.01194,0.04541,0.95459
21.36000,1.01194,0.00762,0.99238
21.48000,1.01194,0.00116,0.99884
21.60000,1.01194,0.01066,0.98934
21.72000,1.01194,0.00947,0.99053
21.84000,1.01194,0.02173,0.97827
21.96000,1.01194,0.02782,0.97218
22.08000,1.01194,0.01590,0.98410
22.20000,1.01194,0.01404,0.98596
22.32000,1.01194,0.02739,0.97261
22.44000,1.01194,0.01277,0.98723
22.56000,1.01194,0.01405,0.98595
22.68000,1.01194,0.01716,0.98284
22.80000,1.01194,0.04192,0.95808
22.92000,1.01194,0.09277,0.90723
23.04000,1.01194,0.08438,0.91562
23.16000,1.01194,0.02754,0.97246
23.28000,1.01194,0.01474,0.98526
23.40000,1.01194,0.03142,0.96858
23.52000,1.01194,0.06448,0.93552
23.64000,1.01194,0.01271,0.98729
23.76000,1.01194,0.00277,0.99723
23.88000,1.01194,0.00172,0.99828
24.00000,1.01194,0.00407,0.99593
24.12000,1.01194,0.00461,0.99539
24.24000,1.01194,0.00355,0.99645
24.36000,1.01194,0.01155,0.98845
24.48000,1.01194,0.00342,0.99658
24.60000,1.01194,0.00131,0.99869
24.72000,1.01194,0.00873,0.99127
24.84000,1.01194,0.02489,0.97511
24.96000,1.01194,0.01821,0.98179
25.08000,1.01194,0.01155,0.98845
25.20000,1.01194,0.00566,0.99434
25.32000,1.01194,0.01588,0.98412
25.44000,1.01194,0.02495,0.97505
25.56000,1.01194,0.13915,0.86085
25.68000,1.01194,0.04895,0.95105
25.80000,1.01194,0.00397,0.99603
25.92000,1.01194,0.00078,0.99922
26.04000,1.01194,0.00073,0.99927
26.16000,1.01194,0.00706,0.99294
26.28000,1.01194,0.00692,0.99308
26.40000,1.01194,0.01819,0.98181
26.52000,1.01194,0.04012,0.95988
26.64000,1.01194,0.02118,0.97882
26.76000,1.01194,0.01443,0.98557
26.88000,1.01194,0.04586,0.95414
27.00000,1.01194,0.01009,0.98991
27.12000,1.01194,0.01605,0.98395
27.24000,1.01194,0.00271,0.99729
27.36000,1.01194,0.00239,0.99761
27.48000,1.01194,0.00189,0.99811
27.60000,1.01194,0.00151,0.99849
27.72000,1.01194,0.00062,0.99938
27.84000,1.01194,0.00067,0.99933
27.96000,1.01194,0.00034,0.99966
28.08000,1.01194,0.00250,0.99750
28.20000,1.01194,0.00169,0.99831
28.32000,1.01194,0.00044,0.99956
28.44000,1.01194,0.00068,0.99932
28.56000,1.01194,0.00063,0.99937
28.68000,1.01194,0.00065,0.99935
28.80000,1.01194,0.00322,0.99678
28.92000,1.01194,0.04069,0.95931
29.04000,1.01194,0.00309,0.99691
29.16000,1.01194,0.00244,0.99756
29.28000,1.01194,0.00256,0.99744
29.40000,1.01194,0.01319,0.98681
29.52000,1.01194,0.01105,0.98895
29.64000,1.01194,0.01140,0.98860
29.76000,1.01194,0.00128,0.99872
29.88000,1.01194,0.00216,0.99784
30.00000,1.01194,0.00149,0.99851
30.12000,1.01194,0.01638,0.98362
30.24000,1.01194,0.00679,0.99321
30.36000,1.01194,0.00601,0.99399
30.48000,1.01194,0.00232,0.99768
30.60000,1.01194,0.00094,0.99906
30.72000,1.01194,0.00405,0.99595
30.84000,1.01194,0.00312,0.99688
30.96000,1.01194,0.00327,0.99673
31.08000,1.01194,0.00414,0.99586
31.20000,1.01194,0.00652,0.99348
31.32000,1.01194,0.01768,0.98232
31.44000,1.01194,0.00336,0.99664
31.56000,1.01194,0.01104,0.98896
31.68000,1.01194,0.00431,0.99569
31.80000,1.01194,0.00538,0.99462
31.92000,1.01194,0.00181,0.99819
32.04000,1.01194,0.00393,0.99607
32.16000,1.01194,0.00791,0.99209
32.28000,1.01194,0.00223,0.99777
32.40000,1.01194,0.00919,0.99081
32.52000,1.01194,0.01127,0.98873
32.64000,1.01194,0.04450,0.95550
32.76000,1.01194,0.11897,0.88103
32.88000,1.01194,0.33599,0.66401
33.00000,1.01194,0.10502,0.89498
33.12000,1.01194,0.01801,0.98199
33.24000,1.01194,0.02412,0.97588
33.36000,1.01194,0.03129,0.96871
33.48000,1.01194,0.01464,0.98536
33.60000,1.01194,0.03195,0.96805
33.72000,1.01194,0.13114,0.86886
33.84000,1.01194,0.22977,0.77023
33.96000,1.01194,0.36704,0.63296
34.08000,1.01194,0.70314,0.29686
34.20000,1.01194,0.80109,0.19891
34.32000,1.01194,0.30274,0.69726
34.44000,1.01194,0.80615,0.19385
34.56000,1.01194,0.47014,0.52986
34.68000,1.01194,0.72802,0.27198
34.80000,1.01194,0.52993,0.47007
34.92000,1.01194,0.71162,0.28838
35.04000,1.01194,0.47454,0.52546
35.16000,1.01194,0.44577,0.55423
35.28000,1.01194,0.45726,0.54274
35.40000,1.01194,0.71744,0.28256
35.52000,1.01194,0.84667,0.15333
35.64000,1.01194,0.88879,0.11121
35.76000,1.01194,0.90667,0.09333
35.88000,1.01194,0.93730,0.06270
36.00000,1.01194,0.97106,0.02894
36.12000,1.01194,0.94014,0.05986
36.24000,1.01194,0.91759,0.08241
36.36000,1.01194,0.77703,0.22297
36.48000,1.01194,0.87762,0.12238
36.60000,1.01194,0.72125,0.27875
36.72000,1.01194,0.83000,0.17000
36.84000,1.01194,0.87745,0.12255
36.96000,1.01194,0.92706,0.07294
37.08000,1.01194,0.92639,0.07361
37.20000,1.01194,0.92129,0.07871
37.32000,1.01194,0.92106,0.07894
37.44000,1.01194,0.91333,0.08667
37.56000,1.01194,0.89284,0.10716
37.68000,1.01194,0.88027,0.11973
37.80000,1.01194,0.88586,0.11414
37.92000,1.01194,0.86963,0.13037
38.04000,1.01194,0.88698,0.11302
38.16000,1.01194,0.86528,0.13472
38.28000,1.01194,0.90891,0.09109
38.40000,1.01194,0.84851,0.15149
38.52000,1.01194,0.94805,0.05195
38.64000,1.01194,0.88444,0.11556
38.76000,1.01194,0.94275,0.05725
38.88000,1.01194,0.88296,0.11704
39.00000,1.01194,0.90520,0.09480
39.12000,1.01194,0.83442,0.16558
39.24000,1.01194,0.82719,0.17281
39.36000,1.01194,0.91428,0.08572
39.48000,1.01194,0.91072,0.08928
39.60000,1.01194,0.93450,0.06550
39.72000,1.01194,0.91864,0.08136
39.84000,1.01194,0.93929,0.06071
39.96000,1.01194,0.93623,0.06377
40.08000,1.01194,0.93651,0.06349
40.20000,1.01194,0.92636,0.07364
40.32000,1.01194,0.89846,0.10154
40.44000,1.01194,0.91154,0.08846
40.56000,1.01194,0.90053,0.09947
40.68000,1.01194,0.90739,0.09261
40.80000,1.01194,0.91019,0.08981
40.92000,1.01194,0.92722,0.07278
41.04000,1.01194,0.88855,0.11145
41.16000,1.01194,0.85808,0.14192
41.28000,1.01194,0.86296,0.13704
41.40000,1.01194,0.86599,0.13401
41.52000,1.01194,0.87259,0.12741
41.64000,1.01194,0.90240,0.09760
41.76000,1.01194,0.87975,0.12025
41.88000,1.01194,0.91498,0.08502
42.00000,1.01194,0.90226,0.09774
42.12000,1.01194,0.90312,0.09688
42.24000,1.01194,0.84209,0.15791
42.36000,1.01194,0.85816,0.14184
42.48000,1.01194,0.89356,0.10644
42.60000,1.01194,0.81129,0.18871
42.72000,1.01194,0.87305,0.12695
42.84000,1.01194,0.85566,0.14434
42.96000,1.01194,0.91366,0.08634
43.08000,1.01194,0.89022,0.10978
43.20000,1.01194,0.87256,0.12744
43.32000,1.01194,0.94619,0.05381
43.44000,1.01194,0.89899,0.10101
43.56000,1.01194,0.91131,0.08869
43.68000,1.01194,0.88841,0.11159
43.80000,1.01194,0.93471,0.06529
43.92000,1.01194,0.90429,0.09571
44.04000,1.01194,0.90503,0.09497
44.16000,1.01194,0.92471,0.07529
44.28000,1.01194,0.92539,0.07461
44.40000,1.01194,0.93592,0.06408
44.52000,1.01194,0.90402,0.09598
44.64000,1.01194,0.84461,0.15539
44.76000,1.01194,0.89731,0.10269
44.88000,1.01194,0.91125,0.08875
45.00000,1.01194,0.90043,0.09957
45.12000,1.01194,0.85698,0.14302
45.24000,1.01194,0.90203,0.09797
45.36000,1.01194,0.87215,0.12785
45.48000,1.01194,0.88092,0.11908
45.60000,1.01194,0.90336,0.09664
45.72000,1.01194,0.92208,0.07792
45.84000,1.01194,0.93919,0.06081
45.96000,1.01194,0.94358,0.05642
46.08000,1.01194,0.93938,0.06062
46.20000,1.01194,0.96511,0.03489
46.32000,1.01194,0.93564,0.06436
46.44000,1.01194,0.93106,0.06894
